# Format: McCode with text headers
# URL: http://www.mccode.org
# Creator: McStas 2.5 - Feb. 24, 2020
# Instrument: /zhome/89/0/38697/once/McStas-2.5_CPU_MPICC/BTsimple/BTsimple.instr
# Ncount: 1000000
# Trace: no
# Gravitation: no
# Seed: 1582672684
# Directory: 1
# Nodes: 10
# Param: lambda=10
# Param: dlambda=9.9
# Param: maxhd=3
# Param: maxvd=3
# Param: gw=0.1
# Param: gh=0.1
# Param: gL=50
# Param: gm=6
# Param: delta1=0
# Param: delta2=0
# Date: Tue Feb 25 21:14:24 2020 (1582661664)
# type: array_1d(101)
# Source: BTsimple (/zhome/89/0/38697/once/McStas-2.5_CPU_MPICC/BTsimple/BTsimple.instr)
# component: BTsimple
# position: 0 0 0
# title: Brilliance transfer
# Ncount: 10000000
# filename: Brilliance_transfer.dat
# statistics: X0=10.6882; dX=5.21836;
# signal: Min=0.000598213; Max=0.0886083; Mean=0.0748362;
# values: 7.55846 0.58761 326745
# xvar: L
# yvar: (I,I_err)
# xlabel: Wavelength [AA]
# ylabel: BT
# xlimits: 0.1 19.9
# variables: L I I_err N
0.198019802 0.0008438160354 0.2964183627 7 
0.3940594059 0.0005982131429 0.180157327 46 
0.5900990099 0.006211137552 0.07578572853 577 
0.7861386139 0.01195530757 0.06008118778 1330 
0.9821782178 0.02060769502 0.05404073049 2129 
1.178217822 0.0295831209 0.05123915352 2839 
1.374257426 0.03963535962 0.04977359384 3370 
1.57029703 0.04427938998 0.04908668118 3439 
1.766336634 0.05148635556 0.04866852074 3564 
1.962376238 0.05620098049 0.04870338322 3564 
2.158415842 0.05729306533 0.04853356959 3488 
2.354455446 0.06073656958 0.0485841909 3454 
2.55049505 0.06238739062 0.04851803297 3428 
2.746534653 0.0673761157 0.04837922067 3511 
2.942574257 0.0713582675 0.04867315799 3448 
3.138613861 0.06995315673 0.04826632317 3478 
3.334653465 0.07179840256 0.04828831853 3465 
3.530693069 0.07500286723 0.04836591737 3466 
3.726732673 0.07423080758 0.04865926915 3335 
3.922772277 0.07377418639 0.04832021407 3391 
4.118811881 0.07438563958 0.04860781131 3301 
4.314851485 0.0780685474 0.04833240412 3432 
4.510891089 0.08038281772 0.04835885383 3455 
4.706930693 0.08010721943 0.04838603136 3423 
4.902970297 0.08184360568 0.04825255559 3479 
5.099009901 0.08085741652 0.04833453976 3423 
5.295049505 0.08095421103 0.04830016775 3423 
5.491089109 0.08556373988 0.04836531539 3484 
5.687128713 0.08183403633 0.04821989336 3452 
5.883168317 0.08667097708 0.04813011112 3563 
6.079207921 0.08362227944 0.04808009188 3511 
6.275247525 0.08206159205 0.048458532 3369 
6.471287129 0.08481121079 0.04816880264 3497 
6.667326733 0.0865231233 0.04824719721 3506 
6.863366337 0.08533885221 0.04855397614 3394 
7.059405941 0.0857330283 0.04780950948 3616 
7.255445545 0.0838720754 0.04828538267 3436 
7.451485149 0.0850325215 0.04849604051 3397 
7.647524752 0.0853843413 0.04812245725 3507 
7.843564356 0.08470340021 0.04851866605 3380 
8.03960396 0.08373186353 0.04839027139 3398 
8.235643564 0.08313877087 0.04831707962 3408 
8.431683168 0.08524526339 0.04829427282 3452 
8.627722772 0.08844029962 0.04804263461 3586 
8.823762376 0.08172052447 0.04807718321 3446 
9.01980198 0.08265960294 0.04849691523 3347 
9.215841584 0.07969268766 0.04845803136 3304 
9.411881188 0.08393424329 0.04807976418 3486 
9.607920792 0.0844767018 0.0484531079 3392 
9.803960396 0.08061801338 0.04807094753 3427 
10 0.08860832346 0.04816639797 3551 
10.1960396 0.0866201024 0.04839135888 3449 
10.39207921 0.08416751768 0.04819904197 3459 
10.58811881 0.08771884523 0.04839044581 3470 
10.78415842 0.08444768731 0.04811257286 3488 
10.98019802 0.0835451155 0.04850980741 3358 
11.17623762 0.08253317363 0.04812541668 3448 
11.37227723 0.08499268175 0.04814605809 3490 
11.56831683 0.08724571963 0.0480446931 3564 
11.76435644 0.08437022254 0.04826278171 3443 
11.96039604 0.08622896686 0.0483068037 3466 
12.15643564 0.08553047198 0.04849635794 3399 
12.35247525 0.08300840451 0.04796971249 3504 
12.54851485 0.08569800399 0.04850213754 3402 
12.74455446 0.08154247158 0.04829818823 3382 
12.94059406 0.08313778904 0.04839285596 3386 
13.13663366 0.08093430543 0.04872619363 3253 
13.33267327 0.08252770275 0.04832649729 3392 
13.52871287 0.08367847113 0.0483616602 3405 
13.72475248 0.08025183917 0.0484753012 3310 
13.92079208 0.08263785692 0.04822706927 3425 
14.11683168 0.0831593607 0.04847911119 3363 
14.31287129 0.08106634031 0.0484711732 3325 
14.50891089 0.08479348753 0.04837250132 3423 
14.7049505 0.08281599676 0.04840455531 3378 
14.9009901 0.08272715271 0.04831487383 3402 
15.0970297 0.0799412815 0.0485198592 3293 
15.29306931 0.08327793161 0.04870540771 3304 
15.48910891 0.08199307392 0.04860633231 3306 
15.68514851 0.0783713218 0.04857078901 3250 
15.88118812 0.08272069503 0.04864736675 3309 
16.07722772 0.08110955694 0.04870220853 3264 
16.27326733 0.07995662954 0.04882200133 3214 
16.46930693 0.07514558211 0.04878956146 3133 
16.66534653 0.07813817001 0.04883428299 3177 
16.86138614 0.0764536048 0.04862347047 3200 
17.05742574 0.07605174331 0.04883046196 3139 
17.25346535 0.07565126782 0.04916646893 3049 
17.44950495 0.08158073166 0.04869248173 3277 
17.64554455 0.07600373075 0.04904913437 3084 
17.84158416 0.07851493198 0.0490576745 3127 
18.03762376 0.07434972422 0.04894061201 3082 
18.23366337 0.0768837302 0.04882882347 3157 
18.42970297 0.07691884877 0.04866332172 3201 
18.62574257 0.07504483146 0.04911593935 3050 
18.82178218 0.07447518449 0.04900060343 3070 
19.01782178 0.07425010129 0.04899782692 3066 
19.21386139 0.07541910496 0.04887385812 3119 
19.40990099 0.07343148493 0.04905725343 3037 
19.60594059 0.07428465942 0.04879606961 3119 
19.8019802 0.07778365642 0.04888357682 3160 
