# Format: McCode with text headers
# URL: http://www.mccode.org
# Creator: McStas 2.5 - Nov. 19, 2019
# Instrument: /zhome/89/0/38697/TESTS/2019-11-20/McStas-2.5_CPU_MPICC/BTsimple/BTsimple.instr
# Ncount: 1000000
# Trace: no
# Gravitation: no
# Seed: 1574226484
# Directory: 1
# Nodes: 10
# Param: lambda=10
# Param: dlambda=9.9
# Param: maxhd=3
# Param: maxvd=3
# Param: gw=0.1
# Param: gh=0.1
# Param: gL=50
# Param: gm=6
# Param: delta1=0
# Param: delta2=0
# Date: Wed Nov 20 00:58:57 2019 (1574207937)
# type: array_1d(101)
# Source: BTsimple (/zhome/89/0/38697/TESTS/2019-11-20/McStas-2.5_CPU_MPICC/BTsimple/BTsimple.instr)
# component: BT_in
# position: 0 0 2
# title: Wavelength monitor
# Ncount: 10000000
# filename: BT_in.dat
# statistics: X0=2.89934; dX=1.87256;
# signal: Min=12.6685; Max=5.98687e+10; Mean=8.15751e+09;
# values: 8.23908e+11 2.7241e+09 401289
# xvar: L
# yvar: (I,I_err)
# xlabel: Wavelength [AA]
# ylabel: Intensity
# xlimits: 0.1 19.9
# variables: L I I_err N
0.198019802 12.66850897 0.8411584372 3983 
0.3940594059 88736993.53 2752319.494 3967 
0.5900990099 5122167526 98597072.01 3905 
0.7861386139 1.988944484e+10 321465726 3992 
0.9821782178 3.285769268e+10 522603346.4 4005 
1.178217822 4.598467928e+10 734352419.1 3948 
1.374257426 5.753751359e+10 903132957.3 4063 
1.57029703 5.986869307e+10 939377804.8 4062 
1.766336634 5.59426988e+10 883232716.5 4014 
1.962376238 5.061386704e+10 804182795.8 3964 
2.158415842 4.516337698e+10 727495126.3 3856 
2.354455446 4.243861023e+10 679781186.7 3899 
2.55049505 4.037221158e+10 641588931.6 3961 
2.746534653 3.859736721e+10 606249966.4 4055 
2.942574257 3.490293625e+10 555287224.2 3953 
3.138613861 3.365534418e+10 522050745 4159 
3.334653465 3.001450418e+10 469985815 4082 
3.530693069 2.612154014e+10 415678302.7 3953 
3.726732673 2.341896181e+10 371803986.4 3972 
3.922772277 2.111771837e+10 332737495.6 4033 
4.118811881 1.795021347e+10 288288992.5 3882 
4.314851485 1.621062336e+10 257100685.9 3981 
4.510891089 1.438163345e+10 227104868.9 4016 
4.706930693 1.218844468e+10 195839698.1 3879 
4.902970297 1.107403161e+10 174870364.5 4016 
5.099009901 9826379567 154287334.6 4062 
5.295049505 8442118828 133997030 3975 
5.491089109 7524451985 118655173.5 4027 
5.687128713 6643163132 104598929.2 4039 
5.883168317 5785061183 91586235.32 3995 
6.079207921 5059474431 80462176.94 3959 
6.275247525 4580897228 71999978.05 4053 
6.471287129 4029950722 63550743.18 4026 
6.667326733 3523837632 55972679.15 3968 
6.863366337 3029985761 48949638.2 3836 
7.059405941 2732958900 43854378.85 3888 
7.255445545 2480376382 39481685.29 3951 
7.451485149 2231010073 35399690.77 3976 
7.647524752 1943384897 31275059.32 3865 
7.843564356 1792741861 28448443.2 3975 
8.03960396 1610740215 25556833.3 3976 
8.235643564 1450448317 23019053.54 3974 
8.431683168 1294501882 20666274.74 3927 
8.627722772 1187459569 18811903.71 3988 
8.823762376 1060123380 16911098.71 3933 
9.01980198 963592784.9 15361281.56 3938 
9.215841584 896635830.1 14111975.29 4040 
9.411881188 811850889.2 12807759.26 4021 
9.607920792 723517211.1 11542424.67 3932 
9.803960396 660504683.9 10533033.78 3935 
10 617401518.8 9734821.654 4025 
10.1960396 568465115.4 8936544.525 4049 
10.39207921 508587198 8091658.408 3953 
10.58811881 474515116.5 7488240.488 4018 
10.78415842 428641621.1 6817052.101 3956 
10.98019802 401198916.8 6327932.778 4022 
11.17623762 364518169.8 5787607.15 3969 
11.37227723 341375149 5380266.344 4028 
11.56831683 305587406 4888969.994 3909 
11.76435644 285414360.7 4544737.331 3946 
11.96039604 261055656.1 4182374.279 3898 
12.15643564 247188752.2 3915692.431 3987 
12.35247525 228192275.6 3624788.604 3965 
12.54851485 208753039.1 3338761.843 3911 
12.74455446 202097856.7 3168150.985 4071 
12.94059406 182847950.3 2906628.212 3959 
13.13663366 171996848 2719407.957 4002 
13.33267327 158702017 2522454.923 3960 
13.52871287 152735853.8 2389583.531 4087 
13.72475248 142550820.2 2231597.89 4082 
13.92079208 130726416.3 2065030.807 4009 
14.11683168 120904209.5 1920920.393 3963 
14.31287129 112692456.7 1794750.791 3944 
14.50891089 109789502.8 1714293.293 4103 
14.7049505 99904826.64 1584262.384 3978 
14.9009901 93076396.16 1480820.06 3952 
15.0970297 87669043.39 1392675.053 3964 
15.29306931 81000036.61 1297912.64 3896 
15.48910891 79017958.25 1243068.803 4042 
15.68514851 73073911.33 1159636.862 3972 
15.88118812 69126257.14 1094787.401 3988 
16.07722772 63713493.22 1020248.807 3901 
16.27326733 62525480.32 981542.2851 4059 
16.46930693 57719733.68 916080.9707 3971 
16.66534653 54068068.46 861710.4717 3938 
16.86138614 52465463.92 825134.6599 4044 
17.05742574 48630576.14 772498.4163 3964 
17.25346535 45499731.49 726810.2012 3920 
17.44950495 42304168.55 681877.6816 3850 
17.64554455 41243463.15 655151.8753 3964 
17.84158416 38594362.55 617051.0913 3913 
18.03762376 35339529.38 574864.9887 3780 
18.23366337 34220369.44 551001.9099 3858 
18.42970297 33395079.68 530206.7164 3968 
18.62574257 31560221.41 502467.7524 3946 
18.82178218 30479492.95 481373.6225 4010 
19.01782178 28506998.66 453913.6934 3945 
19.21386139 27297043.62 433113.198 3973 
19.40990099 25756139.69 410424.3876 3939 
19.60594059 24368115.15 389642.0671 3912 
19.8019802 23535746.86 373713.9888 3967 
