# Format: McCode with text headers
# URL: http://www.mccode.org
# Creator: McStas 2.5 - Feb. 26, 2020
# Instrument: /zhome/89/0/38697/once/McStas-2.5_CPU_MPICC/BTsimple/BTsimple.instr
# Ncount: 2500000
# Trace: no
# Gravitation: no
# Seed: 1582957235
# Directory: 1
# Nodes: 4
# Param: lambda=10
# Param: dlambda=9.9
# Param: maxhd=3
# Param: maxvd=3
# Param: gw=0.1
# Param: gh=0.1
# Param: gL=50
# Param: gm=6
# Param: delta1=0
# Param: delta2=0
# Date: Wed Feb 26 19:29:59 2020 (1582741799)
# type: array_1d(101)
# Source: BTsimple (/zhome/89/0/38697/once/McStas-2.5_CPU_MPICC/BTsimple/BTsimple.instr)
# component: BT_out
# position: 0 0 54
# title: Wavelength monitor
# Ncount: 10000000
# filename: BT_out.dat
# statistics: X0=3.38605; dX=1.98183;
# signal: Min=1.72342e-06; Max=2.78417e+10; Mean=4.75508e+09;
# values: 4.80263e+11 1.67075e+09 325376
# xvar: L
# yvar: (I,I_err)
# xlabel: Wavelength [AA]
# ylabel: Intensity
# xlimits: 0.1 19.9
# variables: L I I_err N
0.198019802 1.723420227e-06 1.926842391e-06 4 
0.3940594059 735632.3307 221894.152 48 
0.5900990099 314304649.5 17588134.22 579 
0.7861386139 2539026365 78149692.07 1428 
0.9821782178 6614274525 163431540.7 2074 
1.178217822 1.333219896e+10 281637833.7 2793 
1.374257426 2.093416164e+10 400193457.6 3240 
1.57029703 2.599456794e+10 469584544.8 3456 
1.766336634 2.784172909e+10 490857557.3 3506 
1.962376238 2.770557601e+10 482871190.7 3527 
2.158415842 2.663563228e+10 464622467.1 3490 
2.354455446 2.589554365e+10 453599101 3414 
2.55049505 2.610011281e+10 449085148.4 3518 
2.746534653 2.53467477e+10 436513077.7 3484 
2.942574257 2.412170014e+10 414959922.1 3477 
3.138613861 2.294018273e+10 393220939.9 3482 
3.334653465 2.049020493e+10 357661707.5 3343 
3.530693069 2.005977544e+10 338432085.5 3571 
3.726732673 1.692536041e+10 295899086.2 3316 
3.922772277 1.614478984e+10 274376566.5 3501 
4.118811881 1.412020115e+10 242450286.5 3424 
4.314851485 1.250165595e+10 215355547.5 3396 
4.510891089 1.126350051e+10 193001830.9 3428 
4.706930693 9862512631 169654138.3 3398 
4.902970297 8747465373 150100617.9 3413 
5.099009901 8139345646 136245534.3 3584 
5.295049505 7055900636 119102613.6 3522 
5.491089109 6176391115 104701800.6 3490 
5.687128713 5473880156 92665666.08 3499 
5.883168317 4736711953 81033368.69 3425 
6.079207921 4274031024 72464405.49 3486 
6.275247525 3900509415 65169487.07 3589 
6.471287129 3353694011 56911124.59 3479 
6.667326733 2920190246 50085130.12 3405 
6.863366337 2635162354 44923935.43 3446 
7.059405941 2325565712 39835120.94 3413 
7.255445545 2007537509 34995814.47 3295 
7.451485149 1904033120 32240398.2 3492 
7.647524752 1714208787 28942286.43 3512 
7.843564356 1539071652 26010589.81 3505 
8.03960396 1342171802 23026538.57 3401 
8.235643564 1230411595 20928166.05 3460 
8.431683168 1115151879 18931495.47 3473 
8.627722772 1011396012 17130441.04 3489 
8.823762376 889297420.8 15285074.91 3388 
9.01980198 833520688.5 14097016.16 3499 
9.215841584 745513318.2 12706765.66 3445 
9.411881188 687239246.7 11636045.08 3491 
9.607920792 622709756.9 10567539.91 3475 
9.803960396 556008904 9539045.555 3400 
10 504956275.5 8688698.948 3380 
10.1960396 464350890.8 7966374.267 3400 
10.39207921 419859735.4 7254351.772 3352 
10.58811881 396527426.2 6756130.658 3447 
10.78415842 355180649.7 6127667.9 3362 
10.98019802 327625297.5 5642138.091 3374 
11.17623762 298611280.6 5171619.92 3336 
11.37227723 284696761.7 4847025.891 3452 
11.56831683 268707335.9 4525892.255 3527 
11.76435644 241651956.1 4126137.641 3432 
11.96039604 222196511.5 3806113.797 3410 
12.15643564 196177262 3442658.393 3249 
12.35247525 188249385.4 3246535.823 3364 
12.54851485 173616284.6 3004465.736 3341 
12.74455446 163099626 2807358.362 3377 
12.94059406 156080551.6 2648401.403 3475 
13.13663366 141578465.3 2432946.987 3388 
13.33267327 132924531.5 2276831.466 3410 
13.52871287 121607403.7 2103110.297 3345 
13.72475248 112560438.6 1955132.489 3316 
13.92079208 105460839.4 1829613.287 3324 
14.11683168 101582096.6 1736387.484 3424 
14.31287129 95204064.19 1626166.886 3429 
14.50891089 87240072.76 1507146.351 3352 
14.7049505 78934792.95 1387668.759 3237 
14.9009901 76400554.87 1322637.136 3338 
15.0970297 69589463.01 1223176.912 3238 
15.29306931 64297625.04 1139701.835 3184 
15.48910891 62168266.36 1086874.934 3273 
15.68514851 58001381.68 1018691.967 3243 
15.88118812 55331958.39 965289.9018 3287 
16.07722772 49920297.79 890039.449 3147 
16.27326733 49028460.09 856358.673 3279 
16.46930693 44076911.62 789114.4238 3121 
16.66534653 41446909.53 743454.2892 3109 
16.86138614 40918377.21 718096.5151 3248 
17.05742574 37827380.15 671331.3869 3176 
17.25346535 34916604.15 627323.5906 3099 
17.44950495 33793837.65 600317.7372 3170 
17.64554455 31949218.6 567997.9083 3165 
17.84158416 29242678.78 529153.2886 3055 
18.03762376 28019220.98 504216.7248 3089 
18.23366337 26368149.46 476434.1324 3064 
18.42970297 25819308.33 459373.7576 3160 
18.62574257 24088032.33 432351.663 3105 
18.82178218 22264041.77 404997.9751 3023 
19.01782178 21668564.64 389616.4867 3094 
19.21386139 20462650.81 369185.318 3073 
19.40990099 19178305.7 348688.0471 3026 
19.60594059 18498370.04 334127.9384 3066 
19.8019802 17644273.04 318594.2807 3068 
