# Format: McCode with text headers
# URL: http://www.mccode.org
# Creator: McStas 2.5 - Feb. 24, 2020
# Instrument: /zhome/89/0/38697/once/McStas-2.5_CPU_MPICC/ISIS_HET/ISIS_HET.instr
# Ncount: 1000000
# Trace: no
# Gravitation: no
# Seed: 1582679075
# Directory: 1
# Nodes: 10
# Param: Emin=443
# Param: Emax=470
# Param: nu_chop=600
# Param: type=2
# Date: Tue Feb 25 21:30:19 2020 (1582662619)
# type: array_1d(100)
# Source: ISIS_HET (/zhome/89/0/38697/once/McStas-2.5_CPU_MPICC/ISIS_HET/ISIS_HET.instr)
# component: cyl
# position: 0 0 11.8
# title:  Intensity Time_Of_Flight Angle Monitor (Banana) [out] per bin
# Ncount: 10000000
# filename: det_out.dat
# statistics: X0=0.00153492; dX=1.22922e-05;
# signal: Min=0.418564; Max=3806.45; Mean=1931.96;
# values: 193196 200.961 4.47363e+06
# xvar: TOF
# yvar: (I,Ierr)
# xlabel: TOF [s]
# ylabel: Y
# xlimits: 0.0015089 0.00157908
# variables: TOF I I_err N
# Data [cyl/det_out.dat] I:
0.001509249323 74.06285213 3.935647104 1691 
0.001509951124 329.3121757 8.297318452 7706 
0.001510652924 723.7042737 12.29980488 17472 
0.001511354724 1081.061323 15.03276443 26233 
0.001512056524 1421.047525 17.2352221 34351 
0.001512758324 1637.601454 18.50184405 39899 
0.001513460124 1824.854496 19.53102111 44340 
0.001514161925 1898.318021 19.92012895 47218 
0.001514863725 2052.492077 20.71337999 49935 
0.001515565525 2137.227995 21.13661882 52006 
0.001516267325 2230.315513 21.59209716 53522 
0.001516969125 2308.772681 21.96859509 55345 
0.001517670926 2373.421958 22.27404742 56869 
0.001518372726 2444.549429 22.60537569 58234 
0.001519074526 2470.90902 22.72693533 58752 
0.001519776326 2572.986324 23.1917269 60214 
0.001520478126 2625.709464 23.42813131 61434 
0.001521179927 2664.410409 23.6001752 62142 
0.001521881727 2747.044156 23.96337825 63714 
0.001522583527 2817.135103 24.26715074 65460 
0.001523285327 2905.191427 24.64359933 66450 
0.001523987127 2951.864152 24.84068768 68252 
0.001524688927 3021.937182 25.13386024 69234 
0.001525390728 3053.959995 25.26662417 70493 
0.001526092528 3148.937841 25.65653648 72375 
0.001526794328 3188.272575 25.81627352 73357 
0.001527496128 3312.088369 26.31294419 74450 
0.001528197928 3290.78631 26.22803805 75590 
0.001528899729 3374.031854 26.55779453 76515 
0.001529601529 3463.14091 26.906272 77809 
0.001530303329 3461.286971 26.89895496 79000 
0.001531005129 3547.461864 27.23182934 80001 
0.001531706929 3613.361547 27.4836126 81361 
0.00153240873 3614.841339 27.48918083 82035 
0.00153311053 3703.105709 27.82285328 82977 
0.00153381233 3777.995301 28.10281489 84257 
0.00153451413 3773.817147 28.08724789 84440 
0.00153521593 3806.44557 28.20844073 84776 
0.001535917731 3764.199521 28.05141142 84485 
0.001536619531 3738.268762 27.95458014 84401 
0.001537321331 3737.00444 27.9498867 83993 
0.001538023131 3678.425408 27.72995587 82738 
0.001538724931 3637.202925 27.57416799 81504 
0.001539426731 3604.982837 27.45176865 80744 
0.001540128532 3544.119449 27.21897792 80157 
0.001540830332 3434.296064 26.79388007 78306 
0.001541532132 3356.477916 26.48853859 76992 
0.001542233932 3394.943813 26.64000649 76591 
0.001542935732 3284.291151 26.2021799 75062 
0.001543637533 3266.500542 26.13114629 74341 
0.001544339333 3178.226541 25.77558388 72980 
0.001545041133 3138.887838 25.61559336 71826 
0.001545742933 3127.778798 25.57030992 70707 
0.001546444733 3026.555167 25.15299275 69991 
0.001547146534 2994.535975 25.01962563 68877 
0.001547848334 2928.851768 24.7436647 67808 
0.001548550134 2869.645436 24.49228491 66544 
0.001549251934 2764.420032 24.03899823 64597 
0.001549953734 2724.476702 23.86461924 64406 
0.001550655534 2667.147244 23.61221628 62949 
0.001551357335 2570.517488 23.18040609 61951 
0.001552059135 2557.942773 23.12373724 60733 
0.001552760935 2494.130956 22.83348733 59252 
0.001553462735 2439.116633 22.58020993 58416 
0.001554164535 2303.151617 21.94170051 56422 
0.001554866336 2115.695669 21.02978618 52244 
0.001555568136 1892.020303 19.88717156 46196 
0.001556269936 1560.824027 18.06287786 38390 
0.001556971736 1175.650715 15.67647688 29391 
0.001557673536 827.9168755 13.15541181 20817 
0.001558375337 571.8225295 10.93314189 14435 
0.001559077137 374.7338458 8.850729514 9666 
0.001559778937 267.5988025 7.479540791 6546 
0.001560480737 171.3624826 5.98541724 4495 
0.001561182537 122.6092754 5.063117469 3142 
0.001561884337 92.27016513 4.39245814 2338 
0.001562586138 79.71057097 4.082928245 1770 
0.001563287938 50.00894816 3.234004741 1399 
0.001563989738 41.42888971 2.943785262 1112 
0.001564691538 32.43165075 2.604860173 868 
0.001565393338 29.91927418 2.502183136 735 
0.001566095139 23.43400009 2.214695063 607 
0.001566796939 17.57632039 1.91831607 490 
0.001567498739 14.22866139 1.726287956 406 
0.001568200539 12.34541387 1.608257427 350 
0.001568902339 14.01687333 1.714059387 291 
0.00156960414 6.696605387 1.185288169 223 
0.00157030594 6.904967398 1.20395206 192 
0.00157100774 4.395032457 0.9609194053 163 
0.00157170954 5.440138471 1.069383387 145 
0.00157241134 3.975855046 0.914743428 122 
0.00157311314 2.929493651 0.7863300099 86 
0.001573814941 2.302147529 0.6971846046 85 
0.001574516741 0.628798979 0.364991828 63 
0.001575218541 1.674085941 0.5963128052 53 
0.001575920341 1.673984373 0.5966365173 49 
0.001576622141 0.6278767613 0.3690452332 24 
0.001577323942 0.4185643214 0.3047669711 15 
0.001578025742 0.836934795 0.4263249794 22 
0.001578727542 0.6276901559 0.3718996235 16 
