# Format: McCode with text headers
# URL: http://www.mccode.org
# Creator: McStas 2.5 - Feb. 26, 2020
# Instrument: /zhome/89/0/38697/once/McStas-2.5_CPU_MPICC/ISIS_HET/ISIS_HET.instr
# Ncount: 2500000
# Trace: no
# Gravitation: no
# Seed: 1582959818
# Directory: 1
# Nodes: 4
# Param: Emin=443
# Param: Emax=470
# Param: nu_chop=600
# Param: type=2
# Date: Wed Feb 26 19:38:02 2020 (1582742282)
# type: array_1d(100)
# Source: ISIS_HET (/zhome/89/0/38697/once/McStas-2.5_CPU_MPICC/ISIS_HET/ISIS_HET.instr)
# component: monFC
# position: 0 0 9.8
# title: TOF [s] monitor
# Ncount: 10000000
# filename: FC_mon2.dat
# statistics: X0=0.00105262; dX=9.63512e-06;
# signal: Min=0.880541; Max=88342; Mean=22013.1;
# values: 2.20131e+06 696.122 9.99981e+06
# xvar: t
# yvar: (I,I_err)
# xlabel: TOF [s]
# ylabel: Intensity [n/s/bin]
# xlimits: 0.00103417 0.0011574
# variables: t I I_err N
0.001034782026 7591.139898 40.87880361 34484 
0.001036014339 35626.44965 88.55864274 161839 
0.001037246653 60674.96594 115.571154 275626 
0.001038478966 74142.83332 127.7554007 336806 
0.001039711279 80277.11892 132.935376 364672 
0.001040943593 82487.71592 134.7532717 374714 
0.001042175906 82784.67821 134.995615 376063 
0.00104340822 83572.98212 135.6368293 379644 
0.001044640533 84731.55332 136.5737591 384907 
0.001045872847 85660.30344 137.3202178 389126 
0.00104710516 86050.82316 137.6328788 390900 
0.001048337474 86718.05275 138.1654443 393931 
0.001049569787 86842.64923 138.2646667 394497 
0.001050802101 87175.05328 138.529029 396007 
0.001052034414 87403.77369 138.7106386 397046 
0.001053266727 87479.72031 138.7708896 397391 
0.001054499041 87656.26868 138.9108502 398193 
0.001055731354 87807.28138 139.0304553 398879 
0.001056963668 87937.60138 139.1335887 399471 
0.001058195981 87748.28517 138.9837413 398611 
0.001059428295 88202.20381 139.3427565 400673 
0.001060660608 88297.08205 139.4176812 401104 
0.001061892922 88341.98962 139.4531303 401308 
0.001063125235 86970.10748 138.3660945 395076 
0.001064357549 78382.41584 131.3572361 356065 
0.001065589862 63012.14064 117.7759989 286243 
0.001066822175 46513.89302 101.1896338 211297 
0.001068054489 34082.2017 86.61806957 154824 
0.001069286802 25674.14033 75.17832317 116629 
0.001070519116 16968.45626 61.11753726 77082 
0.001071751429 10098.69919 47.1495332 45875 
0.001072983743 5937.26465 36.15246241 26971 
0.001074216056 3737.674409 28.68437641 16979 
0.00107544837 2577.562263 23.82041161 11709 
0.001076680683 1932.34619 20.62467658 8778 
0.001077912996 1473.80471 18.01211244 6695 
0.00107914531 1144.042282 15.86959038 5197 
0.001080377623 979.8214733 14.6864948 4451 
0.001081609937 802.3925568 13.29040223 3645 
0.00108284225 665.6886397 12.10543088 3024 
0.001084074564 599.2078298 11.48506399 2722 
0.001085306877 503.008777 10.52282774 2285 
0.001086539191 449.736075 9.950010569 2043 
0.001087771504 387.8781029 9.240432752 1762 
0.001089003818 332.8443198 8.559832261 1512 
0.001090236131 310.8308066 8.271927266 1412 
0.001091468444 272.0870234 7.739244979 1236 
0.001092700758 248.9728345 7.403220098 1131 
0.001093933071 215.2921593 6.884284126 978 
0.001095165385 195.0397271 6.55248778 886 
0.001096397698 176.9886463 6.241908285 804 
0.001097630012 151.0127007 5.765691704 686 
0.001098862325 144.1885116 5.633911346 655 
0.001100094639 122.8354037 5.200037292 558 
0.001101326952 114.6904039 5.024677822 521 
0.001102559266 99.50107974 4.680137107 452 
0.001103791579 91.79635011 4.495286605 417 
0.001105023892 84.75202588 4.319363196 385 
0.001106256206 73.30499901 4.017089201 333 
0.001107488519 74.6258098 4.053117628 339 
0.001108720833 55.69418844 3.501463627 253 
0.001109953146 56.35459384 3.522162115 256 
0.00111118546 52.61229659 3.403206556 239 
0.001112417773 41.38540485 3.018340863 188 
0.001113650087 37.42297247 2.870210966 170 
0.0011148824 38.08337787 2.895425603 173 
0.001116114714 30.8189185 2.60467401 140 
0.001117347027 21.57324295 2.179226626 98 
0.00111857934 18.05108084 1.993408404 82 
0.001119811654 19.37189163 2.065050586 88 
0.001121043967 16.06986465 1.880835394 73 
0.001122276281 16.95040518 1.931677945 77 
0.001123508594 11.22689174 1.572079291 51 
0.001124740908 8.14499989 1.339029734 37 
0.001125973221 8.14499989 1.339029734 37 
0.001127205535 5.723513436 1.122473335 26 
0.001128437848 3.962432379 0.9339542684 18 
0.001129670161 4.402702643 0.9844742395 20 
0.001130902475 1.761081057 0.6226361789 8 
0.001132134788 0.8805405287 0.4402702643 4 
0.001133367102 1.320810793 0.5392187483 6 
0.001134599415 3.08189185 0.8236702434 14 
0.001135831729 2.641621586 0.7625704669 12 
0.001137064042 1.540945925 0.5824228145 7 
0.001138296356 3.08189185 0.8236702434 14 
0.001139528669 1.320810793 0.5392187483 6 
0.001140760983 2.201351322 0.6961284107 10 
0.001141993296 2.861756718 0.7937085066 13 
0.001143225609 1.100675661 0.4922371198 5 
0.001144457923 1.320810793 0.5392187483 6 
0.001145690236 1.98121619 0.6604053965 9 
0.00114692255 2.421486454 0.7301056366 11 
0.001148154863 2.641621586 0.7625704669 12 
0.001149387177 1.98121619 0.6604053965 9 
0.00115061949 2.641621586 0.7625704669 12 
0.001151851804 2.861756718 0.7937085066 13 
0.001153084117 4.182567511 0.959546795 19 
0.001154316431 3.08189185 0.8236702434 14 
0.001155548744 3.302026983 0.8525797008 15 
0.001156781057 3.962432379 0.9339542684 18 
