# Format: McCode with text headers
# URL: http://www.mccode.org
# Creator: McStas 2.5 - Feb. 26, 2020
# Instrument: /zhome/89/0/38697/once/McStas-2.5_CPU_MPICC/ISIS_HET/ISIS_HET.instr
# Ncount: 2500000
# Trace: no
# Gravitation: no
# Seed: 1582959818
# Directory: 1
# Nodes: 4
# Param: Emin=443
# Param: Emax=470
# Param: nu_chop=600
# Param: type=2
# Date: Wed Feb 26 19:38:02 2020 (1582742282)
# type: array_1d(100)
# Source: ISIS_HET (/zhome/89/0/38697/once/McStas-2.5_CPU_MPICC/ISIS_HET/ISIS_HET.instr)
# component: monT
# position: 0 0 10.185
# title: TOF [s] monitor
# Ncount: 10000000
# filename: FC_mon.dat
# statistics: X0=0.00109389; dX=8.82359e-06;
# signal: Min=4.60082; Max=33611.1; Mean=14665.4;
# values: 1.46654e+06 553.801 7.01263e+06
# xvar: t
# yvar: (I,I_err)
# xlabel: TOF [s]
# ylabel: Intensity [n/s/bin]
# xlimits: 0.00107477 0.00113281
# variables: t I I_err N
0.001075063533 508.391081 10.31111056 2431 
0.001075643858 2250.639578 21.69499018 10762 
0.001076224184 5032.256101 32.44052317 24063 
0.001076804509 8300.514354 41.66381023 39691 
0.001077384834 10991.99655 47.94516015 52561 
0.001077965159 13336.53477 52.81143675 63772 
0.001078545484 15243.99468 56.46195041 72893 
0.001079125809 16748.46421 59.18259131 80087 
0.001079706134 17911.84537 61.20355484 85650 
0.00108028646 19006.21416 63.04552872 90883 
0.001080866785 19802.57501 64.35278039 94691 
0.00108144711 20544.56249 65.54731863 98239 
0.001082027435 21298.67941 66.73948027 101845 
0.00108260776 21884.86625 67.65165576 104648 
0.001083188085 22529.60903 68.6409538 107731 
0.001083768411 22923.81602 69.23886484 109616 
0.001084348736 23828.92362 70.59252148 113944 
0.001084929061 24411.13702 71.4497126 116728 
0.001085509386 25166.92697 72.54735388 120342 
0.001086089711 26083.74577 73.85696569 124726 
0.001086670036 26573.3153 74.5468595 127067 
0.001087250361 27207.81079 75.43159333 130101 
0.001087830687 27858.61829 76.32841928 133213 
0.001088411012 28373.91061 77.03109654 135677 
0.001088991337 29128.86405 78.04916412 139287 
0.001089571662 29756.24917 78.88520807 142287 
0.001090151987 30381.12476 79.70919187 145275 
0.001090732312 30956.22779 80.4600872 148025 
0.001091312637 31465.66452 81.11943852 150461 
0.001091892963 31941.84983 81.73094375 152738 
0.001092473288 32415.31647 82.33445498 155002 
0.001093053613 33091.42851 83.18868125 158235 
0.001093633938 33461.79486 83.65291867 160006 
0.001094214263 33611.11252 83.83935449 160720 
0.001094794588 33393.40988 83.56739533 159679 
0.001095374913 32968.87928 83.03449986 157649 
0.001095955239 32491.02094 82.43054306 155364 
0.001096535564 31927.41997 81.71248053 152669 
0.001097115889 31365.49202 80.99021173 149982 
0.001097696214 30804.81885 80.26307822 147301 
0.001098276539 30228.04279 79.50812213 144543 
0.001098856864 29840.52791 78.99684252 142690 
0.00109943719 29210.21498 78.15807578 139676 
0.001100017515 28844.44946 77.66719294 137927 
0.00110059784 28272.27422 76.89300866 135191 
0.001101178165 27884.96847 76.3645085 133339 
0.00110175849 27238.76179 75.47448579 130249 
0.001102338815 26602.38414 74.58762217 127206 
0.00110291914 25979.18158 73.7087786 124226 
0.001103499466 25379.81966 72.85355487 121360 
0.001104079791 24769.79219 71.97267817 118443 
0.001104660116 24319.74792 71.3158424 116291 
0.001105240441 23866.3576 70.64794828 114123 
0.001105820766 22908.75877 69.21612174 109544 
0.001106401091 22398.48554 68.44091536 107104 
0.001106981416 21620.31885 67.2415211 103383 
0.001107561742 19927.00639 64.55464721 95286 
0.001108142067 17229.87773 60.02713005 82389 
0.001108722392 13603.5917 53.3375762 65049 
0.001109302717 10270.0854 46.34399935 49109 
0.001109883042 7402.726238 39.34615754 35398 
0.001110463367 5301.195192 33.29610096 25349 
0.001111043693 3713.283436 27.86669936 17756 
0.001111624018 2670.360228 23.63150644 12769 
0.001112204343 1953.886413 20.21418046 9343 
0.001112784668 1492.967473 17.66980086 7139 
0.001113364993 1161.289869 15.58392325 5553 
0.001113945318 909.7084337 13.79296368 4350 
0.001114525643 729.8580307 12.35451433 3490 
0.001115105969 566.1105126 10.88070641 2707 
0.001115686294 470.1205883 9.915420059 2248 
0.001116266619 381.6592854 8.93396812 1825 
0.001116846944 337.1149414 8.396445681 1612 
0.001117427269 275.8403274 7.595132624 1319 
0.001118007594 247.817125 7.19899943 1185 
0.001118587919 204.3184229 6.536725471 977 
0.001119168245 179.0138895 6.118568779 856 
0.00111974857 150.9906872 5.619291515 722 
0.001120328895 134.4695455 5.302961211 643 
0.00112090922 113.9749647 4.882151085 545 
0.001121489545 99.75423514 4.567432665 477 
0.00112206987 88.87955961 4.311291909 425 
0.001122650195 88.04304611 4.290955513 421 
0.001123230521 78.42314083 4.049753579 375 
0.001123810846 60.01984379 3.542859358 287 
0.001124391171 56.25553303 3.429960384 269 
0.001124971496 48.51778313 3.185348517 232 
0.001125551821 40.98916161 2.927797258 196 
0.001126132146 35.34269547 2.718668882 169 
0.001126712472 31.78751309 2.578307773 152 
0.001127292797 23.84063481 2.232880031 114 
0.001127873122 24.67714832 2.271715638 118 
0.001128453447 18.8215538 1.98396597 90 
0.001129033772 17.9850403 1.939376772 86 
0.001129614097 13.80247279 1.698966955 66 
0.001130194422 11.50206066 1.550937542 55 
0.001130774748 11.0838039 1.522477555 53 
0.001131355073 8.574263398 1.33907497 41 
0.001131935398 4.600824262 0.9808990286 22 
0.001132515723 5.228209389 1.045641878 25 
