# Format: McCode with text headers
# URL: http://www.mccode.org
# Creator: McStas 2.5 - Feb. 26, 2020
# Instrument: /zhome/89/0/38697/once/McStas-2.5_CPU_MPICC/FZJ_SANS_KWS2_AnySample/FZJ_SANS_KWS2_AnySample.instr
# Ncount: 2500000
# Trace: no
# Gravitation: no
# Seed: 1582957449
# Directory: 2
# Nodes: 4
# Param: lambda=7
# Param: dlambda=0.7
# Param: FLUX=1e+08
# Param: NGblen=0.05
# Param: sample=1
# Param: Clen=10
# Param: Dlen=10
# Date: Wed Feb 26 19:30:16 2020 (1582741816)
# type: array_1d(500)
# Source: SANS_KWS2_AnySample (/zhome/89/0/38697/once/McStas-2.5_CPU_MPICC/FZJ_SANS_KWS2_AnySample/FZJ_SANS_KWS2_AnySample.instr)
# component: detector2
# position: 0 0 60.01
# title: PSD monitor radial sum
# Ncount: 10000000
# filename: PSDr.dat
# statistics: X0=0.0759171; dX=0.0258296;
# signal: Min=0; Max=21.4022; Mean=2.32167;
# values: 1160.84 18.8845 57788
# xvar: r
# yvar: (I,I_err)
# xlabel: Radius [m]
# ylabel: Intensity
# xlimits: 0.00035 0.35035
# variables: r I I_err N
0.0007 0 0 0 
0.0014 0 0 0 
0.0021 0 0 0 
0.0028 0 0 0 
0.0035 0 0 0 
0.0042 0 0 0 
0.0049 0 0 0 
0.0056 0 0 0 
0.0063 0 0 0 
0.007 0 0 0 
0.0077 0 0 0 
0.0084 0 0 0 
0.0091 0 0 0 
0.0098 0 0 0 
0.0105 0 0 0 
0.0112 0 0 0 
0.0119 0 0 0 
0.0126 0 0 0 
0.0133 0 0 0 
0.014 0 0 0 
0.0147 0 0 0 
0.0154 0 0 0 
0.0161 0 0 0 
0.0168 0 0 0 
0.0175 0 0 0 
0.0182 0 0 0 
0.0189 0 0 0 
0.0196 0 0 0 
0.0203 0 0 0 
0.021 0 0 0 
0.0217 0 0 0 
0.0224 0 0 0 
0.0231 0 0 0 
0.0238 0 0 0 
0.0245 0 0 0 
0.0252 0 0 0 
0.0259 0 0 0 
0.0266 0 0 0 
0.0273 0 0 0 
0.028 0 0 0 
0.0287 0 0 0 
0.0294 0 0 0 
0.0301 0 0 0 
0.0308 0 0 0 
0.0315 0 0 0 
0.0322 0 0 0 
0.0329 0 0 0 
0.0336 0 0 0 
0.0343 0 0 0 
0.035 0 0 0 
0.0357 0 0 0 
0.0364 0 0 0 
0.0371 0 0 0 
0.0378 1.547268919 0.9089291698 3 
0.0385 2.082857733 1.067880141 4 
0.0392 6.650948803 2.041378399 11 
0.0399 8.693459025 2.298518889 16 
0.0406 5.317604791 1.778626713 10 
0.0413 8.932392113 2.236558478 17 
0.042 6.532920675 1.695200568 16 
0.0427 8.655587176 2.075550422 19 
0.0434 11.29084384 2.451040052 23 
0.0441 7.622804929 2.111856394 14 
0.0448 7.112163015 1.747393789 18 
0.0455 8.881271373 2.195496302 18 
0.0462 10.83654963 2.457504987 21 
0.0469 12.56361319 2.507729331 28 
0.0476 13.02831055 2.644195053 27 
0.0483 14.64053454 2.719650255 31 
0.049 11.22502241 2.394929376 24 
0.0497 15.48776125 2.761114622 37 
0.0504 13.112702 2.532640778 30 
0.0511 20.02735823 3.169610921 45 
0.0518 14.69481581 2.565984102 39 
0.0525 17.50073807 2.904983437 41 
0.0532 12.72380328 2.410461233 32 
0.0539 13.34384493 2.389916215 38 
0.0546 19.50288687 3.051621454 46 
0.0553 11.67298283 2.299972535 31 
0.056 21.4021649 3.185933603 52 
0.0567 18.19248972 2.912488472 44 
0.0574 12.11455891 2.197034812 34 
0.0581 8.690130279 1.81619774 27 
0.0588 13.36474787 2.367631272 37 
0.0595 16.40437248 2.711396317 45 
0.0602 12.53002302 2.141105752 41 
0.0609 13.43458268 2.35182676 40 
0.0616 17.83550318 2.597633551 55 
0.0623 12.12439642 2.060009619 41 
0.063 14.93687762 2.361459186 49 
0.0637 14.40700381 2.291373957 47 
0.0644 13.2306776 2.320801645 40 
0.0651 8.665331211 1.775286291 29 
0.0658 10.98858714 2.030311561 40 
0.0665 10.21568584 1.876305522 40 
0.0672 10.94839694 1.822660874 46 
0.0679 14.65437534 2.155674626 58 
0.0686 12.04694348 2.07691241 41 
0.0693 14.52752396 2.179029559 56 
0.07 15.2619766 2.231759016 59 
0.0707 15.8091455 2.32894389 58 
0.0714 12.30157471 1.939085713 52 
0.0721 12.26756758 1.941232066 50 
0.0728 12.41369682 1.940537282 53 
0.0735 12.08856463 1.889250605 54 
0.0742 12.44330482 1.917033615 54 
0.0749 12.26087796 1.838045189 61 
0.0756 13.95109809 1.959056989 62 
0.0763 9.624016314 1.625669139 46 
0.077 12.55752185 1.868147096 62 
0.0777 9.998061691 1.609233559 52 
0.0784 11.56032784 1.768988415 56 
0.0791 8.11411435 1.446470868 41 
0.0798 11.43275793 1.721231007 57 
0.0805 12.81867665 1.675479767 77 
0.0812 11.58130244 1.759628062 56 
0.0819 6.730052095 1.195585253 43 
0.0826 9.556299711 1.45293406 58 
0.0833 7.739100971 1.238021158 55 
0.084 10.05879894 1.590862323 59 
0.0847 6.164611225 1.127836914 43 
0.0854 7.917209777 1.334978894 57 
0.0861 7.722087053 1.233095928 53 
0.0868 9.803185382 1.374529077 69 
0.0875 8.675723219 1.345697605 58 
0.0882 8.086552837 1.322692433 57 
0.0889 10.86632742 1.48781939 70 
0.0896 8.412662365 1.147634081 75 
0.0903 8.633561995 1.313455962 59 
0.091 7.528122131 1.187851505 55 
0.0917 5.386772729 0.8699211605 56 
0.0924 8.568872788 1.237406508 65 
0.0931 8.436559698 1.17792851 73 
0.0938 7.622052045 1.095860645 68 
0.0945 6.104447529 0.9431653126 62 
0.0952 7.144347464 1.034572085 74 
0.0959 7.15955551 1.053780879 70 
0.0966 7.622764426 1.130710091 76 
0.0973 6.07085545 0.8709574803 70 
0.098 6.680540876 0.9983372028 77 
0.0987 7.494448956 1.065831016 76 
0.0994 6.085074063 0.9020897981 67 
0.1001 5.194040694 0.829369924 61 
0.1008 5.414168125 0.7926736728 68 
0.1015 6.276045044 0.8448869768 80 
0.1022 4.615333315 0.7871138034 57 
0.1029 5.399560778 0.8557260036 69 
0.1036 6.329058995 0.8867626343 75 
0.1043 5.112378472 0.7366051987 74 
0.105 4.93291268 0.6866961443 77 
0.1057 4.812800865 0.6755937732 82 
0.1064 5.204405866 0.7144330287 92 
0.1071 3.495291696 0.5167416909 73 
0.1078 4.514166616 0.7031431725 71 
0.1085 4.489056568 0.6956857708 77 
0.1092 3.891962912 0.5599172075 76 
0.1099 4.382782133 0.6251029798 76 
0.1106 3.650304498 0.5668741506 73 
0.1113 3.387647325 0.545595427 72 
0.112 3.676621497 0.5489236007 82 
0.1127 3.723984453 0.5153422907 90 
0.1134 3.924398252 0.5958712775 83 
0.1141 3.715860913 0.5613544071 74 
0.1148 3.609682816 0.5401036298 80 
0.1155 2.885512332 0.4568389267 69 
0.1162 3.292116271 0.5410936754 74 
0.1169 2.687655757 0.4499820947 76 
0.1176 2.934076632 0.4703315895 77 
0.1183 2.937146668 0.4171413879 88 
0.119 3.002871968 0.4241096221 89 
0.1197 2.488018189 0.4171802373 70 
0.1204 2.55909646 0.3966656413 82 
0.1211 2.473868028 0.3901517411 80 
0.1218 2.599468581 0.3625754466 89 
0.1225 2.577827055 0.3834719918 91 
0.1232 3.34343551 0.4013272742 112 
0.1239 1.736842464 0.2934091797 74 
0.1246 1.777680683 0.2938856525 78 
0.1253 2.380872228 0.3698831906 82 
0.126 2.080347134 0.3235068193 89 
0.1267 1.733540837 0.2696180365 80 
0.1274 1.862935889 0.2765139305 83 
0.1281 1.641780809 0.2432755163 91 
0.1288 1.700979379 0.2481027536 89 
0.1295 2.241352108 0.3136828567 98 
0.1302 1.808979105 0.2492533117 98 
0.1309 1.685616212 0.2582878785 93 
0.1316 1.604096558 0.2604084549 81 
0.1323 1.930669881 0.2972228997 96 
0.133 1.766852853 0.2432173828 103 
0.1337 1.407920608 0.1972786967 101 
0.1344 1.259258246 0.2028957234 100 
0.1351 1.359686804 0.2035325901 88 
0.1358 1.098309884 0.1724807483 81 
0.1365 1.452457634 0.2052849551 109 
0.1372 1.451873488 0.1941747039 114 
0.1379 1.135846488 0.1745064361 85 
0.1386 1.313448537 0.1948644115 102 
0.1393 1.368442201 0.1881534335 115 
0.14 0.9119778459 0.1322744388 92 
0.1407 0.9192990341 0.1262109612 100 
0.1414 1.055203642 0.1562805296 103 
0.1421 1.053136676 0.1528558345 97 
0.1428 0.6736868623 0.1213092637 87 
0.1435 0.8864168764 0.1276524823 110 
0.1442 0.7427307415 0.117302692 88 
0.1449 0.7834225142 0.1458651839 88 
0.1456 0.7148654596 0.1210017971 105 
0.1463 0.7519877352 0.1374000472 95 
0.147 0.6932480025 0.115152573 95 
0.1477 0.7448262359 0.1102468111 109 
0.1484 0.9300884486 0.1226692181 119 
0.1491 0.593949552 0.09600000452 90 
0.1498 0.6463336209 0.09936778086 103 
0.1505 0.4532146515 0.0675465931 103 
0.1512 0.6223757375 0.08847461529 120 
0.1519 0.5659446697 0.08648490629 104 
0.1526 0.6040588396 0.1014471686 101 
0.1533 0.536842598 0.07859827466 107 
0.154 0.513990562 0.07953582426 93 
0.1547 0.4013546295 0.06054337304 93 
0.1554 0.5148588237 0.07556028629 112 
0.1561 0.3923638017 0.06273072461 111 
0.1568 0.4740181159 0.07094566127 121 
0.1575 0.3682548053 0.06270680475 106 
0.1582 0.3520936834 0.05211071519 118 
0.1589 0.4427034638 0.05806728603 130 
0.1596 0.3784651373 0.05294213035 113 
0.1603 0.3665617685 0.05691413675 123 
0.161 0.2983597501 0.05234047093 109 
0.1617 0.2721484971 0.0401575087 110 
0.1624 0.3626049457 0.05653208696 123 
0.1631 0.2956376857 0.05910524005 107 
0.1638 0.2420429287 0.04026590006 108 
0.1645 0.2324420151 0.03823822732 107 
0.1652 0.231543916 0.03654715934 102 
0.1659 0.2505493566 0.03751678623 116 
0.1666 0.2010558725 0.03295166193 105 
0.1673 0.1855104224 0.02739113627 124 
0.168 0.2133633532 0.03287676403 116 
0.1687 0.2835767234 0.04470319667 125 
0.1694 0.201327367 0.0308020603 133 
0.1701 0.2063651265 0.03280418782 124 
0.1708 0.2148691789 0.03976174584 130 
0.1715 0.1330579003 0.01906000478 118 
0.1722 0.1844022328 0.02905408191 130 
0.1729 0.1459499998 0.02101009604 126 
0.1736 0.1704692454 0.02824770344 115 
0.1743 0.1235317512 0.01993163162 124 
0.175 0.1634632273 0.02669922557 122 
0.1757 0.1252420499 0.01983454257 123 
0.1764 0.1238462916 0.02242785104 121 
0.1771 0.1319324585 0.0233077394 120 
0.1778 0.08164784429 0.01416908408 100 
0.1785 0.1347780682 0.02434335386 124 
0.1792 0.1028566068 0.01623485611 135 
0.1799 0.08972560016 0.01629956388 110 
0.1806 0.09647734147 0.01489480445 136 
0.1813 0.08916480229 0.01510472374 123 
0.182 0.08882289382 0.01356760151 142 
0.1827 0.07091144961 0.01195957953 120 
0.1834 0.09056297634 0.01557092654 155 
0.1841 0.0637943236 0.01003369372 126 
0.1848 0.0726397207 0.0112174309 127 
0.1855 0.06903972027 0.01081715241 129 
0.1862 0.06658465378 0.01053645735 137 
0.1869 0.05373857882 0.008666221068 145 
0.1876 0.04923680266 0.009997745067 117 
0.1883 0.04376766533 0.009429945925 129 
0.189 0.05880795224 0.01122969998 146 
0.1897 0.05370246174 0.008484176589 144 
0.1904 0.04589595837 0.007652520681 139 
0.1911 0.0466087858 0.00870315124 136 
0.1918 0.0433869679 0.007349803018 156 
0.1925 0.04433332716 0.008166128445 139 
0.1932 0.03786922641 0.005961821877 140 
0.1939 0.02967693839 0.004673736592 142 
0.1946 0.0376687725 0.007368852195 134 
0.1953 0.02782959507 0.004509720764 133 
0.196 0.03866231332 0.006857144603 146 
0.1967 0.02494188903 0.004457649115 125 
0.1974 0.02562753967 0.004031155699 151 
0.1981 0.0323726793 0.0058652374 144 
0.1988 0.02089203169 0.003408259275 127 
0.1995 0.02800755711 0.004857928063 155 
0.2002 0.0155013475 0.002587652356 151 
0.2009 0.02166351348 0.00376989897 141 
0.2016 0.02119195929 0.003633378218 148 
0.2023 0.01246541561 0.002220628101 144 
0.203 0.02198899413 0.004184178613 148 
0.2037 0.02411588692 0.003902551619 159 
0.2044 0.01850206968 0.003861579692 146 
0.2051 0.01568299796 0.003454452639 140 
0.2058 0.0175469592 0.002938425134 165 
0.2065 0.01095123615 0.003202502042 142 
0.2072 0.0102164629 0.002227872749 144 
0.2079 0.01331948864 0.002310179972 166 
0.2086 0.0145871105 0.00287092351 150 
0.2093 0.01276218661 0.002205254288 148 
0.21 0.009095439477 0.001951426288 150 
0.2107 0.006869441685 0.001323117086 134 
0.2114 0.008109088717 0.001608013901 133 
0.2121 0.008875307397 0.001842212778 148 
0.2128 0.00829520734 0.001302156646 152 
0.2135 0.008608952736 0.001602939586 166 
0.2142 0.007382077963 0.001538826192 137 
0.2149 0.006280782384 0.001203685254 162 
0.2156 0.006404246944 0.001173620449 153 
0.2163 0.006444075335 0.001530701181 155 
0.217 0.005999053434 0.0009514321673 166 
0.2177 0.007283147902 0.001329585044 178 
0.2184 0.004510743589 0.0008769002116 150 
0.2191 0.005545576567 0.001135001798 145 
0.2198 0.004179935847 0.0008171864208 138 
0.2205 0.005206731876 0.0008851068292 165 
0.2212 0.003507838267 0.0008460775682 142 
0.2219 0.003392286258 0.001053722434 164 
0.2226 0.003007372798 0.0005033101712 151 
0.2233 0.004810266482 0.001094315476 155 
0.224 0.002632083777 0.0004473052343 176 
0.2247 0.002695240758 0.0004956249048 134 
0.2254 0.003716133999 0.0007169936108 158 
0.2261 0.003182792251 0.0005842679516 156 
0.2268 0.002998555683 0.0006472706807 151 
0.2275 0.001862885488 0.0003887554258 169 
0.2282 0.002941127357 0.0005892828216 169 
0.2289 0.002256001841 0.0005038824903 172 
0.2296 0.001422379449 0.0002826439291 177 
0.2303 0.00224293952 0.0004336702379 163 
0.231 0.001615995981 0.0004139362245 172 
0.2317 0.002872876849 0.0006663349742 192 
0.2324 0.001769218921 0.0003292772928 173 
0.2331 0.001521513754 0.0003167725068 174 
0.2338 0.001560991009 0.0003586890031 155 
0.2345 0.001545470057 0.0003549358842 176 
0.2352 0.001096664026 0.0002130356234 151 
0.2359 0.00125006625 0.0002439838979 171 
0.2366 0.001005815919 0.0002154269495 166 
0.2373 0.000999364486 0.0001968057271 149 
0.238 0.001013452684 0.0001921873206 173 
0.2387 0.001001693871 0.0001940734877 175 
0.2394 0.0007711480265 0.0001505853398 193 
0.2401 0.0007170736425 0.0001202805484 182 
0.2408 0.0005778470606 0.0001261518772 158 
0.2415 0.0004544502842 0.0001380435877 141 
0.2422 0.0007264425836 0.0001580743924 193 
0.2429 0.0007409804929 0.0001649043887 197 
0.2436 0.0005056284454 0.0001083740816 178 
0.2443 0.0005477441603 0.0001610166039 182 
0.245 0.0004249282409 9.764670449e-05 160 
0.2457 0.0003296542669 6.872408309e-05 167 
0.2464 0.0002479219175 4.871565139e-05 144 
0.2471 0.0002945918945 7.760204535e-05 157 
0.2478 0.0004234483671 7.93706918e-05 190 
0.2485 0.0004321848499 0.0001413058884 188 
0.2492 0.0003582904631 7.335018351e-05 190 
0.2499 0.0001800248029 3.587806125e-05 168 
0.2506 0.0002890923121 4.668277483e-05 195 
0.2513 0.0001268278346 2.389027217e-05 157 
0.252 0.0002234588316 5.638006161e-05 179 
0.2527 0.0002250591019 4.905354852e-05 175 
0.2534 0.0002728580924 7.42746002e-05 198 
0.2541 0.0002320146607 4.335868265e-05 186 
0.2548 0.0002047031725 6.773404878e-05 162 
0.2555 0.0001781892308 4.025343984e-05 161 
0.2562 0.0001781402229 4.771922196e-05 182 
0.2569 0.0001207299564 2.898998459e-05 171 
0.2576 0.0001474816 3.51552879e-05 179 
0.2583 0.0001606976242 3.399215568e-05 170 
0.259 0.0001126958481 2.188815814e-05 197 
0.2597 8.708200666e-05 1.77549766e-05 170 
0.2604 0.0001319757637 2.531414776e-05 187 
0.2611 0.0001898184948 4.686133485e-05 192 
0.2618 0.000101360799 2.35026373e-05 213 
0.2625 7.917660707e-05 1.630923478e-05 185 
0.2632 0.0001032679518 2.445859557e-05 202 
0.2639 9.439834928e-05 1.908274248e-05 182 
0.2646 7.576128727e-05 1.659582167e-05 192 
0.2653 5.864492283e-05 1.378961134e-05 168 
0.266 3.088530684e-05 7.75958477e-06 182 
0.2667 4.551460825e-05 1.167283409e-05 164 
0.2674 5.714349353e-05 1.21724203e-05 192 
0.2681 5.973835758e-05 1.21334066e-05 189 
0.2688 5.658365065e-05 1.33301245e-05 174 
0.2695 3.426116003e-05 7.319482495e-06 205 
0.2702 5.879775691e-05 1.19202347e-05 207 
0.2709 4.88144523e-05 1.498041676e-05 190 
0.2716 3.176016835e-05 8.393245889e-06 182 
0.2723 3.446200202e-05 6.983090935e-06 207 
0.273 3.404395536e-05 9.480171808e-06 212 
0.2737 2.126577753e-05 4.142307656e-06 189 
0.2744 2.531296209e-05 6.872191677e-06 193 
0.2751 2.035402736e-05 4.83102814e-06 190 
0.2758 2.985461942e-05 7.734656887e-06 187 
0.2765 1.655998881e-05 4.024024054e-06 205 
0.2772 1.790152208e-05 4.075942217e-06 191 
0.2779 2.542579519e-05 4.562151902e-06 237 
0.2786 2.062002975e-05 6.219208724e-06 218 
0.2793 1.228513818e-05 3.075785869e-06 217 
0.28 1.960356579e-05 4.541748849e-06 201 
0.2807 1.601616708e-05 3.344483051e-06 200 
0.2814 1.793807814e-05 4.785021889e-06 198 
0.2821 2.085422191e-05 6.423603805e-06 210 
0.2828 8.681351446e-06 1.934729319e-06 193 
0.2835 8.997236892e-06 2.575947609e-06 193 
0.2842 8.080103765e-06 1.923649682e-06 220 
0.2849 1.036051007e-05 2.81049757e-06 204 
0.2856 8.141729094e-06 2.159538086e-06 208 
0.2863 9.798553262e-06 2.307305826e-06 215 
0.287 8.039943672e-06 2.378691177e-06 194 
0.2877 1.257500697e-05 3.539479458e-06 236 
0.2884 5.980381026e-06 1.245256206e-06 222 
0.2891 3.913583308e-06 1.170581592e-06 180 
0.2898 4.765912704e-06 1.028215816e-06 215 
0.2905 3.921050392e-06 7.891480674e-07 230 
0.2912 3.511792695e-06 8.570113419e-07 224 
0.2919 3.824756056e-06 1.179030587e-06 210 
0.2926 2.883809628e-06 1.193335639e-06 186 
0.2933 3.094110137e-06 8.166628202e-07 205 
0.294 3.942136353e-06 9.603157213e-07 216 
0.2947 2.411204861e-06 4.692728147e-07 203 
0.2954 2.725228537e-06 6.868696526e-07 228 
0.2961 4.414062053e-06 2.072510434e-06 204 
0.2968 3.596275465e-06 9.356256412e-07 214 
0.2975 2.230017668e-06 5.474588644e-07 200 
0.2982 1.631456392e-06 3.74628488e-07 221 
0.2989 2.138960124e-06 5.410699345e-07 208 
0.2996 2.19475533e-06 5.210126185e-07 219 
0.3003 1.782504418e-06 5.542718611e-07 201 
0.301 9.751012901e-07 1.938041191e-07 207 
0.3017 1.908874986e-06 5.384621336e-07 224 
0.3024 1.129596032e-06 2.553095408e-07 220 
0.3031 1.31950338e-06 2.964262206e-07 228 
0.3038 1.023177959e-06 3.219521581e-07 230 
0.3045 1.104084898e-06 2.617138988e-07 228 
0.3052 7.253694361e-07 2.087659748e-07 206 
0.3059 1.043087941e-06 3.187981421e-07 203 
0.3066 6.225581781e-07 1.546450976e-07 225 
0.3073 1.076606891e-06 3.165694801e-07 221 
0.308 8.781047813e-07 2.323615964e-07 200 
0.3087 5.189817635e-07 1.396092061e-07 206 
0.3094 6.410380405e-07 1.80652551e-07 199 
0.3101 5.223816235e-07 1.915167134e-07 197 
0.3108 4.348699555e-07 1.041620475e-07 222 
0.3115 4.859194592e-07 1.048012434e-07 213 
0.3122 3.21920943e-07 6.869994485e-08 230 
0.3129 4.104913058e-07 9.204671729e-08 223 
0.3136 3.954769483e-07 8.954107056e-08 232 
0.3143 3.260333429e-07 8.98955068e-08 204 
0.315 3.502178242e-07 1.101845819e-07 190 
0.3157 4.605899374e-07 1.759718746e-07 213 
0.3164 2.463813285e-07 5.391067746e-08 197 
0.3171 2.251064821e-07 5.678558157e-08 186 
0.3178 1.991988888e-07 6.413074491e-08 199 
0.3185 1.39157739e-07 3.350870088e-08 232 
0.3192 1.765613162e-07 5.501058617e-08 220 
0.3199 2.089364362e-07 5.829648363e-08 197 
0.3206 1.878416094e-07 8.913891606e-08 211 
0.3213 1.544017034e-07 3.62114097e-08 210 
0.322 1.3578883e-07 2.850550341e-08 199 
0.3227 6.452775815e-08 2.951170529e-08 185 
0.3234 9.197900328e-08 2.307429069e-08 180 
0.3241 6.863143612e-08 1.704246706e-08 199 
0.3248 5.721110651e-08 1.509896731e-08 207 
0.3255 7.697733873e-08 2.173434627e-08 180 
0.3262 4.135073008e-08 1.297207485e-08 182 
0.3269 4.864539567e-08 1.155949719e-08 177 
0.3276 7.057345246e-08 1.79761674e-08 176 
0.3283 3.999672704e-08 9.847266351e-09 192 
0.329 3.270614003e-08 8.511701491e-09 187 
0.3297 3.871381817e-08 1.050194585e-08 174 
0.3304 3.825028717e-08 1.197551885e-08 184 
0.3311 1.655050476e-08 5.274131286e-09 160 
0.3318 4.266240114e-08 1.300710404e-08 186 
0.3325 2.797594915e-08 8.581312353e-09 185 
0.3332 3.015456895e-08 6.992734795e-09 171 
0.3339 1.983515973e-08 5.970029336e-09 178 
0.3346 2.348337022e-08 5.099532036e-09 170 
0.3353 2.228867023e-08 6.018991377e-09 146 
0.336 1.768173086e-08 4.415412011e-09 153 
0.3367 1.304380639e-08 4.567798755e-09 155 
0.3374 1.548448759e-08 4.519357303e-09 151 
0.3381 1.869610534e-08 5.875993302e-09 164 
0.3388 5.8893958e-09 2.346367579e-09 121 
0.3395 1.685345475e-08 4.993347173e-09 157 
0.3402 1.002122159e-08 2.486681498e-09 154 
0.3409 9.74952309e-09 2.538510631e-09 140 
0.3416 6.416200824e-09 2.20846617e-09 112 
0.3423 7.208557256e-09 2.252614979e-09 139 
0.343 7.842079999e-09 2.202117871e-09 156 
0.3437 9.049495187e-09 3.36201966e-09 127 
0.3444 8.950496076e-09 2.401732592e-09 145 
0.3451 7.754125905e-09 2.669290172e-09 135 
0.3458 8.701515479e-09 3.78924838e-09 118 
0.3465 3.850972922e-09 1.535322557e-09 126 
0.3472 4.637844296e-09 1.983448593e-09 132 
0.3479 2.822938549e-09 1.053145877e-09 119 
0.3486 4.941316724e-09 1.883004242e-09 118 
0.3493 6.006582567e-09 1.759812368e-09 131 
0.35 5.171900068e-09 1.880655143e-09 105 
