# Format: McCode with text headers
# URL: http://www.mccode.org
# Creator: McStas 2.5 - Feb. 26, 2020
# Instrument: /zhome/89/0/38697/once/McStas-2.5_CPU_MPICC/FZJ_SANS_KWS2_AnySample/FZJ_SANS_KWS2_AnySample.instr
# Ncount: 2500000
# Trace: no
# Gravitation: no
# Seed: 1582957449
# Directory: 2
# Nodes: 4
# Param: lambda=7
# Param: dlambda=0.7
# Param: FLUX=1e+08
# Param: NGblen=0.05
# Param: sample=1
# Param: Clen=10
# Param: Dlen=10
# Date: Wed Feb 26 19:30:16 2020 (1582741816)
# type: array_1d(500)
# Source: SANS_KWS2_AnySample (/zhome/89/0/38697/once/McStas-2.5_CPU_MPICC/FZJ_SANS_KWS2_AnySample/FZJ_SANS_KWS2_AnySample.instr)
# component: detector2
# position: 0 0 60.01
# title: PSD monitor radial average
# Ncount: 10000000
# filename: PSDr_av.dat
# statistics: X0=0.0684102; dX=0.0226035;
# signal: Min=0; Max=89724.2; Mean=7755.85;
# values: 3.87793e+06 75038.8 57788
# xvar: r
# yvar: (I,I_err)
# xlabel: Radius [m]
# ylabel: Intensity/m^2
# xlimits: 0.00035 0.35035
# variables: r I I_err N
0.0007 0 0 0 
0.0014 0 0 0 
0.0021 0 0 0 
0.0028 0 0 0 
0.0035 0 0 0 
0.0042 0 0 0 
0.0049 0 0 0 
0.0056 0 0 0 
0.0063 0 0 0 
0.007 0 0 0 
0.0077 0 0 0 
0.0084 0 0 0 
0.0091 0 0 0 
0.0098 0 0 0 
0.0105 0 0 0 
0.0112 0 0 0 
0.0119 0 0 0 
0.0126 0 0 0 
0.0133 0 0 0 
0.014 0 0 0 
0.0147 0 0 0 
0.0154 0 0 0 
0.0161 0 0 0 
0.0168 0 0 0 
0.0175 0 0 0 
0.0182 0 0 0 
0.0189 0 0 0 
0.0196 0 0 0 
0.0203 0 0 0 
0.021 0 0 0 
0.0217 0 0 0 
0.0224 0 0 0 
0.0231 0 0 0 
0.0238 0 0 0 
0.0245 0 0 0 
0.0252 0 0 0 
0.0259 0 0 0 
0.0266 0 0 0 
0.0273 0 0 0 
0.028 0 0 0 
0.0287 0 0 0 
0.0294 0 0 0 
0.0301 0 0 0 
0.0308 0 0 0 
0.0315 0 0 0 
0.0322 0 0 0 
0.0329 0 0 0 
0.0336 0 0 0 
0.0343 0 0 0 
0.035 0 0 0 
0.0357 0 0 0 
0.0364 0 0 0 
0.0371 0 0 0 
0.0378 9393.686699 5518.236517 3 
0.0385 12413.29728 6364.291444 4 
0.0392 38923.74989 11946.88225 11 
0.0399 49976.77357 13213.67683 16 
0.0406 30038.08653 10047.10677 10 
0.0413 49594.77964 12417.90816 17 
0.042 35662.72057 9253.971872 16 
0.0427 46469.2017 11142.99576 19 
0.0434 59631.44547 12944.9192 23 
0.0441 39614.92521 10975.09826 14 
0.0448 36379.10654 8938.015719 18 
0.0455 44723.8804 11055.97497 18 
0.0462 53737.04438 12186.44855 21 
0.0469 61364.46653 12248.50449 28 
0.0476 62691.45951 12723.71015 27 
0.0483 69420.92781 12895.748 31 
0.049 52459.77987 11192.62512 24 
0.0497 71354.86353 12720.94487 37 
0.0504 59567.61357 11505.13198 30 
0.0511 89724.22405 14200.11952 45 
0.0518 64938.29165 11339.41563 39 
0.0525 76299.93074 12665.18213 41 
0.0532 54738.6454 10369.96406 32 
0.0539 56655.69908 10147.17832 38 
0.0546 81737.48123 12789.48358 46 
0.0553 48298.78898 9516.495461 31 
0.056 87440.90198 13016.48264 52 
0.0567 73404.09852 11751.47514 44 
0.0574 48280.75457 8755.952183 34 
0.0581 34213.41225 7150.447693 27 
0.0588 51987.42971 9209.830633 37 
0.0595 63056.07942 10422.2226 45 
0.0602 47600.31271 8133.848052 41 
0.0609 50446.62596 8831.068873 40 
0.0616 66206.61209 9642.594054 55 
0.0623 44498.04271 7560.491493 41 
0.063 54207.68229 8570.012594 49 
0.0637 51706.97648 8223.77927 47 
0.0644 46966.15905 8238.364086 40 
0.0651 30427.58513 6233.769192 29 
0.0658 38172.82465 7053.020209 40 
0.0665 35112.3399 6449.050827 40 
0.0672 37236.70245 6199.07015 46 
0.0679 49324.65418 7255.710529 58 
0.0686 40132.50873 6918.908977 41 
0.0693 47904.84304 7185.399884 56 
0.07 49820.92127 7285.3139 59 
0.0707 51093.58621 7526.915062 58 
0.0714 39365.76702 6205.189029 52 
0.0721 38873.94764 6151.452047 50 
0.0728 38956.93996 6089.83734 53 
0.0735 37573.57319 5872.152572 54 
0.0742 38309.57482 5902.028745 54 
0.0749 37393.49111 5605.71002 61 
0.0756 42152.56238 5919.195132 62 
0.0763 28810.49128 4866.609222 46 
0.077 37248.93626 5541.419156 62 
0.0777 29388.51121 4730.214711 52 
0.0784 33675.90956 5153.166478 56 
0.0791 23426.78291 4176.19934 41 
0.0798 32717.43124 4925.693121 57 
0.0805 36363.17179 4752.889884 77 
0.0812 32568.62852 4948.378903 56 
0.0819 18763.61668 3333.3328 43 
0.0826 26416.5408 4016.354974 58 
0.0833 21212.7129 3393.389942 55 
0.084 27340.23693 4324.030442 59 
0.0847 16616.62035 3040.068081 43 
0.0854 21165.08057 3568.799696 57 
0.0861 20474.94086 3269.526234 53 
0.0868 25782.45743 3615.022674 69 
0.0875 22633.95189 3510.768392 58 
0.0882 20928.77237 3423.254557 57 
0.0889 27900.77797 3820.179241 70 
0.0896 21431.2413 2923.595628 75 
0.0903 21822.82328 3319.987436 59 
0.091 18881.69332 2979.315086 55 
0.0917 13407.32672 2165.177149 56 
0.0924 21165.18136 3056.403545 65 
0.0931 20681.09632 2887.534001 73 
0.0938 18544.48153 2666.233105 68 
0.0945 14741.71913 2277.663632 62 
0.0952 17125.66028 2479.964777 74 
0.0959 17036.38558 2507.504461 70 
0.0966 18006.68851 2670.99221 76 
0.0973 14237.18638 2042.543111 70 
0.098 15554.69392 2324.48688 77 
0.0987 17325.56608 2463.973778 76 
0.0994 13967.976 2070.700952 67 
0.1001 11838.98677 1890.41637 61 
0.1008 12254.73398 1794.182369 68 
0.1015 14107.24655 1899.130552 80 
0.1022 10303.01019 1757.108529 57 
0.1029 11971.39776 1897.235124 69 
0.1036 13937.06017 1952.71749 75 
0.1043 11182.02851 1611.136652 74 
0.105 10717.32219 1491.926637 77 
0.1057 10386.8879 1458.052594 82 
0.1064 11157.90287 1531.697286 92 
0.1071 7444.535979 1100.595442 73 
0.1078 9551.976746 1487.850982 71 
0.1085 9437.362692 1462.543151 77 
0.1092 8129.472219 1169.546444 76 
0.1099 9096.191445 1297.362316 76 
0.1106 7527.87826 1169.042089 73 
0.1113 6942.133743 1118.06102 72 
0.112 7487.076771 1117.828731 82 
0.1127 7536.277369 1042.905117 90 
0.1134 7892.681879 1198.406006 83 
0.1141 7427.285805 1122.038665 74 
0.1148 7170.927582 1072.959651 80 
0.1155 5697.457367 902.0305611 69 
0.1162 6461.021984 1061.936409 74 
0.1169 5243.043441 877.8191417 76 
0.1176 5689.586347 912.0389566 77 
0.1183 5661.738156 804.0951232 88 
0.119 5754.282308 812.7041452 89 
0.1197 4739.725815 794.7369314 70 
0.1204 4846.704961 751.2500455 82 
0.1211 4658.128662 734.6297327 80 
0.1218 4866.415034 678.770506 89 
0.1225 4798.244761 713.7765398 91 
0.1232 6187.851484 742.755038 112 
0.1239 3196.242858 539.9493704 74 
0.1246 3252.965427 537.7792964 78 
0.1253 4332.333892 673.0548008 82 
0.126 3764.396905 585.3869526 89 
0.1267 3119.470782 485.1720645 80 
0.1274 3333.844441 494.8395893 83 
0.1281 2921.97407 432.9717747 91 
0.1288 3010.835525 439.156755 89 
0.1295 3945.824536 552.2280538 98 
0.1302 3167.47859 436.4365106 98 
0.1309 2935.64756 449.8308542 93 
0.1316 2778.774382 451.1052281 81 
0.1323 3326.754236 512.1473901 96 
0.133 3028.41382 416.8784526 103 
0.1337 2400.53055 336.3638089 101 
0.1344 2135.846694 344.1344628 100 
0.1351 2294.204886 343.4213389 88 
0.1358 1843.605412 289.5234264 81 
0.1365 2425.537087 342.8163826 109 
0.1372 2412.15974 322.6041437 114 
0.1379 1877.505148 288.4515958 85 
0.1386 2160.08088 320.4715507 102 
0.1393 2239.185118 307.8758957 115 
0.14 1484.791388 215.3560511 92 
0.1407 1489.246124 204.4592432 100 
0.1414 1700.925462 251.9149116 103 
0.1421 1689.210459 245.177744 97 
0.1428 1075.270463 193.6215108 87 
0.1435 1407.890101 202.7495989 110 
0.1442 1173.933849 185.4044716 88 
0.1449 1232.253453 229.4328709 88 
0.1456 1119.000458 189.4077613 105 
0.1463 1171.463468 214.044895 95 
0.147 1074.802459 178.5310136 95 
0.1477 1149.282827 170.1131896 109 
0.1484 1428.360825 188.3862828 119 
0.1491 907.8512091 146.7358968 90 
0.1498 983.2929375 151.1721408 103 
0.1505 686.2789789 102.2822338 103 
0.1512 938.0574372 133.3507492 120 
0.1519 849.0634085 129.7497322 104 
0.1526 902.0778817 151.49724 101 
0.1533 798.0306649 116.8384059 107 
0.154 760.5795978 117.6934553 93 
0.1547 591.2126726 89.18299867 93 
0.1554 754.9852747 110.8010602 112 
0.1561 572.7735706 91.57445453 111 
0.1568 688.8766495 103.1032524 121 
0.1575 532.7900785 90.72403928 106 
0.1582 507.1491935 75.05930504 118 
0.1589 634.8465521 83.26977163 130 
0.1596 540.3417572 75.58646999 113 
0.1603 521.0567356 80.90176569 123 
0.161 422.2616073 74.07624982 109 
0.1617 383.4944315 56.58741875 110 
0.1624 508.7527615 79.31732784 123 
0.1631 413.0103055 82.57091172 107 
0.1638 336.6894948 56.0111614 108 
0.1645 321.9554909 52.96377784 107 
0.1652 319.3497013 50.40652597 102 
0.1659 344.1012089 51.52506345 116 
0.1666 274.9648632 45.06483247 105 
0.1673 252.6410877 37.30316805 124 
0.168 289.3599108 44.58693289 116 
0.1687 382.9830478 60.37366644 125 
0.1694 270.7757269 41.42730515 133 
0.1701 276.4067323 43.93813293 124 
0.1708 286.6151946 53.03841425 130 
0.1715 176.7607575 25.32026189 118 
0.1722 243.9712944 38.43967541 130 
0.1729 192.3141443 27.68440319 126 
0.1736 223.7148881 37.070803 115 
0.1743 161.4642043 26.05196646 124 
0.175 212.8009541 34.7577909 122 
0.1757 162.3926948 25.71807808 123 
0.1764 159.944411 28.96501282 121 
0.1771 169.7126929 29.98215347 120 
0.1778 104.6142415 18.15464936 100 
0.1785 172.0107114 31.06824184 124 
0.1792 130.7571181 20.63866449 135 
0.1799 113.6195472 20.64014132 110 
0.1806 121.6948349 18.7880464 136 
0.1813 112.035835 18.97912957 123 
0.182 111.1761442 16.98203646 142 
0.1827 88.41637139 14.91187434 120 
0.1834 112.4871842 19.34046067 155 
0.1841 78.93630276 12.41525328 126 
0.1848 89.54010467 13.82728247 127 
0.1855 84.78077814 13.28346341 129 
0.1862 81.45798672 12.89003628 137 
0.1869 65.49573423 10.56225386 145 
0.1876 59.78470742 12.13954261 117 
0.1883 52.94599844 11.40746024 129 
0.189 70.87634919 13.53422635 146 
0.1897 64.48385259 10.18747325 144 
0.1904 54.9071195 9.155008032 139 
0.1911 55.55527917 10.37370935 136 
0.1918 51.52595162 8.728556363 156 
0.1925 52.45803621 9.662686948 139 
0.1932 44.64665043 7.028804189 140 
0.1939 34.86165583 5.490262991 142 
0.1946 44.09024705 8.625035865 134 
0.1953 32.45680298 5.25954898 133 
0.196 44.92934378 7.968664591 146 
0.1967 28.88155211 5.161751182 125 
0.1974 29.57008459 4.651309355 151 
0.1981 37.22067497 6.743590569 144 
0.1988 23.93600486 3.904843328 127 
0.1995 31.97547547 5.546165951 155 
0.2002 17.63548433 2.943905526 151 
0.2009 24.55999755 4.273947045 141 
0.2016 23.94182839 4.104845456 148 
0.2023 14.03411391 2.500080919 144 
0.203 24.67066448 4.694460604 148 
0.2037 26.96380351 4.36341551 159 
0.2044 20.61606642 4.302793406 146 
0.2051 17.41515191 3.835989626 140 
0.2058 19.41859536 3.251850537 165 
0.2065 12.0781911 3.532060776 142 
0.2072 11.22967347 2.448820474 144 
0.2079 14.5910621 2.530726242 166 
0.2086 15.92598691 3.134430923 150 
0.2093 13.88688397 2.399597448 148 
0.21 9.86395116 2.116310448 150 
0.2107 7.425077934 1.430137693 134 
0.2114 8.735922789 1.732313676 133 
0.2121 9.52976248 1.978055455 148 
0.2128 8.877539267 1.393569357 152 
0.2135 9.183052731 1.709833843 166 
0.2142 7.848586781 1.63607198 137 
0.2149 6.655908132 1.275576509 162 
0.2156 6.764676011 1.239671451 153 
0.2163 6.784681925 1.611607577 155 
0.217 6.295730492 0.9984842731 166 
0.2177 7.618712346 1.390844471 178 
0.2184 4.703424111 0.9143578031 150 
0.2191 5.763957048 1.179697284 145 
0.2198 4.330680284 0.8466572815 138 
0.2205 5.377353853 0.9141113334 165 
0.2212 3.611305669 0.8710335213 142 
0.2219 3.481311064 1.081375595 164 
0.2226 3.076575584 0.5148918635 151 
0.2233 4.905505323 1.115981913 155 
0.224 2.675795367 0.4547337301 176 
0.2247 2.731452064 0.5022837628 134 
0.2254 3.754347257 0.7243665047 158 
0.2261 3.205550512 0.5884457053 156 
0.2268 3.010661194 0.6498837861 151 
0.2275 1.864642205 0.3891220255 169 
0.2282 2.934856623 0.5880264205 169 
0.2289 2.244296932 0.5012681755 172 
0.2296 1.410679048 0.2803189185 177 
0.2303 2.217717588 0.4287936013 163 
0.231 1.592974813 0.4080393686 172 
0.2317 2.823381712 0.6548550736 192 
0.2324 1.733493007 0.3226281824 173 
0.2331 1.486306183 0.3094424447 174 
0.2338 1.520297618 0.3493383586 155 
0.2345 1.500681486 0.3446496473 176 
0.2352 1.061708085 0.2062451566 151 
0.2359 1.20662415 0.2355050088 171 
0.2366 0.9679853388 0.207324347 166 
0.2373 0.958935266 0.1888439652 149 
0.238 0.969589157 0.1838692079 173 
0.2387 0.9555247747 0.1851284419 175 
0.2394 0.7334509832 0.1432240786 193 
0.2401 0.6800286892 0.1140666995 182 
0.2408 0.5463994062 0.1192864263 158 
0.2415 0.4284707747 0.130152065 141 
0.2422 0.6829317349 0.1486064026 193 
0.2429 0.6945884983 0.1545799016 197 
0.2436 0.4726076432 0.1012965543 178 
0.2443 0.5105038541 0.1500693259 182 
0.245 0.3949048495 0.09074745669 160 
0.2457 0.3054884048 0.06368614826 167 
0.2464 0.2290939627 0.04501603463 144 
0.2471 0.2714474234 0.07150527782 157 
0.2478 0.3890765855 0.07292808323 190 
0.2485 0.3959837379 0.1294696792 188 
0.2492 0.3273555399 0.06701710315 190 
0.2499 0.1640200203 0.0326883865 168 
0.2506 0.2626543199 0.04241355428 195 
0.2513 0.1149077893 0.0216449202 157 
0.252 0.2018936597 0.05093903379 179 
0.2527 0.2027754454 0.04419663576 175 
0.2534 0.2451616799 0.06673537002 198 
0.2541 0.2078889803 0.03885009807 186 
0.2548 0.1829128472 0.06052386761 162 
0.2555 0.1587844511 0.03586984646 161 
0.2562 0.1583064689 0.04240626515 182 
0.2569 0.1069954024 0.0256920085 171 
0.2576 0.130348053 0.03107115283 179 
0.2583 0.1416432932 0.02996161827 170 
0.259 0.09906437986 0.01924060956 197 
0.2597 0.07634212902 0.01556524438 170 
0.2604 0.1153876736 0.02213240171 187 
0.2611 0.1655145966 0.04086132355 192 
0.2618 0.08814617493 0.02043854822 213 
0.2625 0.0686703272 0.01414509323 185 
0.2632 0.08932636753 0.02115658788 202 
0.2639 0.08143731961 0.01646265438 182 
0.2646 0.06518601629 0.01427926506 192 
0.2653 0.0503255566 0.01183341767 168 
0.266 0.02643407949 0.006641264136 182 
0.2667 0.03885261008 0.009964274965 164 
0.2674 0.048651507 0.01036349993 192 
0.2681 0.05072778392 0.01030327671 189 
0.2688 0.04792362344 0.01128997263 174 
0.2695 0.02894208208 0.006183125819 205 
0.2702 0.0495405048 0.01004348593 207 
0.2709 0.04102258034 0.01258920916 190 
0.2716 0.02662166049 0.00703529465 182 
0.2723 0.02881200835 0.005838223625 207 
0.273 0.02838942536 0.007905562886 212 
0.2737 0.01768822604 0.003445445344 189 
0.2744 0.02100077171 0.005701479267 193 
0.2751 0.01684359322 0.003997826641 190 
0.2758 0.0246428455 0.006384404101 187 
0.2765 0.01363443303 0.003313123403 205 
0.2772 0.01470169884 0.003347384357 191 
0.2779 0.02082837577 0.00373723667 237 
0.2786 0.01684908053 0.005081852448 218 
0.2793 0.01001326642 0.002506985506 217 
0.28 0.01593831267 0.003692583993 201 
0.2807 0.01298913175 0.002712379982 200 
0.2814 0.01451157041 0.003870993399 198 
0.2821 0.01682876157 0.00518366484 210 
0.2828 0.006988240626 0.001557401991 193 
0.2835 0.007224614543 0.002068438209 193 
0.2842 0.006472173204 0.001540845798 220 
0.2849 0.008278366294 0.002245674026 204 
0.2856 0.006489527636 0.001721302923 208 
0.2863 0.007791013348 0.001834582107 215 
0.287 0.006377098889 0.001886723275 194 
0.2877 0.009949909362 0.002800594853 236 
0.2884 0.00472044636 0.0009829081288 222 
0.2891 0.003081588763 0.000921725896 180 
0.2898 0.003743644672 0.000807667891 215 
0.2905 0.003072571094 0.0006183836723 230 
0.2912 0.002745249965 0.0006699456831 224 
0.2919 0.002982722064 0.0009194627043 210 
0.2926 0.002243541768 0.0009283894207 186 
0.2933 0.00240139918 0.000633827931 205 
0.294 0.003052275483 0.0007435430613 216 
0.2947 0.001862482334 0.0003624794978 203 
0.2954 0.002100048867 0.0005292986684 228 
0.2961 0.003393405603 0.001593287189 204 
0.2968 0.002758186237 0.0007175840093 214 
0.2975 0.001706297133 0.0004188879325 200 
0.2982 0.001245374466 0.0002859731681 221 
0.2989 0.001628949814 0.0004120580646 208 
0.2996 0.001667531493 0.0003958550359 219 
0.3003 0.001351150855 0.0004201419594 201 
0.301 0.0007374127026 0.000146562845 207 
0.3017 0.001440218492 0.0004062618703 224 
0.3024 0.0008502887039 0.0001921809324 220 
0.3031 0.0009909424813 0.000222615068 228 
0.3038 0.0007666305574 0.000241227208 230 
0.3045 0.0008253473105 0.0001956415334 228 
0.3052 0.0005409973585 0.0001557025086 206 
0.3059 0.0007761769265 0.0002372223399 203 
0.3066 0.0004621957384 0.0001148106435 225 
0.3073 0.0007974649592 0.000234489552 221 
0.308 0.0006489504144 0.0001717234179 200 
0.3087 0.0003826751282 0.000102941904 206 
0.3094 0.0004716036372 0.0001329038134 199 
0.3101 0.0003834411048 0.0001405780313 197 
0.3108 0.0003184856224 7.628513789e-05 222 
0.3115 0.0003550721236 7.658059242e-05 213 
0.3122 0.0002347067471 5.008788939e-05 230 
0.3129 0.0002986115155 6.695929818e-05 223 
0.3136 0.000287046454 6.499101124e-05 232 
0.3143 0.0002361150235 6.510278829e-05 204 
0.315 0.000253065301 7.961871856e-05 190 
0.3157 0.0003320807505 0.0001268739663 213 
0.3164 0.0001772450395 3.878297197e-05 197 
0.3171 0.0001615821822 4.076087948e-05 186 
0.3178 0.0001426703319 4.593175554e-05 199 
0.3185 9.944833765e-05 2.394681476e-05 232 
0.3192 0.0001259015938 3.922671525e-05 220 
0.3199 0.0001486611378 4.147874705e-05 197 
0.3206 0.0001333597442 6.328492969e-05 211 
0.3213 0.0001093797178 2.565252643e-05 210 
0.322 9.598482604e-05 2.014963813e-05 199 
0.3227 4.551357963e-05 2.081558987e-05 185 
0.3234 6.473528217e-05 1.62398011e-05 180 
0.3241 4.819870848e-05 1.196863927e-05 199 
0.3248 4.009171741e-05 1.058087437e-05 207 
0.3255 5.382713018e-05 1.519794663e-05 180 
0.3262 2.885277228e-05 9.051359455e-06 182 
0.3269 3.386991789e-05 8.048433262e-06 177 
0.3276 4.903247325e-05 1.248934148e-05 176 
0.3283 2.772930026e-05 6.827003749e-06 192 
0.329 2.262651912e-05 5.888502168e-06 187 
0.3297 2.67257825e-05 7.249936429e-06 174 
0.3304 2.63497837e-05 8.249672221e-06 184 
0.3311 1.137714996e-05 3.625543957e-06 160 
0.3318 2.926505625e-05 8.922461494e-06 186 
0.3325 1.915017138e-05 5.874102833e-06 185 
0.3332 2.059807595e-05 4.776618847e-06 171 
0.3339 1.352062753e-05 4.069467757e-06 178 
0.3346 1.597390512e-05 3.468813895e-06 170 
0.3353 1.512955896e-05 4.085693942e-06 146 
0.336 1.197733552e-05 2.990932933e-06 153 
0.3367 8.817287537e-06 3.087717942e-06 155 
0.3374 1.044538852e-05 3.048628031e-06 151 
0.3381 1.258571463e-05 3.955560451e-06 164 
0.3388 3.956382894e-06 1.576244638e-06 121 
0.3395 1.129845889e-05 3.347511152e-06 157 
0.3402 6.704331538e-06 1.663623247e-06 154 
0.3409 6.509154488e-06 1.694806783e-06 140 
0.3416 4.27491398e-06 1.471431952e-06 112 
0.3423 4.79300449e-06 1.497774565e-06 139 
0.343 5.203584649e-06 1.461207582e-06 156 
0.3437 5.992518635e-06 2.226308214e-06 127 
0.3444 5.914903123e-06 1.587176341e-06 145 
0.3451 5.113881558e-06 1.760409098e-06 135 
0.3458 5.727060774e-06 2.493962783e-06 118 
0.3465 2.529462357e-06 1.008457003e-06 126 
0.3472 3.040160814e-06 1.300173594e-06 132 
0.3479 1.846741986e-06 6.889589253e-07 119 
0.3486 3.226069048e-06 1.22936902e-06 118 
0.3493 3.913689258e-06 1.14663516e-06 131 
0.35 3.363091504e-06 1.222919092e-06 105 
