# Format: McCode with text headers
# URL: http://www.mccode.org
# Creator: McStas 2.5 - Dec. 12, 2018
# Instrument: PSI_Focus.instr
# Ncount: 1000000
# Trace: no
# Gravitation: no
# Seed: 1570823613
# Directory: PSI_Focus/0
# Param: lambda=3.4
# Param: chopp_ratio=1
# Param: DET=-69.9
# Date: Fri Oct 11 20:09:09 2019 (1570817349)
# type: array_2d(60, 60)
# Source: PSI_Focus (PSI_Focus.instr)
# component: DivMonGuideExit
# position: 0 0 66.612
# title: Divergence monitor
# Ncount: 1000000
# filename: divguide.dat
# statistics: X0=4.13075e-05; dX=0.282855; Y0=0.000804755; dY=0.329328;
# signal: Min=0; Max=2.37841e+07; Mean=1.20948e+06;
# values: 4.35413e+09 1.37082e+07 374951
# xvar: X 
# yvar: Y 
# xlabel: X divergence [deg]
# ylabel: Y divergence [deg]
# zvar: I
# zlabel: Signal per bin
# xylimits: -2 2 -2 2
# variables: I I_err N
# Data [DivMonGuideExit/divguide.dat] I:
0 0 0 0 0 0 0 0 0 0 0 0 0 0 0 0 0 0 0 0 0 0 0 0 0 0 0 0 0 0 0 0 0 0 0 0 0 0 0 0 0 0 0 0 0 0 0 0 0 0 0 0 0 0 0 0 0 0 0 0 
0 0 0 0 0 0 0 0 0 0 0 0 0 0 0 0 0 0 0 0 0 0 0 0 0 0 0 0 0 0 0 0 0 0 0 0 0 0 0 0 0 0 0 0 0 0 0 0 0 0 0 0 0 0 0 0 0 0 0 0 
0 0 0 0 0 0 0 0 0 0 0 0 0 0 0 0 0 0 0 0 0 0 0 0 0 0 0 0 0 0 0 0 0 0 0 0 0 0 0 0 0 0 0 0 0 0 0 0 0 0 0 0 0 0 0 0 0 0 0 0 
0 0 0 0 0 0 0 0 0 0 0 0 0 0 0 0 0 0 0 0 0 0 0 0 0 0 0 0 0 0 0 0 0 0 0 0 0 0 0 0 0 0 0 0 0 0 0 0 0 0 0 0 0 0 0 0 0 0 0 0 
0 0 0 0 0 0 0 0 0 0 0 0 0 0 0 0 0 0 0 0 0 0 0 0 0 0 0 0 0 0 0 0 0 0 0 0 0 0 0 0 0 0 0 0 0 0 0 0 0 0 0 0 0 0 0 0 0 0 0 0 
0 0 0 0 0 0 0 0 0 0 0 0 0 0 0 0 0 0 0 0 0 0 0 0 0 0 0 0 0 0 0 0 0 0 0 0 0 0 0 0 0 0 0 0 0 0 0 0 0 0 0 0 0 0 0 0 0 0 0 0 
0 0 0 0 0 0 0 0 0 0 0 0 0 0 0 0 0 0 0 0 0 0 0 0 0 0 0 0 0 0 0 0 0 0 0 0 0 0 0 0 0 0 0 0 0 0 0 0 0 0 0 0 0 0 0 0 0 0 0 0 
0 0 0 0 0 0 0 0 0 0 0 0 0 0 0 0 0 0 0 0 0 0 0 0 0 0 0 0 0 0 0 0 0 0 0 0 0 0 0 0 0 0 0 0 0 0 0 0 0 0 0 0 0 0 0 0 0 0 0 0 
0 0 0 0 0 0 0 0 0 0 3.340431519e-300 4.189488637e-278 1.865290234e-228 7.098056179e-215 4.854412936e-198 1.239661918e-161 7.666840149e-148 0 5.068085962e-115 3.931703491e-110 1.448765182e-109 1.598863075e-107 0 1.660336487e-110 1.323629404e-109 1.412409123e-109 2.958007748e-118 3.393403845e-108 5.594966646e-109 1.049086837e-109 3.024882604e-108 2.045880221e-110 3.425844168e-109 8.002296248e-107 1.200489025e-110 5.338782855e-108 7.802470992e-108 5.493015014e-109 1.73544639e-107 2.693311121e-110 7.525968204e-109 1.048505095e-112 2.730912912e-131 1.161925106e-133 2.364827374e-149 3.369594572e-189 4.014758193e-207 1.042446606e-253 2.112803504e-282 0 0 0 0 0 0 0 0 0 0 0 
0 0 0 0 0 0 0 0 0 0 8.116813527e-303 1.814292408e-263 8.336105767e-220 8.764188312e-187 9.023849987e-162 4.970136385e-143 5.644896182e-120 2.732845391e-105 1.288776234e-103 5.41877274e-99 4.100288491e-96 1.247054974e-96 2.040206149e-92 3.925542263e-98 5.484970378e-94 1.114335424e-98 6.113650102e-88 8.948590338e-94 4.19166513e-94 5.427059323e-97 1.389661511e-91 2.70063054e-89 4.418348023e-92 2.899781717e-93 1.89039776e-91 5.062960025e-98 1.351119656e-92 9.305107657e-90 1.704815356e-95 4.979343157e-95 1.888280961e-99 6.443962445e-101 1.844026951e-108 3.481538333e-122 2.60521068e-135 8.474165988e-175 7.905635949e-190 5.540237091e-223 4.448632738e-275 2.020795808e-290 0 0 0 0 0 0 0 0 0 0 
0 0 0 0 0 0 0 0 0 0 3.156851993e-284 5.737210432e-240 8.074894741e-206 1.758944053e-180 1.479701218e-135 5.026005747e-129 6.082472198e-101 4.22685059e-84 1.045178666e-80 6.737764552e-80 5.777400859e-76 9.815196887e-76 8.613016916e-80 1.545630506e-76 5.184446915e-77 1.249159541e-76 1.016733075e-75 1.098164838e-76 2.17950091e-76 8.981369028e-76 3.256267895e-76 9.68804637e-78 4.346345953e-78 8.352684723e-76 2.694014046e-77 2.193892835e-77 5.024692794e-79 2.35617358e-79 1.243288147e-80 2.137041433e-76 2.956905482e-79 5.400225328e-82 2.594134082e-92 3.216464647e-99 1.655472685e-114 9.282139026e-157 1.894317649e-168 1.051308332e-220 2.440715284e-245 2.429388922e-269 9.118569432e-318 0 0 0 0 0 0 0 0 0 
0 0 0 0 0 0 0 0 0 2.560593254e-294 3.306174846e-261 7.654819431e-215 1.408106889e-178 5.46421295e-171 6.682377011e-130 3.717585193e-112 3.378338603e-93 2.786641598e-66 7.464520048e-63 9.354504818e-59 3.038825121e-60 4.805819569e-59 8.824481556e-59 2.120317532e-60 1.407876459e-59 9.287971669e-59 1.580376407e-59 1.048241223e-61 5.588707107e-59 6.545917605e-63 5.805457102e-60 2.690799744e-63 4.171964926e-59 6.565866065e-59 1.662213196e-59 2.785348604e-59 2.366937537e-61 6.234401971e-61 5.653731431e-60 8.970366091e-61 1.055370889e-60 3.869450057e-61 5.970275644e-69 4.985433722e-82 1.211842619e-109 5.94280353e-139 2.176984435e-150 6.972199166e-199 8.954996928e-231 1.770404349e-254 2.2148547e-311 0 0 0 0 0 0 0 0 0 
0 0 0 0 0 0 0 0 0 2.415090654e-279 4.248605426e-244 3.647050116e-213 8.630174623e-182 1.692406555e-149 5.538217332e-115 1.626580441e-94 7.596578426e-71 2.562213268e-54 1.672598318e-51 6.281307513e-50 2.675206104e-50 6.027859957e-49 2.794574931e-50 6.489698405e-48 9.28231472e-49 1.123129001e-48 2.173321127e-50 9.045324951e-48 8.926189505e-50 1.467651173e-44 5.575179941e-48 2.012588847e-48 2.301013357e-50 6.757966446e-48 8.746088998e-50 3.730740193e-49 3.174272763e-48 1.423736835e-48 4.940135223e-49 7.552970538e-49 1.547762866e-51 5.30494522e-52 2.585012448e-61 5.622607643e-66 1.280318246e-92 1.418621992e-126 1.455924283e-141 1.823064339e-186 2.211929769e-219 2.517844041e-249 1.327247131e-296 0 0 0 0 0 0 0 0 0 
0 0 0 0 0 0 0 0 0 7.494777293e-265 3.03848883e-236 1.429009108e-189 1.39734503e-161 1.718025573e-140 3.012407525e-102 8.956857646e-86 2.787272977e-54 1.329182919e-44 9.068210923e-39 7.16029947e-38 3.349486725e-36 1.429601803e-36 7.376769529e-34 1.15084755e-34 8.392462227e-35 6.060941469e-35 4.277266203e-34 2.50957966e-33 9.840777928e-35 2.257768642e-36 1.944018445e-36 2.817943739e-34 5.305332847e-36 5.770320521e-37 2.477641909e-34 1.438260102e-33 3.466657601e-33 1.013748171e-34 2.149310074e-34 7.668467712e-34 3.717203053e-36 1.112440949e-37 2.589206859e-45 2.004041734e-61 1.157350887e-79 1.41911879e-107 3.852188046e-125 5.586578992e-170 1.994927688e-204 1.97584597e-244 2.514648668e-277 0 0 0 0 0 0 0 0 0 
0 0 0 0 0 0 0 0 0 6.658828073e-270 1.593189501e-226 8.530953125e-186 1.265526644e-148 1.186244496e-132 6.184126496e-87 6.763701672e-70 4.48808285e-45 6.611481956e-31 6.542135636e-27 4.503190545e-25 3.187593912e-26 2.333289151e-22 2.460850277e-23 1.089761746e-22 2.722050877e-25 5.862480112e-23 1.300050072e-23 1.760000427e-23 2.261449776e-22 2.552237094e-22 4.965647148e-23 2.178420716e-21 3.942650032e-24 2.46643163e-23 1.553993341e-23 1.641401788e-25 4.634026254e-25 7.749371295e-23 8.704567272e-25 9.403248753e-24 3.987737372e-23 2.496011391e-25 3.933877803e-32 6.200225507e-44 5.690506528e-67 1.689509683e-104 9.174012247e-113 1.921197163e-163 1.713714786e-186 2.937724587e-233 9.985443382e-274 0 0 0 0 0 0 0 0 0 
0 0 0 0 0 0 0 0 0 2.684308809e-244 2.963316031e-214 5.770271148e-174 1.204759853e-134 2.017511066e-114 1.165851879e-77 5.999548104e-60 4.095960319e-40 3.500617153e-21 4.520015584e-17 7.190231697e-14 7.493344164e-14 3.412611314e-13 1.119575627e-13 5.877792483e-13 3.291755536e-14 8.215265761e-13 1.732157245e-12 7.100181667e-14 5.78704435e-13 1.955716013e-13 4.925482192e-14 7.020672788e-15 1.154297379e-13 1.05152217e-13 4.648728035e-13 7.786491937e-15 2.417744254e-14 3.503883353e-15 4.94339764e-15 2.029128454e-13 4.480575418e-16 7.286417936e-16 3.210330837e-27 2.802860425e-36 4.971838376e-55 1.067224108e-92 1.987678756e-102 2.254626343e-138 2.106977543e-188 2.886096884e-204 8.229166132e-258 0 0 0 0 0 0 0 0 0 
0 0 0 0 0 0 0 0 0 2.899727761e-230 1.201400667e-190 1.978408434e-162 1.671091292e-129 9.755355253e-112 3.648027903e-74 1.27840105e-52 5.404680034e-22 1.796906592e-11 7.581293773e-11 7.324507057e-07 3.168099443e-05 3.520619092e-05 0.0001040239559 0.000214052467 0.0006885128726 0.0001913837818 0.0005411869372 0.0009438845484 0.0004532826333 0.0008144441544 1.654003929e-05 0.0001177723251 0.0002314081926 5.134609458e-06 9.81520748e-05 0.000249163633 6.891176196e-05 4.675081295e-05 1.053326884e-05 0.0001329712723 9.989650471e-06 2.083681965e-06 1.053976095e-10 4.337398453e-23 6.224138353e-46 7.172664885e-83 1.375854894e-95 2.063312018e-137 8.532676009e-166 6.396476692e-195 7.80889109e-242 0 0 0 0 0 0 0 0 0 
0 0 0 0 0 0 0 0 0 1.68564021e-222 2.323459707e-186 4.25859359e-155 5.105130117e-119 1.906832866e-100 6.109434159e-64 5.238892243e-43 4.724000757e-17 3.01241401e-06 0.004843584849 43.40848104 16.33099086 69.30212917 253.2016296 150.9905868 300.2423515 53.49932868 250.1769844 375.0883426 73.92850242 219.8446504 246.6668528 95.6971322 262.5864347 116.6919173 390.5568928 387.8654276 176.2271964 120.8620005 213.9634142 62.78414383 2.089469465 2.48633795 5.884891647e-09 1.264889063e-18 1.534456098e-35 6.007037838e-80 7.741619216e-90 1.900519255e-125 6.185213139e-167 3.043124075e-189 3.897115407e-244 0 0 0 0 0 0 0 0 0 
0 0 0 0 0 0 0 0 0 3.819373779e-217 5.129670588e-198 4.038518459e-150 2.116538835e-122 9.837640223e-94 2.408863104e-63 1.254661026e-42 3.32315557e-13 0.001881923838 2.076696791 15061.31795 24099.43622 34150.13514 74295.33694 85856.60509 116334.9469 93867.73085 129564.4237 102554.5608 100905.3013 153305.6612 111228.6977 87577.02182 112249.4333 74117.343 96928.11546 117762.1981 114620.1353 53679.96441 45402.32494 15212.80458 5393.176979 175.5926694 0.0008830970513 3.695934027e-14 7.102244726e-32 7.97220477e-72 4.140520903e-85 1.31021993e-118 8.687786245e-162 5.346830504e-192 1.12907245e-232 0 0 0 0 0 0 0 0 0 
0 0 0 0 0 0 0 0 0 1.307632373e-223 1.196088532e-188 2.500465101e-156 2.965392219e-114 6.248023625e-98 2.606856474e-59 3.883866958e-41 9.777877908e-17 0.001554378886 422.0674425 75103.6361 189586.7936 422307.8663 726165.3706 902109.2036 1232554.027 1056400.559 1386340.332 1287305.129 1302820.847 1038642.528 1194932.104 1258693.667 1025718.21 1265614.873 857490.1957 1010123.737 1182324.05 570633.7012 462680.2335 311054.842 17456.43553 3326.722587 0.001161141047 1.397650328e-15 1.90396361e-34 1.415778287e-71 2.125749868e-86 2.857874057e-128 5.660772767e-163 7.840888355e-182 5.034446954e-235 0 0 0 0 0 0 0 0 0 
0 0 0 0 0 0 0 0 0 2.403084007e-224 2.364667355e-186 1.657608402e-149 1.34573328e-122 3.102184831e-92 3.522653289e-58 1.923688686e-39 3.673142688e-11 0.01687273018 994.6184431 108489.8561 341551.8534 989372.8608 2358120.347 2937353.01 3619747.94 3152569.323 4259118.896 3482565.293 3582387.375 4252241.098 3749651.178 3633769.795 3438754.675 3546022.609 3637995.85 3185367.423 2989162.167 1914988.781 1223621.367 493415.2437 24638.06471 3042.434009 0.0005384876169 1.872899876e-15 3.515826512e-33 7.523509365e-69 1.503404235e-82 9.204858232e-115 9.262466004e-160 8.361356288e-176 8.018679549e-239 0 0 0 0 0 0 0 0 0 
0 0 0 0 0 0 0 0 0 1.540646474e-218 1.45488086e-188 9.029712689e-157 1.506386941e-122 4.683802182e-92 4.506460495e-58 5.008688007e-39 2.60743033e-16 0.1006986194 43.51276691 151441.465 553016.4185 1537884.269 4181614.7 4547073.643 6915480.851 7394317.683 7898588.477 8237561.006 8086654.112 8826633.48 8059228.804 7739288.464 9022542.779 7611347.922 7580214.653 6330488.627 5683182.388 2690306.815 1805327.994 755149.3641 37327.17579 2621.262037 0.11715692 4.432276935e-15 2.585101993e-34 4.975457872e-68 1.080136332e-81 8.000490704e-137 4.421188448e-160 1.511366914e-177 7.511414959e-236 1.065952448e-266 0 0 0 0 0 0 0 0 
0 0 0 0 0 0 0 0 0 3.708851883e-228 4.719210454e-184 5.278312032e-157 5.177330745e-117 2.22512864e-94 1.65698824e-53 1.044885357e-37 5.019108217e-15 0.05620594181 621.0990761 240719.5114 536401.0316 2148610.77 5279227.458 6171275.587 9858971.892 11159590.81 12184738.54 13479035.73 12771085.68 13176071.7 12361561.64 12552536.95 12519713.53 12397337.35 12823442.39 8761722.172 8800519.919 4120913.972 1927080.638 865756.7072 49027.80869 6731.993476 0.02805500839 2.691476509e-17 4.892889504e-31 9.274856097e-67 7.327846405e-84 3.73354384e-122 1.885354846e-160 2.717003546e-188 3.149812891e-230 0 0 0 0 0 0 0 0 0 
0 0 0 0 0 0 0 0 0 1.96191797e-222 1.801942172e-191 1.62824809e-159 8.834076063e-113 2.344738998e-96 6.429100026e-59 3.57614432e-41 2.698792398e-11 0.6356920378 619.0224179 235324.5005 605494.0116 2394288.553 6932333.093 7047834.416 12951837.65 12794833.19 15586681.14 16550088.25 16113648.81 16267948.75 17645927.84 15408081.22 16493836.35 16323376.49 14429219.31 11739805.2 10956399.81 4582155.743 2457038.941 1103163.025 45195.26094 6367.36094 0.0001379678615 1.930215149e-13 1.22036449e-33 3.850869526e-65 1.889525039e-79 1.476277013e-123 1.007206321e-153 6.782679292e-178 3.836053657e-232 0 0 0 0 0 0 0 0 0 
0 0 0 0 0 0 0 0 0 9.763663979e-221 6.990029417e-195 2.958920357e-152 4.539527919e-116 2.229684194e-89 3.469551634e-56 7.413262995e-41 4.208599679e-11 0.02717311504 413.67518 220167.5938 771664.2629 2762634.31 7531169.239 7813544.033 16029135.26 14530389.92 17977339.51 16757267.35 16624115.08 16879687.91 18959429.56 18264108.05 16477721.28 16392872.62 15837943.95 12371377.86 12851744.94 5055164.676 2534503.703 1199784.056 57222.56304 6021.757999 0.008729919798 2.236709996e-14 5.279674321e-38 3.536314738e-76 1.400490921e-81 6.553677913e-132 5.703708443e-161 2.927100016e-181 9.05389532e-229 0 0 0 0 0 0 0 0 0 
0 0 0 0 0 0 0 0 0 1.828418804e-218 7.338397565e-182 1.418057347e-156 4.237851661e-114 3.073153763e-100 2.298320707e-57 1.801847877e-43 1.366784413e-12 0.01405715944 618.8110517 274820.7164 645425.5621 2802393.127 8246979.032 8496178.267 16321734.56 16937446.68 19689250.11 20725756.88 21338529.85 21144081.05 19982942.31 19138919.78 18743853.36 18818028.23 18960784.75 13768341.04 13174140.72 5319909.344 2501110.551 1244613.359 61656.49462 8271.921196 0.2060643382 1.822189764e-12 1.908449793e-33 1.821246528e-74 8.652298744e-81 2.049802193e-111 1.110192023e-160 4.683584286e-185 2.39137417e-231 1.009554502e-266 0 0 0 0 0 0 0 0 
0 0 0 0 0 0 0 0 0 5.840506469e-237 7.765159129e-186 1.942192421e-149 4.781499397e-119 9.237351766e-91 4.002624454e-61 6.556546526e-44 6.113020517e-11 0.04963570846 625.9681508 234340.1556 777767.4644 3240076.94 7437683.686 8629447.585 16584337.65 16892246.18 18923805.59 21108063.63 19297905.76 20516880.81 20216672.76 18635576.18 22527080.71 19585492.38 17780321.91 13560252.51 12605234.56 4775059.151 2557755.934 1119318.452 52425.63282 424.477479 0.001419603451 1.453287626e-14 1.703586462e-32 7.11391053e-72 7.527139377e-86 1.709586554e-128 3.245305395e-163 5.487919208e-193 1.504529508e-235 0 0 0 0 0 0 0 0 0 
0 0 0 0 0 0 0 0 0 1.097718171e-234 2.800581925e-186 9.727155194e-150 4.670588757e-113 2.852758492e-93 1.070194747e-56 1.526765583e-37 4.658216364e-11 0.06733456525 195.8946027 235544.6658 762303.861 3041576.396 7491056.678 8581925.315 16422410.98 16469768.51 17574889.72 20742103.56 20793108.15 19191353.77 20227374.43 20832628.72 19211216.91 18351644.87 18789540.44 13059723.47 12663177.66 5588392.152 2690941.73 1061324.763 61304.15937 5725.183942 0.02031936427 1.993648842e-13 3.844509932e-30 2.255669432e-77 2.878341322e-83 8.383141746e-121 4.057235911e-156 9.599432222e-192 3.729442575e-233 0 0 0 0 0 0 0 0 0 
0 0 0 0 0 0 0 0 0 8.226539305e-226 1.988551665e-192 8.52477683e-154 1.191135975e-117 4.61836478e-96 7.174998232e-54 5.776630302e-41 3.877031368e-12 0.02511521533 1590.221679 312127.4466 818736.2958 2924121.147 8220270.557 9957924.093 15633475.97 17832607.1 20380836.74 20527573.2 20265927.39 21073723.31 22425782.97 19905897.84 19843721.21 19689895.25 19667855.75 14795896.01 11799673.53 5865460.39 3022654.976 1302083.651 41497.89852 5022.068231 0.02184577499 9.914675542e-15 2.602682539e-36 2.62794296e-71 1.341704032e-83 2.683077358e-122 3.025701526e-159 8.112300352e-178 1.841709292e-233 0 0 0 0 0 0 0 0 0 
0 0 0 0 0 0 0 0 0 3.577814982e-219 1.486505764e-183 3.133465839e-155 7.278441834e-113 2.40407337e-95 1.687360748e-56 5.88164654e-41 9.192835033e-15 0.04573848398 338.9610621 294359.6911 903416.1094 2937688.787 8015864.803 8504907.315 15069304.09 16350216.45 20001967.78 22429762.84 20046050.42 20478488.39 22262617.4 21136071.85 18876790.41 20042654.92 18638991.75 13483866.91 12512494.7 5472031.974 2595678.103 1307155.353 56682.43981 2562.027164 0.005336208475 3.047852227e-14 7.706332393e-32 1.583916041e-68 3.037644305e-80 6.588781935e-126 3.935865874e-160 1.186507544e-189 2.940185492e-231 0 0 0 0 0 0 0 0 0 
0 0 0 0 0 0 0 0 0 4.17027848e-222 4.813974579e-187 3.277645448e-147 1.336915388e-119 2.001291695e-90 6.504320034e-58 8.016631097e-41 2.590282156e-13 0.3950605083 1495.491647 171638.8605 832622.8877 3112270.932 7133055.064 9727237.835 16142699.46 18414076.25 19020228.06 20646814.19 19483714.92 19803630.15 22062315.03 20464049.54 20761991.83 19364032.98 18003266.27 13282865.06 13352056.87 5088504.049 3227285.404 1156415.857 59114.64812 6315.155835 0.0583296131 1.037279625e-12 3.409274642e-33 6.56539797e-70 1.226374299e-83 1.091548796e-122 4.012433169e-155 5.769687483e-179 3.482893812e-231 4.859253207e-269 0 0 0 0 0 0 0 0 
0 0 0 0 0 0 0 0 0 4.554603612e-217 1.98909618e-192 5.608281923e-150 7.687676836e-115 1.086154934e-94 1.03731286e-59 9.77806438e-38 1.008873937e-14 0.3248959072 86.7434052 275187.0393 822884.7141 2938423.099 7704513.415 9206288.682 16175514.7 17626912.42 19164811.49 21285768.26 19137433.84 22344599.13 20504415.07 20675294.3 17383788.88 18689909.47 18597626.4 13876584.83 12937230.85 4510459.172 2727967.082 1256336.233 57068.86985 8277.072911 0.001776653542 1.226686985e-11 4.708932849e-36 1.194483902e-75 3.187691314e-84 1.073636416e-124 2.886657248e-165 2.673841031e-188 1.282445084e-237 0 0 0 0 0 0 0 0 0 
0 0 0 0 0 0 0 0 0 9.524393854e-232 3.421835527e-189 3.187110145e-147 1.478588698e-116 4.081650474e-91 8.09081443e-64 3.147506342e-39 5.48068647e-14 0.02194242822 236.6789158 218776.0612 795008.0169 2836830.702 8039094.833 9667149.637 16331075.54 17009930.5 20027982.33 20314662.25 19009826.33 21846614.76 20042605.38 20666549.13 19560208.21 19571923 17949906.9 13649720.66 13161885.96 5680562.393 2553461.835 1254588.959 46513.32963 6686.459034 0.02003809191 3.115376013e-15 5.247391342e-37 3.095942151e-68 5.715216591e-86 1.737602175e-129 1.250541802e-153 1.668160826e-187 1.017421148e-230 0 0 0 0 0 0 0 0 0 
0 0 0 0 0 0 0 0 0 5.1257288e-229 9.788035327e-184 8.240249387e-158 1.519476234e-113 4.694355014e-93 1.137147817e-61 1.25670347e-37 1.309250583e-11 0.2322016996 769.7352596 183481.7436 881862.9789 3115067.029 6481582.258 9122342.974 16948696.06 16621130.7 19949501.41 18484838.8 20276917.11 23784143.87 21883055.79 23271205.36 21216798.14 17868173.02 18337847.33 13987035.89 13542517.11 4365507.74 2858575.681 1317744.208 49171.18471 4071.939681 0.000205050421 1.291766757e-15 2.43332974e-34 5.033003662e-73 8.486923049e-81 3.233241752e-122 5.30982212e-159 2.593276111e-175 8.619247875e-233 0 0 0 0 0 0 0 0 0 
0 0 0 0 0 0 0 0 0 6.763316253e-232 2.557999529e-193 1.135499869e-154 2.696464671e-115 4.840498542e-99 2.123360713e-64 6.467294289e-37 1.148953466e-11 0.1926350738 197.7846847 228721.3221 889438.1714 2805849.354 6833287.577 10633481.69 14488644.5 17665029.46 18801696.29 20941038.93 20632972.74 21567334.4 17566274.36 20747507.35 17235781.35 18298659.85 19142984.1 14692103.43 13933154.92 4502591.358 2946389.842 1235360.479 69263.70751 10125.59249 0.0005345890372 4.317877186e-16 3.610954307e-27 2.49699235e-76 7.391482798e-81 8.059558004e-133 3.250268612e-161 3.553890669e-179 8.248770037e-232 0 0 0 0 0 0 0 0 0 
0 0 0 0 0 0 0 0 0 1.314786203e-224 4.703408132e-192 4.027207932e-155 1.356871236e-115 3.485980366e-95 2.085795879e-54 5.936266034e-40 6.227757998e-12 0.00630346848 271.4540097 300616.4055 934242.3058 2890044.133 7733262.51 9050066.793 15867302.11 17069203.42 19063419.45 18823626.25 18363975.39 18993729.19 18679785.42 19120010.21 18433025.94 17191785.92 17887724.34 13282496.98 11978954.59 5155833.914 2784364.214 1231613.267 71476.04651 5896.863957 0.002533920817 6.780301484e-15 2.493932235e-35 2.40692858e-77 1.679981261e-84 4.842871123e-129 1.997014055e-165 7.500159301e-184 4.757299911e-234 0 0 0 0 0 0 0 0 0 
0 0 0 0 0 0 0 0 0 5.31247912e-221 6.401387382e-189 1.028316298e-147 3.853745199e-117 7.180726819e-87 1.812221127e-54 1.930601164e-38 1.874870546e-14 0.08912239175 763.7299278 252625.393 610274.8242 2727040.839 6589093.797 7902980.62 13019832.57 13071057.36 14317806.2 17104177.53 16297702.77 17665712.88 16237472.7 16197909.71 16889090.51 14718580.24 15248693.9 10522026.88 11217244.78 4096068.209 2515134.473 962633.0901 77068.37444 2220.389066 0.006187410472 7.733359224e-14 3.986173348e-30 3.607465633e-73 2.340241116e-85 8.23408139e-124 1.006633335e-166 2.40894542e-186 1.110570499e-230 0 0 0 0 0 0 0 0 0 
0 0 0 0 0 0 0 0 0 5.404133096e-224 1.234819823e-193 1.280774739e-152 4.337972337e-118 1.120224371e-95 1.250340298e-54 1.880345079e-41 6.631311302e-13 0.01165440562 537.9137654 186666.5941 540163.0982 1937965.45 5420773.251 6108211.472 9617950.247 9621501.245 11910073.95 11323752.58 11884897.47 12005768.47 13386964.24 12527552.95 13864076.87 13319269.76 11194346.03 9255701.463 8593645.226 3980336.42 2211223.398 844940.5698 39098.72842 2183.585358 0.09439845595 3.468742325e-14 5.795868514e-43 3.035675144e-70 9.20669442e-82 2.905504268e-121 5.390470886e-158 1.614108629e-182 2.401579779e-237 0 0 0 0 0 0 0 0 0 
0 0 0 0 0 0 0 0 0 2.946083925e-215 4.785502619e-191 1.054685964e-147 2.169255205e-123 4.193713833e-97 1.126374608e-56 4.660822918e-40 5.681108518e-16 0.1266610916 558.1515778 146084.2929 449326.8265 1981624.28 4065219.918 4447863.81 6029874.599 6087020.47 6789638.157 7415730.285 8977927.652 8328226.813 8419029.559 7535641.37 8040558.012 7946362.56 7671973.511 6265506.029 6380466.235 3229019.518 1692524.623 730345.5046 47551.80867 6261.412846 0.007000331404 4.454445357e-15 4.906734034e-34 2.587928545e-68 2.780688443e-79 1.165158818e-121 2.745994097e-160 1.403944065e-187 1.636372097e-235 3.396417237e-266 0 0 0 0 0 0 0 0 
0 0 0 0 0 0 0 0 0 8.139334038e-228 1.542426501e-192 1.615354135e-145 4.564749343e-118 3.890040573e-91 2.7973873e-67 1.815205049e-40 8.858366186e-18 0.1480588876 314.4245053 134786.1666 334285.0552 1130292.02 2577352.087 2739439.533 3298949.931 3429207.09 3939887.793 3705430.904 3150745.415 4309880.025 3698273.487 3775533.497 4207385.383 3591600.51 4137023.441 3765301.727 2459072.303 1844851.887 1354596.579 409576.5279 43752.27112 3690.085308 0.000611370923 6.444746752e-14 9.066826684e-33 1.590821205e-70 2.43446965e-81 1.152768916e-122 4.00359462e-160 2.815333794e-178 1.366907351e-237 3.58308799e-270 0 0 0 0 0 0 0 0 
0 0 0 0 0 0 0 0 0 1.432100359e-217 2.331104191e-185 1.021753235e-145 2.550374762e-120 1.714706453e-96 5.243138619e-51 6.609397654e-38 4.875075221e-14 0.0009419401704 39.97208981 84888.2316 244328.9163 416876.2813 824978.1279 695912.5383 994794.0911 958828.768 1112429.35 1292639.823 1364584.182 1171378.455 1193582.677 1192886.627 1240393.179 967650.1854 1134176.882 846728.7627 926314.2492 697201.9168 394708.9272 267007.29 10614.29546 3576.133719 0.001947145461 1.119710152e-13 1.627982638e-36 6.791346486e-66 7.305161538e-82 2.435883514e-130 2.587070994e-161 3.343902183e-191 3.148518759e-239 0 0 0 0 0 0 0 0 0 
0 0 0 0 0 0 0 0 0 6.217144882e-233 1.007771368e-191 2.519445433e-151 8.13002314e-122 2.205787057e-91 2.550596622e-58 3.212144234e-42 2.375375591e-12 0.0003527451252 1.276429469 8537.447993 23703.71789 54864.81881 62771.25136 88941.26139 93439.82958 82568.04041 98125.98888 128869.5295 90804.4689 101151.9141 113085.6816 85280.72904 95373.20132 109679.1865 91537.56572 116841.5666 83713.75068 75012.0042 39399.13989 22794.36527 3142.531744 192.6718223 0.0006213326446 8.753155187e-17 3.598061353e-35 7.445523042e-72 4.315802499e-86 5.110012003e-121 6.25242166e-164 8.588801679e-188 5.241939947e-234 0 0 0 0 0 0 0 0 0 
0 0 0 0 0 0 0 0 0 2.708824844e-223 2.280530305e-191 4.208812127e-164 7.953221642e-119 1.06457866e-96 9.440289827e-58 3.169288649e-43 3.728214905e-18 3.129987641e-05 0.1862237701 24.50320222 29.964336 192.4460215 228.3286805 186.2915313 85.14672927 35.79502552 170.6546247 374.1073823 146.162271 436.411934 101.1779601 179.9297715 95.28512029 224.0669931 170.5223377 304.7850145 94.83724815 99.15973279 103.7746894 77.33010234 12.88525069 0.8653923696 5.205114539e-08 1.287576431e-18 2.97771045e-38 4.817070163e-70 1.709047368e-87 9.717464611e-134 1.427704693e-158 3.853408241e-182 9.297455005e-236 0 0 0 0 0 0 0 0 0 
0 0 0 0 0 0 0 0 0 8.062257408e-230 1.667497708e-200 3.096752974e-158 1.455204929e-133 5.189501511e-104 2.527647691e-69 1.033933394e-48 1.289038462e-28 1.846559906e-12 1.485816232e-09 1.883248402e-05 0.000200183047 2.204404086e-06 0.0005047356487 0.0001412096371 0.001403444163 0.000654950646 0.0005086678881 0.0002952491535 0.0001433445512 0.001399497409 4.842022062e-05 4.885952276e-05 0.0006917248256 0.0001239467398 0.0008648106039 0.0003351835449 2.896555078e-05 7.989220741e-05 0.0003401638928 7.306952442e-05 3.755486128e-06 6.579209405e-08 1.605978812e-12 3.329503985e-27 3.36145099e-47 1.406265715e-84 2.071016239e-93 2.289959322e-130 2.022985926e-171 2.382172255e-197 1.67228416e-249 0 0 0 0 0 0 0 0 0 
0 0 0 0 0 0 0 0 0 1.156798171e-254 8.507421469e-210 1.466173183e-168 5.978994741e-144 5.569715504e-111 3.270849528e-76 9.446149693e-63 2.98465173e-30 5.966615759e-21 6.737474824e-17 1.702983524e-14 6.729559059e-14 2.666605581e-13 2.052667458e-15 2.261082627e-13 2.343428626e-14 1.422012844e-13 6.763808176e-13 9.051101138e-15 7.330607853e-14 5.041658137e-14 1.361487803e-13 2.373691261e-14 6.022842884e-15 2.688183677e-13 1.187999379e-12 2.221208193e-11 2.703215799e-13 1.52523045e-13 2.240269997e-13 8.163548342e-15 1.589381614e-17 2.838429636e-16 1.158401568e-20 1.423936567e-34 1.698073606e-59 1.649222126e-85 9.884186426e-104 8.491517385e-147 1.154793868e-178 1.295377024e-201 2.249525435e-247 0 0 0 0 0 0 0 0 0 
0 0 0 0 0 0 0 0 0 3.392475816e-275 1.706003135e-230 1.205589285e-201 2.513150302e-150 1.427487259e-124 9.269423608e-90 7.58147655e-72 9.047312433e-40 3.084012867e-33 6.444177025e-28 4.824941572e-23 1.304778629e-24 5.594036658e-25 2.030653981e-22 1.730723397e-24 9.980578003e-24 5.826791e-23 5.327070683e-24 2.32270118e-23 9.477592502e-22 9.575966034e-25 2.018456963e-24 3.436651506e-22 1.180781768e-21 3.760789802e-22 7.842912388e-24 2.057338508e-23 1.941020504e-22 1.695993002e-22 6.928356444e-23 1.777440568e-24 3.077819568e-26 2.290198694e-24 2.197494241e-33 2.160237385e-45 2.341002216e-63 2.105877283e-101 4.620354347e-114 1.125705805e-157 6.771523515e-196 8.047671348e-222 9.987619672e-266 0 0 0 0 0 0 0 0 0 
0 0 0 0 0 0 0 0 0 1.516578061e-269 8.102733118e-231 4.404422199e-200 3.674401269e-159 4.126525263e-135 3.524098761e-100 3.323601608e-80 2.812393005e-53 5.565586832e-43 8.910871263e-39 9.703257436e-35 2.228511508e-34 2.602720829e-36 1.180328601e-36 9.928228603e-34 1.033865638e-35 1.60478191e-35 2.443503233e-34 1.225164833e-33 1.803115058e-35 1.209321959e-35 4.518766047e-35 3.058197724e-34 2.665568684e-35 1.133192106e-35 1.262719628e-33 1.47504633e-34 8.913277904e-36 4.962855699e-36 2.702781518e-34 1.82206721e-35 1.710490695e-36 8.753278303e-37 6.942572451e-42 2.708201423e-57 1.049983904e-78 1.044061289e-107 6.822511002e-125 3.403973754e-180 1.08648088e-202 1.670405102e-227 4.696873615e-277 0 0 0 0 0 0 0 0 0 
0 0 0 0 0 0 0 0 0 5.716459209e-277 9.597154249e-248 2.273325988e-216 1.820908625e-173 8.230629753e-145 3.937037096e-118 2.487441457e-96 4.337749756e-70 4.390161309e-58 2.745565053e-54 7.937497182e-50 1.155933796e-50 4.914126054e-46 1.036342964e-48 6.456740514e-49 1.991791881e-43 1.492691044e-47 4.306650304e-46 2.410978773e-49 4.962492688e-49 7.092635926e-49 1.307988123e-50 6.725408246e-47 4.064174161e-49 1.5839308e-50 2.481238535e-50 1.066947549e-49 8.44809543e-48 2.714633051e-49 3.01381091e-47 1.18417885e-49 4.264136135e-53 4.591755733e-48 3.161728794e-58 2.487934804e-69 9.861377448e-88 2.744422803e-119 8.921097408e-137 8.969628519e-180 1.200160819e-217 8.720107484e-254 9.417092895e-288 0 0 0 0 0 0 0 0 0 
0 0 0 0 0 0 0 0 0 3.594530594e-295 5.266980963e-260 2.458342359e-231 3.872867694e-190 2.129229184e-171 1.756836613e-140 2.343884875e-100 1.871798384e-88 6.586348836e-69 9.322448447e-64 2.513276198e-64 5.964573466e-61 1.935650152e-58 2.416863691e-61 1.905188982e-58 5.781009601e-61 2.547779575e-61 2.009228412e-60 3.073041297e-61 2.596649521e-59 6.286592842e-61 2.139589586e-59 1.674811353e-60 2.912061074e-59 3.603727394e-60 1.118250391e-58 1.690902888e-59 3.616441154e-59 1.562231246e-62 1.350208402e-60 2.350000367e-61 3.760183046e-60 1.2046635e-64 1.522624837e-75 1.852450094e-84 2.874401063e-106 6.545195825e-147 8.835856884e-144 2.616554096e-196 5.77639443e-241 8.113313264e-262 3.293978226e-311 0 0 0 0 0 0 0 0 0 
0 0 0 0 0 0 0 0 0 3.458459521e-323 2.831093694e-277 1.711960253e-241 1.398318178e-202 6.80532816e-171 2.241250642e-139 3.578809363e-125 2.611156238e-103 9.51096848e-91 1.22664459e-82 1.430908042e-77 3.020704985e-76 2.838047354e-77 2.871477745e-75 1.88441712e-78 5.147361088e-76 4.055090209e-77 1.97667662e-76 1.579775706e-77 1.843049128e-76 1.239366966e-76 3.367560302e-75 6.514572743e-77 2.001966045e-76 6.425343605e-76 9.426663106e-77 1.955222913e-77 3.390501633e-79 2.29422846e-77 1.802391938e-78 1.067847221e-78 2.590874398e-78 3.575591148e-77 4.85451573e-90 2.805292957e-101 4.625741744e-123 2.385208218e-155 8.765056239e-166 5.538988816e-206 5.724914021e-248 2.955118961e-278 0 0 0 0 0 0 0 0 0 0 
0 0 0 0 0 0 0 0 0 0 1.552546372e-292 7.358911563e-260 4.953952097e-220 1.010709462e-196 7.596078571e-154 5.658719121e-148 1.927255607e-121 1.76289271e-104 1.155316999e-100 2.623093295e-94 2.285448106e-91 1.338920848e-89 5.098638752e-95 8.529208574e-95 3.108446604e-88 2.345046433e-86 3.776804655e-95 1.901632577e-95 2.723188757e-96 4.505687708e-91 7.186164713e-95 1.00058917e-94 2.086260684e-89 1.227851149e-87 7.197423141e-96 3.975990657e-96 1.657284359e-88 3.517028265e-100 5.415007538e-90 5.576785973e-88 3.676676163e-98 7.276346145e-103 1.205605995e-108 1.566467948e-119 1.676790223e-131 7.970108636e-176 3.185877629e-186 2.12570118e-226 1.012115917e-261 1.143981383e-292 0 0 0 0 0 0 0 0 0 0 
0 0 0 0 0 0 0 0 0 0 0 8.94823489e-268 3.278330679e-237 1.802383419e-211 9.333658255e-191 6.892297582e-161 1.524302086e-147 4.330937962e-116 1.789653094e-114 1.601424854e-108 0 1.021116444e-107 2.267138608e-108 1.950438577e-110 9.085152681e-110 2.84911938e-107 4.209107466e-109 8.084679194e-107 5.349861878e-110 1.282226965e-108 7.487945204e-107 6.956769425e-109 1.118816961e-110 6.756277763e-108 5.554982111e-117 4.018500983e-111 6.146424664e-110 1.516682662e-108 1.158120319e-109 3.885235476e-109 1.523611965e-107 3.728808116e-112 2.122190345e-127 2.513194427e-139 4.503891325e-162 1.121145725e-188 2.566805371e-192 1.735893614e-264 3.797739128e-271 0 0 0 0 0 0 0 0 0 0 0 
0 0 0 0 0 0 0 0 0 0 0 0 0 0 0 0 0 0 0 0 0 0 0 0 0 0 0 0 0 0 0 0 0 0 0 0 0 0 0 0 0 0 0 0 0 0 0 0 0 0 0 0 0 0 0 0 0 0 0 0 
0 0 0 0 0 0 0 0 0 0 0 0 0 0 0 0 0 0 0 0 0 0 0 0 0 0 0 0 0 0 0 0 0 0 0 0 0 0 0 0 0 0 0 0 0 0 0 0 0 0 0 0 0 0 0 0 0 0 0 0 
0 0 0 0 0 0 0 0 0 0 0 0 0 0 0 0 0 0 0 0 0 0 0 0 0 0 0 0 0 0 0 0 0 0 0 0 0 0 0 0 0 0 0 0 0 0 0 0 0 0 0 0 0 0 0 0 0 0 0 0 
0 0 0 0 0 0 0 0 0 0 0 0 0 0 0 0 0 0 0 0 0 0 0 0 0 0 0 0 0 0 0 0 0 0 0 0 0 0 0 0 0 0 0 0 0 0 0 0 0 0 0 0 0 0 0 0 0 0 0 0 
0 0 0 0 0 0 0 0 0 0 0 0 0 0 0 0 0 0 0 0 0 0 0 0 0 0 0 0 0 0 0 0 0 0 0 0 0 0 0 0 0 0 0 0 0 0 0 0 0 0 0 0 0 0 0 0 0 0 0 0 
0 0 0 0 0 0 0 0 0 0 0 0 0 0 0 0 0 0 0 0 0 0 0 0 0 0 0 0 0 0 0 0 0 0 0 0 0 0 0 0 0 0 0 0 0 0 0 0 0 0 0 0 0 0 0 0 0 0 0 0 
0 0 0 0 0 0 0 0 0 0 0 0 0 0 0 0 0 0 0 0 0 0 0 0 0 0 0 0 0 0 0 0 0 0 0 0 0 0 0 0 0 0 0 0 0 0 0 0 0 0 0 0 0 0 0 0 0 0 0 0 
0 0 0 0 0 0 0 0 0 0 0 0 0 0 0 0 0 0 0 0 0 0 0 0 0 0 0 0 0 0 0 0 0 0 0 0 0 0 0 0 0 0 0 0 0 0 0 0 0 0 0 0 0 0 0 0 0 0 0 0 
# Errors [DivMonGuideExit/divguide.dat] I_err:
0 0 0 0 0 0 0 0 0 0 0 0 0 0 0 0 0 0 0 0 0 0 0 0 0 0 0 0 0 0 0 0 0 0 0 0 0 0 0 0 0 0 0 0 0 0 0 0 0 0 0 0 0 0 0 0 0 0 0 0 
0 0 0 0 0 0 0 0 0 0 0 0 0 0 0 0 0 0 0 0 0 0 0 0 0 0 0 0 0 0 0 0 0 0 0 0 0 0 0 0 0 0 0 0 0 0 0 0 0 0 0 0 0 0 0 0 0 0 0 0 
0 0 0 0 0 0 0 0 0 0 0 0 0 0 0 0 0 0 0 0 0 0 0 0 0 0 0 0 0 0 0 0 0 0 0 0 0 0 0 0 0 0 0 0 0 0 0 0 0 0 0 0 0 0 0 0 0 0 0 0 
0 0 0 0 0 0 0 0 0 0 0 0 0 0 0 0 0 0 0 0 0 0 0 0 0 0 0 0 0 0 0 0 0 0 0 0 0 0 0 0 0 0 0 0 0 0 0 0 0 0 0 0 0 0 0 0 0 0 0 0 
0 0 0 0 0 0 0 0 0 0 0 0 0 0 0 0 0 0 0 0 0 0 0 0 0 0 0 0 0 0 0 0 0 0 0 0 0 0 0 0 0 0 0 0 0 0 0 0 0 0 0 0 0 0 0 0 0 0 0 0 
0 0 0 0 0 0 0 0 0 0 0 0 0 0 0 0 0 0 0 0 0 0 0 0 0 0 0 0 0 0 0 0 0 0 0 0 0 0 0 0 0 0 0 0 0 0 0 0 0 0 0 0 0 0 0 0 0 0 0 0 
0 0 0 0 0 0 0 0 0 0 0 0 0 0 0 0 0 0 0 0 0 0 0 0 0 0 0 0 0 0 0 0 0 0 0 0 0 0 0 0 0 0 0 0 0 0 0 0 0 0 0 0 0 0 0 0 0 0 0 0 
0 0 0 0 0 0 0 0 0 0 0 0 0 0 0 0 0 0 0 0 0 0 0 0 0 0 0 0 0 0 0 0 0 0 0 0 0 0 0 0 0 0 0 0 0 0 0 0 0 0 0 0 0 0 0 0 0 0 0 0 
0 0 0 0 0 0 0 0 0 0 3.340431519e-300 0 0 0 0 1.239661918e-161 8.852893517e-148 0 3.644005714e-115 4.306965049e-110 1.404559867e-109 1.786265652e-107 0 1.44982407e-110 9.712591102e-110 1.396875966e-109 2.958007748e-118 2.458981484e-108 4.984846324e-109 7.604325061e-110 2.909407289e-108 2.505681296e-110 2.274194765e-109 8.938199955e-107 1.342186598e-110 5.968940689e-108 8.299012301e-108 5.560037076e-109 1.94045954e-107 2.789304355e-110 9.205246891e-109 5.883195668e-113 2.730912912e-131 1.42306179e-133 2.590529586e-149 0 4.014758193e-207 0 0 0 0 0 0 0 0 0 0 0 0 0 
0 0 0 0 0 0 0 0 0 0 0 0 0 0 6.286911139e-162 5.040644195e-143 5.822073177e-120 2.770725173e-105 1.235107385e-103 5.484983349e-99 3.38495023e-96 9.710785785e-97 2.063606982e-92 3.921797861e-98 5.546002727e-94 8.227962058e-99 6.218153467e-88 7.941136242e-94 4.264647809e-94 3.775363364e-97 1.409264402e-91 2.281257939e-89 4.476857938e-92 2.890431254e-93 1.914140501e-91 4.923479008e-98 1.368010834e-92 9.469794108e-90 1.246586467e-95 4.424351793e-95 1.567792319e-99 4.687687977e-101 1.860913096e-108 2.936454295e-122 2.66954314e-135 0 0 0 0 0 0 0 0 0 0 0 0 0 0 0 
0 0 0 0 0 0 0 0 0 0 0 0 0 0 1.500690937e-135 5.075381923e-129 6.043640209e-101 4.264988337e-84 1.053435026e-80 6.229630635e-80 5.791226585e-76 9.867723085e-76 7.502542952e-80 1.554508638e-76 3.784263941e-77 9.964254633e-77 1.002732628e-75 8.80001566e-77 1.936805739e-76 8.970854047e-76 2.790949844e-76 9.111995962e-78 3.967969875e-78 6.441742896e-76 1.980166054e-77 1.791626718e-77 4.153171655e-79 1.527832367e-79 8.11763091e-81 1.614921966e-76 2.880336512e-79 2.933338854e-82 1.93132805e-92 3.204708957e-99 1.670705375e-114 9.350180212e-157 0 0 0 0 0 0 0 0 0 0 0 0 0 0 
0 0 0 0 0 0 0 0 0 0 0 0 0 0 6.480303811e-130 3.633402088e-112 3.184613933e-93 2.802420732e-66 7.491139187e-63 9.405207009e-59 2.287562853e-60 4.818658796e-59 8.63651442e-59 2.129421922e-60 1.346331493e-59 9.179939352e-59 1.586632681e-59 1.048400739e-61 5.583129804e-59 6.180071429e-63 4.885395513e-60 2.329329014e-63 3.005559175e-59 6.570146716e-59 1.625360595e-59 2.605302478e-59 1.73809877e-61 4.177861107e-61 5.668395297e-60 9.007789761e-61 7.96418607e-61 3.888475354e-61 6.008917248e-69 4.624555262e-82 1.220003177e-109 5.978615894e-139 2.194194066e-150 0 0 0 0 0 0 0 0 0 0 0 0 0 
0 0 0 0 0 0 0 0 0 0 0 0 0 1.688622498e-149 5.177652549e-115 1.633233143e-94 7.619782054e-71 2.573989065e-54 1.604800523e-51 4.817016011e-50 1.791328326e-50 5.720568554e-49 2.669026279e-50 6.445168665e-48 6.72565129e-49 5.6250865e-49 1.934146019e-50 9.062240591e-48 8.633781361e-50 1.471679502e-44 5.314010943e-48 1.340908689e-48 1.49346437e-50 4.893278191e-48 6.495997459e-50 3.417915117e-49 3.077300612e-48 9.168752329e-49 4.271362045e-49 5.30541208e-49 1.500143568e-51 5.294112865e-52 2.522168898e-61 5.047159923e-66 1.285402349e-92 1.428328794e-126 1.046982453e-141 0 0 0 0 0 0 0 0 0 0 0 0 0 
0 0 0 0 0 0 0 0 0 0 0 0 1.423260042e-161 1.693169681e-140 2.381624965e-102 8.888300869e-86 2.742180801e-54 1.331938642e-44 8.963235368e-39 4.172756215e-38 2.177336129e-36 9.894274438e-37 5.280431946e-34 9.17623953e-35 5.027979572e-35 5.059677851e-35 2.892758675e-34 2.341896837e-33 9.167162331e-35 2.235379603e-36 1.830979345e-36 2.514272287e-34 3.676153598e-36 5.47024887e-37 2.172854614e-34 1.388628537e-33 3.08956505e-33 1.004644423e-34 1.749535055e-34 7.543078579e-34 3.43348344e-36 1.114307976e-37 2.598119731e-45 2.007670564e-61 1.161328135e-79 1.42626803e-107 3.864965486e-125 0 0 0 0 0 0 0 0 0 0 0 0 0 
0 0 0 0 0 0 0 0 0 0 0 0 1.271550777e-148 8.327309185e-133 6.206986779e-87 6.7652116e-70 4.483975393e-45 6.627492745e-31 5.802318042e-27 2.991091637e-25 2.73429112e-26 1.60494107e-22 1.773546625e-23 1.08196865e-22 1.576876016e-25 5.726361152e-23 1.054127692e-23 1.526725777e-23 1.837140387e-22 1.754976584e-22 4.169804001e-23 1.548909913e-21 2.980625743e-24 1.506150106e-23 1.008034838e-23 1.041396709e-25 2.716924714e-25 6.582100206e-23 5.848463212e-25 5.767099108e-24 3.842941866e-23 2.473358e-25 3.944284485e-32 6.214399914e-44 5.704564166e-67 1.695858002e-104 9.209501578e-113 0 0 0 0 0 0 0 0 0 0 0 0 0 
0 0 0 0 0 0 0 0 0 0 0 0 1.211995344e-134 1.812465638e-114 7.954534029e-78 5.99892662e-60 3.072329245e-40 3.11356183e-21 4.407861443e-17 6.1494575e-14 5.722327301e-14 3.264794015e-13 5.599148453e-14 5.677496734e-13 1.909527469e-14 7.4337217e-13 9.734693422e-13 5.752418872e-14 4.559273586e-13 1.344004638e-13 2.737014944e-14 5.79299793e-15 1.129898062e-13 7.048544432e-14 4.374288852e-13 4.980014656e-15 1.625028674e-14 2.175987936e-15 3.188982507e-15 1.062340105e-13 2.465594527e-16 4.416540057e-16 3.197376834e-27 2.068457776e-36 4.968069062e-55 1.069469349e-92 1.923647747e-102 2.269410936e-138 0 0 0 0 0 0 0 0 0 0 0 0 
0 0 0 0 0 0 0 0 0 0 0 2.222758749e-162 1.680892243e-129 9.794153239e-112 3.138082738e-74 1.277536319e-52 5.416648067e-22 1.800010757e-11 6.136772021e-11 4.578953694e-07 1.478252482e-05 2.692721768e-05 5.358366276e-05 0.0002116520667 0.0005244392438 0.000133180713 0.0003801935637 0.0006301830793 0.0003857670773 0.0006722135282 8.490564607e-06 6.382569437e-05 0.000145947598 2.402249347e-06 5.596544547e-05 0.0002348253513 3.224410884e-05 2.993457143e-05 7.168605309e-06 0.0001167659191 8.864920304e-06 2.053833249e-06 1.05666126e-10 4.250129434e-23 5.5706801e-46 7.203592893e-83 1.322986955e-95 2.074370833e-137 0 0 0 0 0 0 0 0 0 0 0 0 
0 0 0 0 0 0 0 0 0 0 0 4.294585904e-155 5.131495718e-119 1.914668357e-100 5.992457557e-64 5.249353013e-43 3.491673703e-17 2.506852975e-06 0.003932077766 21.7906316 7.553310003 31.13014633 128.9279452 67.47416175 132.3883751 26.57268305 168.5486785 199.3499295 34.14771768 92.91942955 135.8587459 47.41847317 127.3388092 65.97075043 185.5427233 131.8213599 81.94912053 72.86270619 108.4995522 29.97387382 1.140610397 2.086700733 4.881347477e-09 8.722394588e-19 1.538575451e-35 5.962452721e-80 6.695545022e-90 1.909904534e-125 0 0 0 0 0 0 0 0 0 0 0 0 
0 0 0 0 0 0 0 0 0 0 0 4.07506469e-150 2.127164353e-122 9.880545378e-94 2.28900954e-63 9.047408674e-43 3.328390951e-13 0.001123819185 1.370960168 4259.235872 5190.253249 9070.375368 15767.77278 18970.6476 22431.89298 20359.78404 24074.04383 21767.58817 19718.18913 28103.74822 23306.59768 19700.56384 22571.54779 15452.24814 19258.90719 21977.00995 21956.35784 11176.83865 9730.566857 4611.914366 1747.273662 100.2786964 0.0008059990532 3.667307002e-14 7.120910312e-32 6.253277251e-72 2.612867899e-85 1.316487431e-118 8.608707619e-162 0 0 0 0 0 0 0 0 0 0 0 
0 0 0 0 0 0 0 0 0 0 0 2.523944156e-156 2.920357148e-114 6.263056528e-98 1.851164818e-59 3.821699699e-41 8.792648234e-17 0.0009335378465 366.5297754 13153.49396 25794.24429 53292.79137 79618.4638 97452.17024 129115.3845 115699.6973 134765.2331 130175.8975 130236.7881 119893.7979 123578.2325 130113.7565 118494.4894 125698.9953 102077.9817 111487.7007 117682.6579 68782.20882 53236.88656 37867.4055 3816.391633 1421.262995 0.0009245268546 1.273914676e-15 1.909363415e-34 1.416583403e-71 2.115383463e-86 2.682800141e-128 0 0 0 0 0 0 0 0 0 0 0 0 
0 0 0 0 0 0 0 0 0 0 0 1.501123522e-149 9.868070857e-123 3.115457625e-92 3.271145916e-58 1.742603856e-39 2.15140069e-11 0.01676543907 550.5415203 19416.05361 41232.30688 98672.48087 182048.5363 218175.2066 272546.5787 251178.8937 298409.6768 267776.9377 276536.5248 297226.509 283685.2865 278019.0682 266232.4563 270244.0437 274561.5376 242329.5898 228476.7496 160617.9865 104809.4943 58659.07099 5854.636903 1541.42202 0.0005357546078 1.717120536e-15 3.424339352e-33 7.554462651e-69 1.498276718e-82 9.254749428e-115 9.347063946e-160 0 0 0 0 0 0 0 0 0 0 0 
0 0 0 0 0 0 0 0 0 0 0 9.101094269e-157 1.508760541e-122 4.680936235e-92 3.296258524e-58 3.678543096e-39 2.155101679e-16 0.09857421733 28.43591765 25283.00958 58620.98514 140066.934 268633.5937 306816.6343 429502.5284 445059.1487 471352.4202 487618.5127 482380.4511 503700.6721 478912.4518 470113.6762 506757.4687 460817.5271 456671.2792 393495.0368 358636.4836 211981.8965 142741.9674 80562.58117 8017.679066 1208.255874 0.1104117167 3.235721549e-15 2.590258103e-34 4.988395816e-68 1.080063743e-81 7.940896346e-137 3.221696927e-160 0 0 1.065952448e-266 0 0 0 0 0 0 0 0 
0 0 0 0 0 0 0 0 0 0 0 5.328823086e-157 5.200224526e-117 2.177492861e-94 1.661741413e-53 1.04707783e-37 3.772880485e-15 0.04374237174 370.9314487 34465.5051 61751.41156 180306.7619 326202.0207 392340.5332 565556.2746 604497.5535 658759.7965 699988.5913 676669.6197 698351.774 673709.6589 677615.7131 669359.4806 658273.1983 670174.4439 501658.6761 485385.8804 284579.1735 158499.7042 92344.16684 10120.10102 2015.629882 0.02789968313 2.430842381e-17 4.905226959e-31 9.137946763e-67 5.757140871e-84 3.751683476e-122 1.899646145e-160 0 0 0 0 0 0 0 0 0 0 0 
0 0 0 0 0 0 0 0 0 0 0 1.636898461e-159 8.872072227e-113 1.794224794e-96 6.340109439e-59 2.533448611e-41 2.67624468e-11 0.6160783306 448.6755633 35970.62247 68205.39173 201215.1271 401449.9136 446688.274 704546.4139 705801.2682 817837.3961 853612.6532 844753.6547 857104.0009 882802.6346 831328.1517 846977.0799 830042.9983 779534.8026 630149.1508 585248.5479 319455.8241 193776.6214 107827.417 8796.291397 2390.132291 0.0001013666366 1.893082684e-13 1.043628876e-33 3.866749466e-65 1.895417472e-79 1.48391242e-123 1.015564889e-153 0 0 0 0 0 0 0 0 0 0 0 
0 0 0 0 0 0 0 0 0 0 0 2.959183924e-152 3.945339601e-116 1.887022864e-89 3.434847525e-56 7.177821194e-41 3.809743969e-11 0.02388233733 357.8138843 37225.76587 80261.38388 224101.6634 440710.6904 493377.5531 834298.3027 796589.7753 929488.2656 908911.8413 906240.9014 931492.7032 969174.8895 961741.0747 902646.5539 882906.2447 865431.2818 690833.5605 669009.7175 352778.1369 204080.3358 117742.7627 11030.66153 2309.093313 0.007394056354 1.864075597e-14 5.29251393e-38 3.53905457e-76 1.33615946e-81 4.295291388e-132 4.920286236e-161 0 0 0 0 0 0 0 0 0 0 0 
0 0 0 0 0 0 0 0 0 0 0 1.173100678e-156 4.255635294e-114 2.112669035e-100 2.279761867e-57 1.556841087e-43 1.062223928e-12 0.008981574261 369.4181965 40328.36707 75368.45016 223601.9963 461507.3422 523030.154 861678.6079 884901.1764 1014475.943 1042043.608 1067492.299 1070614.908 1033988.079 1020044.006 990053.9984 981929.8415 986029.599 735638.6884 692126.4282 370591.6849 196620.3574 119732.5931 11990.3222 2604.726723 0.1933571976 1.8238391e-12 1.912340796e-33 1.823700248e-74 8.679117218e-81 2.058772924e-111 9.183518157e-161 0 0 1.009554502e-266 0 0 0 0 0 0 0 0 
0 0 0 0 0 0 0 0 0 0 0 1.958863906e-149 3.513246396e-119 9.27336463e-91 3.411188233e-61 4.208455693e-44 6.126589133e-11 0.04352050103 446.5036564 35968.28794 81137.09343 239684.2073 443841.4115 520972.7811 875725.2997 888805.4647 996697.9241 1063520.679 1023765.641 1062294.84 1049663.537 1008239.893 1100991.654 1003175.421 956326.3129 729231.9585 679859.3173 342739.8112 197774.1649 117307.1846 11069.82264 140.6693634 0.001123946097 1.357742405e-14 1.705641122e-32 7.112569526e-72 6.95445632e-86 1.548598611e-128 0 0 0 0 0 0 0 0 0 0 0 0 
0 0 0 0 0 0 0 0 0 0 0 9.805281783e-150 4.688921315e-113 2.863270717e-93 1.021370738e-56 1.528713317e-37 4.657790803e-11 0.04438420018 107.2566823 37009.44793 81501.87223 236451.9028 445862.5886 525147.6754 867047.9703 879323.4302 961368.3615 1058778.367 1052186.883 1032547.899 1052886.225 1064373.497 1017525.52 971258.9933 989652.5873 718737.8327 680747.825 379633.9286 213461.295 112972.5149 11944.96567 2170.991126 0.01849244997 1.99629851e-13 3.825196284e-30 1.99237995e-77 2.1921218e-83 8.404343564e-121 4.097607327e-156 0 0 0 0 0 0 0 0 0 0 0 
0 0 0 0 0 0 0 0 0 0 0 8.576102933e-154 1.135051825e-117 3.350014351e-96 7.195526975e-54 4.385202634e-41 2.276135738e-12 0.0151714739 1196.311691 44075.30613 84219.67907 238254.0422 466698.8073 566315.1529 853583.2819 915678.0941 1037700.841 1056934.394 1050235.407 1074204.07 1105413.597 1050432.752 1024659.015 1010398.739 1004012.056 768672.9949 657565.4604 387578.4289 226097.9333 127812.4292 8271.55741 2118.313177 0.02149797405 6.68076998e-15 2.483993555e-36 1.915801657e-71 1.34507733e-83 2.684362248e-122 3.048037716e-159 0 0 0 0 0 0 0 0 0 0 0 
0 0 0 0 0 0 0 0 0 0 0 3.148490194e-155 6.415290437e-113 2.355787155e-95 1.488799913e-56 5.754046742e-41 9.072003791e-15 0.022158006 240.4326856 39994.65999 92749.77141 238229.7838 460708.0184 523990.6509 835023.3868 872168.7694 1030553.005 1104230.043 1041516.08 1068657.21 1097058.087 1083088.491 999922.5398 1021450.659 976520.1298 736012.1364 681136.2517 368465.0002 203834.026 128071.2377 11242.85555 1329.288522 0.003462992211 3.032544841e-14 7.723438031e-32 1.589807412e-68 2.899629417e-80 5.570084382e-126 3.968853855e-160 0 0 0 0 0 0 0 0 0 0 0 
0 0 0 0 0 0 0 0 0 0 0 3.299581521e-147 1.050092666e-119 2.008632434e-90 6.068634993e-58 8.001119573e-41 2.59582072e-13 0.3422036293 725.6461384 31603.83916 83497.54912 240911.9387 428603.988 560738.2417 862508.6842 928091.3264 1003626.773 1051300.928 1027372.629 1056503.866 1092090.21 1059407.955 1055885.927 1002680.637 960533.4624 731612.1887 700421.4811 366588.2465 230941.5768 116706.7293 11656.18718 2461.326863 0.05455938519 1.033810317e-12 2.589845837e-33 6.591842276e-70 9.595795852e-84 1.056290904e-122 4.044612383e-155 0 0 4.859253207e-269 0 0 0 0 0 0 0 0 
0 0 0 0 0 0 0 0 0 0 0 5.649365591e-150 7.7260027e-115 1.053293042e-94 8.116033445e-60 7.938651061e-38 1.008820929e-14 0.2836677689 45.87998923 38721.20498 81725.9792 233545.5486 451298.5921 548083.4001 860745.0013 910975.6022 1003016.75 1066697.24 1011820.506 1115391.068 1054899.678 1063675.47 961788.559 984075.2681 985561.5105 741741.6361 690899.1881 343176.1431 209587.7156 126754.7382 10676.7836 2875.783991 0.001024489523 1.228476213e-11 4.719614961e-36 8.131136198e-76 3.188059546e-84 1.078688282e-124 0 0 0 0 0 0 0 0 0 0 0 0 
0 0 0 0 0 0 0 0 0 0 0 3.209793187e-147 1.48376398e-116 4.095853568e-91 7.584541425e-64 2.202020334e-39 4.430680235e-14 0.01920835723 210.5292965 34408.48071 83771.02925 225800.0733 464131.7787 560406.2304 864789.6782 897126.8012 1029023.756 1038413.028 1014541.684 1100214.131 1040946.297 1061036.494 1021339.032 1008019.346 958178.6141 738470.4796 695640.6305 377520.3028 201053.0089 121511.6116 9410.450334 2162.07353 0.01476865395 2.19780335e-15 5.155942769e-37 3.012794921e-68 5.732318234e-86 1.741071981e-129 1.259151747e-153 0 0 0 0 0 0 0 0 0 0 0 
0 0 0 0 0 0 0 0 0 0 0 8.275020498e-158 1.526382623e-113 4.51769797e-93 8.649669084e-62 9.462296837e-38 9.187895036e-12 0.2325294751 462.3861548 31014.9514 88194.48693 243934.619 409890.3265 542991.3695 881768.1686 884021.8726 1023987.638 996040.4936 1041532.049 1144088.718 1087659.962 1130532.519 1062304.167 960901.282 969358.1723 744387.821 704904.4633 330460.3435 213709.3394 125459.7323 9707.666408 2549.232712 0.0001979878466 1.265506487e-15 2.102007773e-34 4.818290678e-73 8.517176885e-81 3.178891736e-122 5.3606347e-159 0 0 0 0 0 0 0 0 0 0 0 
0 0 0 0 0 0 0 0 0 0 0 8.317483367e-155 2.707031268e-115 4.601241031e-99 1.651893455e-64 6.124543914e-37 9.989763869e-12 0.1601730911 121.2945608 34723.91626 89322.03936 226868.2166 421823.4733 587182.4939 808644.0841 900348.4216 986340.6157 1055363.02 1041178.739 1081823.822 965867.9376 1058500.216 950630.0665 960472.9962 986652.478 761913.7833 709490.1389 338280.008 217432.6598 120398.9053 13683.86804 3672.527825 0.0005309808448 3.046320786e-16 3.620005846e-27 2.399290726e-76 6.772236674e-81 5.069976164e-133 2.793964424e-161 0 0 0 0 0 0 0 0 0 0 0 
0 0 0 0 0 0 0 0 0 0 0 2.891751086e-155 1.363750581e-115 3.498299627e-95 2.091425407e-54 5.753088627e-40 6.2403846e-12 0.005435179773 249.8050259 41614.4582 90416.56036 233263.0351 444627.9424 521591.6592 826567.4204 866259.1997 965993.0157 965147.8719 955871.3756 985380.3478 967242.2497 986576.2746 959302.9778 903134.031 924921.8118 709011.9289 646965.4492 357819.6282 210138.5523 119819.4461 12414.38032 2721.803323 0.002438145668 4.526228391e-15 2.483349944e-35 2.384196155e-77 1.662727041e-84 4.867461363e-129 0 0 0 0 0 0 0 0 0 0 0 0 
0 0 0 0 0 0 0 0 0 0 0 1.036431309e-147 3.117627229e-117 7.205276381e-87 1.818266321e-54 1.69091818e-38 1.834514886e-14 0.06708358514 415.2001006 38391.7564 71166.0893 212252.1737 394241.1419 476611.5016 708464.7802 711345.9552 784596.7259 868739.9907 845224.7223 891493.007 845463.4683 851821.1404 860714.0214 794150.9789 806712.1848 596656.37 592975.909 306595.5365 192136.7693 103754.0981 15623.31944 940.8743609 0.005843962262 7.627802177e-14 3.893146615e-30 3.621463624e-73 1.982320963e-85 8.273188173e-124 0 0 0 0 0 0 0 0 0 0 0 0 
0 0 0 0 0 0 0 0 0 0 0 1.26680129e-152 4.354887643e-118 7.234800525e-96 1.254026979e-54 1.403620912e-41 6.645584702e-13 0.007113502645 364.4743357 30884.1607 60360.32175 171862.3326 332300.9978 385788.1897 559038.2653 561934.0331 647893.4975 638651.1575 654153.0854 666626.6468 695447.7439 678090.0807 706935.2244 682096.0355 627981.6649 517318.3085 477822.1036 277952.3065 170583.2465 90121.04931 8458.055923 1032.595013 0.09282845747 2.571176554e-14 3.393295423e-43 3.011032774e-70 6.573292452e-82 2.919571291e-121 5.418054858e-158 0 0 0 0 0 0 0 0 0 0 0 
0 0 0 0 0 0 0 0 0 0 0 1.061586777e-147 1.648945387e-123 2.97015155e-97 1.130448308e-56 4.66949133e-40 5.480264804e-16 0.06717624712 361.1672724 23271.94997 51513.64319 156975.376 266593.718 302166.1521 395779.8588 401937.9801 439621.5672 459328.1812 505262.774 490874.6662 490359.0846 463485.356 475483.8469 471008.335 459920.9018 389986.4196 379437.6954 231234.7031 136195.871 79398.91127 9050.510924 2800.900635 0.006854470655 4.12836021e-15 4.694892298e-34 2.542293748e-68 2.789820166e-79 1.170461249e-121 1.973254002e-160 0 0 0 0 0 0 0 0 0 0 0 
0 0 0 0 0 0 0 0 0 0 0 1.629498058e-145 3.713384102e-118 3.905694539e-91 2.259473632e-67 1.794973995e-40 8.695359356e-18 0.08834261198 304.9926177 22536.78686 40639.40598 104405.3582 188612.3064 207981.5033 258052.9334 260444.6616 287960.9179 280263.437 258318.7921 305062.0686 278505.0212 281794.1775 298678.6684 272465.9873 291175.2638 266761.1094 206132.4577 158046.526 112909.2362 51756.77489 8149.5122 1754.102198 0.0006083211778 5.03211832e-14 6.470922103e-33 1.597786784e-70 1.737319839e-81 1.157331233e-122 4.040532787e-160 0 0 3.58308799e-270 0 0 0 0 0 0 0 0 
0 0 0 0 0 0 0 0 0 0 0 1.02830235e-145 2.456285042e-120 1.72001903e-96 5.260586669e-51 6.622467177e-38 4.05702602e-14 0.0006708088509 23.31308909 15575.15244 31361.16249 50444.37973 86567.66836 81068.19888 111701.9729 108738.5793 117092.0504 133305.4482 133094.017 120234.7793 127369.9643 122959.9654 124626.8299 112562.8141 120258.3317 96128.31795 98966.04993 78387.0569 50748.93179 35596.29617 2786.742704 1253.54803 0.001885522085 1.120357121e-13 1.561740892e-36 6.818366623e-66 7.312623622e-82 2.448372431e-130 2.255853752e-161 0 0 0 0 0 0 0 0 0 0 0 
0 0 0 0 0 0 0 0 0 0 0 2.52355212e-151 8.156768085e-122 2.21507188e-91 1.679311758e-58 3.019413543e-42 1.399276829e-12 0.0003196880171 0.5921071249 2702.18931 4868.818132 10937.04905 15399.64655 16993.32551 16891.4779 17226.41489 21990.57687 23848.95043 20310.24511 20118.9767 22795.37815 17271.73036 21451.17143 18813.70345 18408.78359 22735.56243 18040.81533 14432.003 9005.202667 5540.897536 1075.201254 102.9691752 0.0006218990536 6.515931478e-17 3.605081905e-35 7.48722406e-72 3.86738189e-86 5.137405744e-121 0 0 0 0 0 0 0 0 0 0 0 0 
0 0 0 0 0 0 0 0 0 0 0 0 7.991340521e-119 1.068545134e-96 9.476252917e-58 3.166085069e-43 3.582374947e-18 2.221137531e-05 0.182897822 16.28520455 15.76124777 112.4012782 134.2213654 111.8785477 43.17906489 20.86771424 79.80048003 156.5501208 111.4356454 141.2837872 52.6809251 109.9664707 38.01122298 173.2437569 79.76031011 132.6941413 29.31840353 45.35683889 45.00631937 46.03930922 9.717509495 0.8156172063 5.204979349e-08 1.121656863e-18 2.984557407e-38 4.83630006e-70 1.715254963e-87 9.247049949e-134 1.441367222e-158 0 0 0 0 0 0 0 0 0 0 0 
0 0 0 0 0 0 0 0 0 0 0 3.123248521e-158 1.462179228e-133 5.206875415e-104 2.530697796e-69 1.036238418e-48 7.921071649e-29 1.342501725e-12 8.866493831e-10 1.183332183e-05 0.0001446610505 8.281132665e-07 0.000411430829 7.697800014e-05 0.0009420047912 0.0005440722354 0.0003234491808 0.0001895401492 9.927932166e-05 0.001114988134 2.595798572e-05 2.838150642e-05 0.000678396321 8.359025543e-05 0.0008576677216 0.0002216438007 1.561402266e-05 5.41727174e-05 0.0002873007582 3.840342595e-05 2.152314691e-06 3.959763154e-08 1.609731226e-12 2.552472459e-27 3.366397459e-47 1.412495225e-84 1.3947167e-93 2.303711003e-130 0 0 0 0 0 0 0 0 0 0 0 0 
0 0 0 0 0 0 0 0 0 0 0 0 4.76727438e-144 5.596173162e-111 3.2818522e-76 9.110442197e-63 2.993849426e-30 5.771335497e-21 6.68868953e-17 1.099004587e-14 4.015564412e-14 2.516204526e-13 1.453608406e-15 2.121443773e-13 2.043222426e-14 8.729463359e-14 6.667475243e-13 5.68838638e-15 5.075640001e-14 2.855033549e-14 9.005601995e-14 1.520339368e-14 3.280299533e-15 2.130783154e-13 6.125522502e-13 2.045699794e-11 2.576449998e-13 1.337754858e-13 2.097031422e-13 4.967539289e-15 9.965713846e-18 1.95762406e-16 1.15017273e-20 1.424462771e-34 1.702437499e-59 1.65670163e-85 9.916224371e-104 8.41707186e-147 0 0 0 0 0 0 0 0 0 0 0 0 
0 0 0 0 0 0 0 0 0 0 0 0 2.526612919e-150 1.433241241e-124 9.304763792e-90 7.307098638e-72 9.071532616e-40 3.030295595e-33 6.44563542e-28 4.835041625e-23 8.255083468e-25 3.852499791e-25 1.978638799e-22 1.068794137e-24 6.480968409e-24 2.928097322e-23 3.393874235e-24 1.58963089e-23 6.754796446e-22 9.330948042e-25 1.205389159e-24 2.166407832e-22 1.149733419e-21 3.767016436e-22 7.511212196e-24 1.36273338e-23 1.48566955e-22 1.200951377e-22 6.383076141e-23 1.691392176e-24 2.142962777e-26 2.289999634e-24 2.203599601e-33 2.165009903e-45 2.346093477e-63 2.1154998e-101 4.638176809e-114 1.132308241e-157 0 0 0 0 0 0 0 0 0 0 0 0 
0 0 0 0 0 0 0 0 0 0 0 0 3.669015298e-159 4.137903292e-135 3.488608494e-100 3.332702617e-80 2.822946111e-53 5.114987824e-43 8.901850102e-39 8.966697646e-35 2.191831775e-34 1.930326893e-36 6.610163521e-37 6.951123825e-34 6.112014566e-36 1.556798522e-35 1.513102731e-34 1.184150653e-33 1.132018844e-35 7.705175095e-36 3.597577997e-35 2.399905481e-34 1.873318999e-35 6.957036154e-36 8.106546176e-34 1.235761466e-34 6.996152346e-36 3.940492775e-36 2.595974909e-34 1.66534143e-35 1.21738629e-36 8.779864215e-37 6.96680487e-42 2.716415986e-57 1.053590256e-78 1.049318433e-107 6.766776807e-125 0 0 0 0 0 0 0 0 0 0 0 0 0 
0 0 0 0 0 0 0 0 0 0 0 0 0 8.270089582e-145 2.604419223e-118 1.904249241e-96 4.357337944e-70 4.409203061e-58 1.800732325e-54 5.338554601e-50 9.697870778e-51 4.270464739e-46 9.327510416e-49 5.838775211e-49 1.998206605e-43 1.096697768e-47 4.166200884e-46 1.864292308e-49 3.608492707e-49 6.956088806e-49 8.819368546e-51 5.706835833e-47 2.390044916e-49 9.82619879e-51 1.72290381e-50 7.423476871e-50 7.260987908e-48 2.104709099e-49 3.005078219e-47 9.000586974e-50 4.206184632e-53 4.613985575e-48 3.175210994e-58 2.355412234e-69 9.904160197e-88 2.759972064e-119 8.887645953e-137 0 0 0 0 0 0 0 0 0 0 0 0 0 
0 0 0 0 0 0 0 0 0 0 0 0 0 0 1.60773264e-140 2.355459685e-100 1.868859339e-88 6.625437079e-69 9.364715809e-64 1.758109386e-64 5.984896304e-61 1.899703479e-58 1.473771261e-61 1.524211131e-58 5.104331619e-61 1.677343084e-61 1.717815589e-60 2.206423167e-61 2.596236353e-59 6.318105628e-61 2.074102877e-59 1.678360492e-60 2.748509559e-59 3.517515754e-60 1.047865959e-58 1.697114293e-59 2.541528104e-59 1.548518006e-62 1.316971667e-60 2.132426479e-61 2.560953573e-60 9.839575596e-65 1.134498856e-75 1.335701773e-84 2.892768029e-106 6.583263902e-147 8.599249659e-144 0 0 0 0 0 0 0 0 0 0 0 0 0 
0 0 0 0 0 0 0 0 0 0 0 0 0 0 2.262295685e-139 2.730303469e-125 2.227833871e-103 9.333509523e-91 1.186983376e-82 9.438241373e-78 3.017191856e-76 2.289484989e-77 2.601258511e-75 1.117499427e-78 3.740189841e-76 3.229300749e-77 1.987769686e-76 1.195498868e-77 1.835202839e-76 1.208873024e-76 3.225460977e-75 4.816041278e-77 1.926576237e-76 4.949690851e-76 9.460208445e-77 1.132956096e-77 2.270976608e-79 1.645737617e-77 1.45356722e-78 7.541369376e-79 2.364543326e-78 3.57178216e-77 4.908188989e-90 2.721732595e-101 4.623765999e-123 2.432440599e-155 0 0 0 0 0 0 0 0 0 0 0 0 0 0 
0 0 0 0 0 0 0 0 0 0 0 0 0 0 7.862688312e-154 4.822429037e-148 1.990461032e-121 1.456546251e-104 8.125737388e-101 2.662188279e-94 2.294344728e-91 1.359055986e-89 4.742408856e-95 8.59707705e-95 3.169994153e-88 2.38140591e-86 3.66891001e-95 1.907772743e-95 2.035166689e-96 4.575166827e-91 6.219132353e-95 9.560693728e-95 2.108804062e-89 1.244709772e-87 7.217702374e-96 2.423304218e-96 1.6795307e-88 2.472012373e-100 5.476191801e-90 5.691783349e-88 3.296178738e-98 7.02200283e-103 1.128697635e-108 9.103364499e-120 1.722738189e-131 0 0 0 0 0 0 0 0 0 0 0 0 0 0 0 
0 0 0 0 0 0 0 0 0 0 0 0 0 0 0 8.440631856e-161 1.524302086e-147 4.546382199e-116 1.959264566e-114 1.659356486e-108 0 1.244857531e-107 2.275709967e-108 2.388789639e-110 9.193018928e-110 3.489444349e-107 4.705925157e-109 7.753885746e-107 6.177477959e-110 1.454791814e-108 8.087905205e-107 6.424912446e-109 1.118816961e-110 5.90273366e-108 5.554982111e-117 4.340437111e-111 6.175101628e-110 1.329140506e-108 1.24360461e-109 2.746802402e-109 1.702905976e-107 4.23063837e-112 1.752566185e-127 2.12536769e-139 5.444624758e-162 1.121145725e-188 0 1.735893614e-264 3.797739128e-271 0 0 0 0 0 0 0 0 0 0 0 
0 0 0 0 0 0 0 0 0 0 0 0 0 0 0 0 0 0 0 0 0 0 0 0 0 0 0 0 0 0 0 0 0 0 0 0 0 0 0 0 0 0 0 0 0 0 0 0 0 0 0 0 0 0 0 0 0 0 0 0 
0 0 0 0 0 0 0 0 0 0 0 0 0 0 0 0 0 0 0 0 0 0 0 0 0 0 0 0 0 0 0 0 0 0 0 0 0 0 0 0 0 0 0 0 0 0 0 0 0 0 0 0 0 0 0 0 0 0 0 0 
0 0 0 0 0 0 0 0 0 0 0 0 0 0 0 0 0 0 0 0 0 0 0 0 0 0 0 0 0 0 0 0 0 0 0 0 0 0 0 0 0 0 0 0 0 0 0 0 0 0 0 0 0 0 0 0 0 0 0 0 
0 0 0 0 0 0 0 0 0 0 0 0 0 0 0 0 0 0 0 0 0 0 0 0 0 0 0 0 0 0 0 0 0 0 0 0 0 0 0 0 0 0 0 0 0 0 0 0 0 0 0 0 0 0 0 0 0 0 0 0 
0 0 0 0 0 0 0 0 0 0 0 0 0 0 0 0 0 0 0 0 0 0 0 0 0 0 0 0 0 0 0 0 0 0 0 0 0 0 0 0 0 0 0 0 0 0 0 0 0 0 0 0 0 0 0 0 0 0 0 0 
0 0 0 0 0 0 0 0 0 0 0 0 0 0 0 0 0 0 0 0 0 0 0 0 0 0 0 0 0 0 0 0 0 0 0 0 0 0 0 0 0 0 0 0 0 0 0 0 0 0 0 0 0 0 0 0 0 0 0 0 
0 0 0 0 0 0 0 0 0 0 0 0 0 0 0 0 0 0 0 0 0 0 0 0 0 0 0 0 0 0 0 0 0 0 0 0 0 0 0 0 0 0 0 0 0 0 0 0 0 0 0 0 0 0 0 0 0 0 0 0 
0 0 0 0 0 0 0 0 0 0 0 0 0 0 0 0 0 0 0 0 0 0 0 0 0 0 0 0 0 0 0 0 0 0 0 0 0 0 0 0 0 0 0 0 0 0 0 0 0 0 0 0 0 0 0 0 0 0 0 0 
# Events [DivMonGuideExit/divguide.dat] N:
0 0 0 0 0 0 0 0 0 0 0 0 0 0 0 0 0 0 0 0 0 0 0 0 0 0 0 0 0 0 0 0 0 0 0 0 0 0 0 0 0 0 0 0 0 0 0 0 0 0 0 0 0 0 0 0 0 0 0 0 
0 0 0 0 0 0 0 0 0 0 0 0 0 0 0 0 0 0 0 0 0 0 0 0 0 0 0 0 0 0 0 0 0 0 0 0 0 0 0 0 0 0 0 0 0 0 0 0 0 0 0 0 0 0 0 0 0 0 0 0 
0 0 0 0 0 0 0 0 0 0 0 0 0 0 0 0 0 0 0 0 0 0 0 0 0 0 0 0 0 0 0 0 0 0 0 0 0 0 0 0 0 0 0 0 0 0 0 0 0 0 0 0 0 0 0 0 0 0 0 0 
0 0 0 0 0 0 0 0 0 0 0 0 0 0 0 0 0 0 0 0 0 0 0 0 0 0 0 0 0 0 0 0 0 0 0 0 0 0 0 0 0 0 0 0 0 0 0 0 0 0 0 0 0 0 0 0 0 0 0 0 
0 0 0 0 0 0 0 0 0 0 0 0 0 0 0 0 0 0 0 0 0 0 0 0 0 0 0 0 0 0 0 0 0 0 0 0 0 0 0 0 0 0 0 0 0 0 0 0 0 0 0 0 0 0 0 0 0 0 0 0 
0 0 0 0 0 0 0 0 0 0 0 0 0 0 0 0 0 0 0 0 0 0 0 0 0 0 0 0 0 0 0 0 0 0 0 0 0 0 0 0 0 0 0 0 0 0 0 0 0 0 0 0 0 0 0 0 0 0 0 0 
0 0 0 0 0 0 0 0 0 0 0 0 0 0 0 0 0 0 0 0 0 0 0 0 0 0 0 0 0 0 0 0 0 0 0 0 0 0 0 0 0 0 0 0 0 0 0 0 0 0 0 0 0 0 0 0 0 0 0 0 
0 0 0 0 0 0 0 0 0 0 0 0 0 0 0 0 0 0 0 0 0 0 0 0 0 0 0 0 0 0 0 0 0 0 0 0 0 0 0 0 0 0 0 0 0 0 0 0 0 0 0 0 0 0 0 0 0 0 0 0 
0 0 0 0 0 0 0 0 0 0 1 4 3 4 2 1 3 0 5 5 3 4 0 5 3 4 1 7 4 3 6 2 4 4 4 4 6 3 3 4 2 7 1 2 5 3 1 7 4 3 1 0 0 0 0 0 0 0 0 0 
0 0 0 0 0 0 0 0 0 4 13 22 21 20 27 34 15 26 32 27 37 19 43 27 38 29 29 31 28 35 35 37 37 42 31 34 38 28 36 40 28 30 24 35 20 15 26 25 11 9 5 1 0 0 0 0 0 0 0 0 
0 0 0 0 0 0 0 0 0 1 33 43 37 45 35 50 58 55 63 75 73 63 68 80 70 63 79 77 88 79 74 82 47 78 65 62 81 68 88 77 78 64 61 65 54 46 62 54 35 12 15 0 0 0 0 0 0 0 0 0 
0 0 0 0 0 0 0 0 0 7 35 44 64 65 80 94 77 88 102 92 118 110 118 116 117 104 126 124 115 108 112 108 123 116 123 112 99 99 120 117 95 101 77 127 74 51 63 72 47 20 9 0 0 0 0 0 0 0 0 0 
0 0 0 0 0 0 0 0 0 5 35 39 73 86 109 122 109 107 144 139 149 168 140 149 166 163 136 162 151 163 161 168 161 147 170 144 152 127 149 166 119 120 125 145 120 72 111 85 46 18 8 0 0 0 0 0 0 0 0 0 
0 0 0 0 0 0 0 0 0 9 25 63 80 111 120 169 136 151 201 173 194 199 190 181 195 213 169 217 184 209 214 210 195 202 199 195 219 184 192 185 173 186 144 187 145 99 136 75 37 23 10 0 0 0 0 0 0 0 0 0 
0 0 0 0 0 0 0 0 0 5 28 50 104 104 135 195 133 185 229 252 234 227 253 242 237 223 239 239 231 252 246 232 234 239 251 270 295 238 235 245 181 200 174 218 184 86 129 82 49 18 8 0 0 0 0 0 0 0 0 0 
0 0 0 0 0 0 0 0 0 7 37 41 83 129 134 228 218 216 285 276 284 287 293 336 289 297 285 268 299 326 290 279 300 303 286 298 289 251 291 303 268 237 192 298 212 113 153 76 62 23 6 0 0 0 0 0 0 0 0 0 
0 0 0 0 0 0 0 0 0 9 33 52 85 99 151 223 202 238 295 296 270 312 309 295 290 306 321 322 312 329 328 311 329 314 326 351 332 289 294 312 263 256 196 291 164 115 146 93 59 13 6 0 0 0 0 0 0 0 0 0 
0 0 0 0 0 0 0 0 0 10 36 57 87 113 145 243 198 227 331 315 313 333 334 354 325 315 322 314 348 317 336 325 314 308 340 336 347 288 303 300 270 284 222 289 186 102 139 101 42 21 6 0 0 0 0 0 0 0 0 0 
0 0 0 0 0 0 0 0 0 7 22 55 96 113 183 234 225 249 310 307 322 303 292 308 341 320 347 331 322 343 351 299 317 336 334 361 339 338 295 272 273 296 211 326 190 109 136 104 48 17 18 0 0 0 0 0 0 0 0 0 
0 0 0 0 0 0 0 0 0 12 31 53 107 118 128 229 199 246 312 312 317 328 342 342 317 352 388 352 373 342 320 361 329 353 304 334 359 302 307 312 258 281 238 316 176 117 151 95 48 31 14 0 0 0 0 0 0 0 0 0 
0 0 0 0 0 0 0 0 0 6 43 56 98 116 140 236 225 243 323 340 291 323 338 355 338 319 379 359 320 379 315 337 344 349 352 315 366 337 341 353 308 290 226 318 193 120 159 92 54 20 14 0 0 0 0 0 0 0 0 0 
0 0 0 0 0 0 0 0 0 8 39 63 103 147 156 242 226 244 327 328 343 354 372 337 331 362 354 359 364 397 366 344 410 356 356 358 348 327 346 318 317 284 254 349 187 110 155 109 61 27 9 1 0 0 0 0 0 0 0 0 
0 0 0 0 0 0 0 0 0 6 38 52 105 153 174 238 212 254 362 321 311 337 349 340 324 364 357 387 370 368 348 352 362 371 387 359 369 349 358 361 286 316 244 323 198 124 153 102 66 17 6 0 0 0 0 0 0 0 0 0 
0 0 0 0 0 0 0 0 0 11 40 64 116 131 165 268 237 260 343 316 328 358 386 328 347 338 368 379 367 364 403 347 383 391 349 389 375 352 350 350 298 320 232 339 205 121 160 93 60 15 13 0 0 0 0 0 0 0 0 0 
0 0 0 0 0 0 0 0 0 8 43 60 103 124 173 244 226 280 342 340 364 392 364 346 378 341 382 344 341 333 388 366 338 350 344 349 397 349 323 344 356 308 264 314 179 118 173 91 78 22 13 0 0 0 0 0 0 0 0 0 
0 0 0 0 0 0 0 0 0 9 47 73 116 125 165 278 271 270 323 366 368 369 401 356 368 379 387 404 408 399 381 360 367 375 383 389 380 352 330 375 334 325 249 376 227 132 161 114 67 25 11 1 0 0 0 0 0 0 0 0 
0 0 0 0 0 0 0 0 0 7 35 58 133 128 177 274 225 303 358 351 372 382 363 357 367 373 370 403 363 383 379 350 429 390 359 379 361 334 345 316 340 303 245 340 227 134 176 110 48 16 12 0 0 0 0 0 0 0 0 0 
0 0 0 0 0 0 0 0 0 11 31 62 111 131 178 276 225 247 365 338 360 368 361 351 370 363 344 393 399 354 377 393 365 365 370 372 366 370 337 360 324 307 249 348 233 119 167 122 50 27 16 0 0 0 0 0 0 0 0 0 
0 0 0 0 0 0 0 0 0 9 26 65 116 136 173 233 213 286 373 346 375 380 395 406 349 396 398 385 380 395 421 368 385 389 395 408 347 391 360 386 318 380 266 370 225 132 151 116 67 26 13 0 0 0 0 0 0 0 0 0 
0 0 0 0 0 0 0 0 0 10 38 65 132 142 171 256 242 294 413 336 345 346 380 367 336 367 389 422 379 377 421 391 365 394 375 379 352 366 360 375 352 319 270 359 225 124 180 103 56 16 15 0 0 0 0 0 0 0 0 0 
0 0 0 0 0 0 0 0 0 4 32 72 117 132 167 285 232 263 410 309 371 381 357 399 361 407 370 395 368 360 418 383 397 382 362 355 387 326 408 353 341 312 265 340 212 122 176 102 62 26 18 1 0 0 0 0 0 0 0 0 
0 0 0 0 0 0 0 0 0 14 30 68 100 143 183 277 241 290 386 350 384 360 378 374 364 391 376 408 366 411 388 387 334 369 369 390 374 310 371 362 340 316 265 338 220 128 162 106 66 27 13 0 0 0 0 0 0 0 0 0 
0 0 0 0 0 0 0 0 0 5 39 70 134 141 177 253 244 221 336 350 363 391 380 405 365 373 389 391 359 404 379 389 376 386 364 370 379 387 357 340 334 344 275 395 208 121 154 104 72 23 15 0 0 0 0 0 0 0 0 0 
0 0 0 0 0 0 0 0 0 11 51 66 104 113 168 251 229 235 378 323 374 358 324 367 382 372 390 352 388 443 414 435 409 354 373 391 393 300 367 384 332 317 243 375 217 132 140 102 52 22 11 0 0 0 0 0 0 0 0 0 
0 0 0 0 0 0 0 0 0 7 38 74 127 142 158 263 241 274 358 322 378 358 342 421 334 401 374 402 401 407 338 393 337 372 389 412 408 323 364 364 348 314 269 361 199 132 164 112 57 25 12 0 0 0 0 0 0 0 0 0 
0 0 0 0 0 0 0 0 0 12 37 63 98 141 185 260 242 253 357 346 357 377 387 398 380 402 397 386 374 377 378 381 374 368 385 398 363 346 384 381 331 296 228 353 206 116 158 94 50 28 18 0 0 0 0 0 0 0 0 0 
0 0 0 0 0 0 0 0 0 8 46 63 107 146 149 244 220 283 335 312 341 375 366 353 350 350 338 391 375 397 372 365 389 347 366 349 384 308 354 315 314 319 263 331 212 110 166 105 52 14 13 0 0 0 0 0 0 0 0 0 
0 0 0 0 0 0 0 0 0 13 34 55 105 121 162 260 232 279 331 319 329 311 354 340 318 314 352 325 345 340 382 353 399 397 331 371 354 359 360 326 310 283 257 319 216 110 165 103 72 21 12 0 0 0 0 0 0 0 0 0 
0 0 0 0 0 0 0 0 0 15 35 69 105 136 138 262 195 228 345 292 323 360 349 329 310 306 324 335 394 372 388 350 360 356 358 354 374 353 374 333 301 311 230 293 208 116 152 109 58 17 11 2 0 0 0 0 0 0 0 0 
0 0 0 0 0 0 0 0 0 7 27 56 103 124 130 269 230 259 328 300 325 358 359 367 345 333 342 336 298 351 359 357 377 335 351 374 318 352 359 317 335 290 237 313 225 111 126 104 54 21 11 1 0 0 0 0 0 0 0 0 
0 0 0 0 0 0 0 0 0 6 34 71 113 133 150 207 236 251 332 280 343 318 360 313 337 330 340 362 386 354 317 355 357 337 316 319 323 302 322 320 289 300 233 316 197 111 137 97 53 21 12 0 0 0 0 0 0 0 0 0 
0 0 0 0 0 0 0 0 0 6 36 65 113 112 167 244 240 228 303 285 330 299 308 348 308 341 309 336 313 351 317 365 314 337 341 344 333 286 311 320 297 271 213 316 187 89 161 93 42 26 11 0 0 0 0 0 0 0 0 0 
0 0 0 0 0 0 0 0 0 9 36 62 104 120 131 231 209 228 307 295 322 333 316 314 322 286 334 333 350 372 330 332 331 334 341 309 356 286 327 317 285 297 198 292 217 125 137 92 52 19 17 0 0 0 0 0 0 0 0 0 
0 0 0 0 0 0 0 0 0 5 25 57 104 140 155 224 192 231 310 320 333 304 339 318 344 324 340 322 312 300 324 330 325 268 303 335 278 297 320 299 261 266 213 295 179 108 131 83 46 21 14 0 0 0 0 0 0 0 0 0 
0 0 0 0 0 0 0 0 0 4 37 54 95 105 148 221 162 207 290 247 290 295 267 298 286 320 267 307 285 279 292 304 291 262 298 271 308 268 287 279 245 223 214 263 175 110 154 81 59 20 10 0 0 0 0 0 0 0 0 0 
0 0 0 0 0 0 0 0 0 3 30 44 93 114 130 204 186 182 239 223 236 253 225 273 243 273 257 238 258 249 240 286 253 223 270 247 247 227 229 244 222 187 178 226 190 107 127 85 42 22 14 0 0 0 0 0 0 0 0 0 
0 0 0 0 0 0 0 0 0 7 25 65 94 114 113 170 133 159 200 212 179 174 198 206 201 200 213 215 208 197 199 203 198 200 185 192 208 179 183 210 175 157 143 164 145 99 110 80 53 18 12 0 0 0 0 0 0 0 0 0 
0 0 0 0 0 0 0 0 0 9 29 54 92 104 103 129 109 109 147 133 139 162 166 170 155 163 149 163 146 152 163 158 163 159 124 161 149 131 160 137 134 98 116 156 115 88 121 88 41 20 10 0 0 0 0 0 0 0 0 0 
0 0 0 0 0 0 0 0 0 8 32 53 92 61 75 101 69 84 110 101 104 129 113 108 94 99 153 124 129 99 134 107 135 105 116 116 121 101 115 107 94 125 76 109 78 59 79 81 34 13 10 0 0 0 0 0 0 0 0 0 
0 0 0 0 0 0 0 0 0 5 26 41 41 47 53 56 43 39 79 84 86 71 78 64 70 64 76 73 81 73 75 67 76 86 66 84 74 68 73 71 73 68 40 66 63 25 40 48 35 17 9 1 0 0 0 0 0 0 0 0 
0 0 0 0 0 0 0 0 0 6 19 14 17 27 14 36 15 20 38 33 34 33 36 34 25 32 33 36 39 32 35 29 46 36 32 34 37 19 44 24 34 28 17 37 18 16 15 33 15 15 9 0 0 0 0 0 0 0 0 0 
0 0 0 0 0 0 0 0 0 1 0 5 3 4 4 2 1 5 5 6 0 2 4 2 2 2 4 3 3 3 6 7 1 5 1 6 4 3 3 6 4 3 4 4 2 1 2 1 1 1 0 0 0 0 0 0 0 0 0 0 
0 0 0 0 0 0 0 0 0 0 0 0 0 0 0 0 0 0 0 0 0 0 0 0 0 0 0 0 0 0 0 0 0 0 0 0 0 0 0 0 0 0 0 0 0 0 0 0 0 0 0 0 0 0 0 0 0 0 0 0 
0 0 0 0 0 0 0 0 0 0 0 0 0 0 0 0 0 0 0 0 0 0 0 0 0 0 0 0 0 0 0 0 0 0 0 0 0 0 0 0 0 0 0 0 0 0 0 0 0 0 0 0 0 0 0 0 0 0 0 0 
0 0 0 0 0 0 0 0 0 0 0 0 0 0 0 0 0 0 0 0 0 0 0 0 0 0 0 0 0 0 0 0 0 0 0 0 0 0 0 0 0 0 0 0 0 0 0 0 0 0 0 0 0 0 0 0 0 0 0 0 
0 0 0 0 0 0 0 0 0 0 0 0 0 0 0 0 0 0 0 0 0 0 0 0 0 0 0 0 0 0 0 0 0 0 0 0 0 0 0 0 0 0 0 0 0 0 0 0 0 0 0 0 0 0 0 0 0 0 0 0 
0 0 0 0 0 0 0 0 0 0 0 0 0 0 0 0 0 0 0 0 0 0 0 0 0 0 0 0 0 0 0 0 0 0 0 0 0 0 0 0 0 0 0 0 0 0 0 0 0 0 0 0 0 0 0 0 0 0 0 0 
0 0 0 0 0 0 0 0 0 0 0 0 0 0 0 0 0 0 0 0 0 0 0 0 0 0 0 0 0 0 0 0 0 0 0 0 0 0 0 0 0 0 0 0 0 0 0 0 0 0 0 0 0 0 0 0 0 0 0 0 
0 0 0 0 0 0 0 0 0 0 0 0 0 0 0 0 0 0 0 0 0 0 0 0 0 0 0 0 0 0 0 0 0 0 0 0 0 0 0 0 0 0 0 0 0 0 0 0 0 0 0 0 0 0 0 0 0 0 0 0 
0 0 0 0 0 0 0 0 0 0 0 0 0 0 0 0 0 0 0 0 0 0 0 0 0 0 0 0 0 0 0 0 0 0 0 0 0 0 0 0 0 0 0 0 0 0 0 0 0 0 0 0 0 0 0 0 0 0 0 0 
