# Format: McCode with text headers
# URL: http://www.mccode.org
# Creator: McStas 2.5 - Dec. 12, 2018
# Instrument: PSI_Focus.instr
# Ncount: 1000000
# Trace: no
# Gravitation: no
# Seed: 1570823613
# Directory: PSI_Focus/0
# Param: lambda=3.4
# Param: chopp_ratio=1
# Param: DET=-69.9
# Date: Fri Oct 11 20:09:09 2019 (1570817349)
# type: array_2d(60, 60)
# Source: PSI_Focus (PSI_Focus.instr)
# component: DivMonMono
# position: 0 0 72.42
# title: Divergence monitor
# Ncount: 1000000
# filename: divmono.dat
# statistics: X0=8.6474e-05; dX=0.280616; Y0=9.30249e-05; dY=0.47681;
# signal: Min=0; Max=2.51668e+06; Mean=74314.3;
# values: 2.67532e+08 852400 312080
# xvar: X 
# yvar: Y 
# xlabel: X divergence [deg]
# ylabel: Y divergence [deg]
# zvar: I
# zlabel: Signal per bin
# xylimits: -3 3 -3 3
# variables: I I_err N
# Data [DivMonMono/divmono.dat] I:
0 0 0 0 0 0 0 0 0 0 0 0 0 0 0 0 0 0 0 0 0 0 0 0 0 0 0 0 0 0 0 0 0 0 0 0 0 0 0 0 0 0 0 0 0 0 0 0 0 0 0 0 0 0 0 0 0 0 0 0 
0 0 0 0 0 0 0 0 0 0 0 0 0 0 0 0 0 0 0 0 0 0 0 0 0 0 0 0 0 0 0 0 0 0 0 0 0 0 0 0 0 0 0 0 0 0 0 0 0 0 0 0 0 0 0 0 0 0 0 0 
0 0 0 0 0 0 0 0 0 0 0 0 0 0 0 0 0 0 0 0 0 0 0 0 0 0 0 0 0 0 0 0 0 0 0 0 0 0 0 0 0 0 0 0 0 0 0 0 0 0 0 0 0 0 0 0 0 0 0 0 
0 0 0 0 0 0 0 0 0 0 0 0 0 0 0 0 0 0 0 0 0 0 0 0 0 0 0 0 0 0 0 0 0 0 0 0 0 0 0 0 0 0 0 0 0 0 0 0 0 0 0 0 0 0 0 0 0 0 0 0 
0 0 0 0 0 0 0 0 0 0 0 0 0 0 0 0 0 0 0 0 0 0 0 0 0 0 0 0 0 0 0 0 0 0 0 0 0 0 0 0 0 0 0 0 0 0 0 0 0 0 0 0 0 0 0 0 0 0 0 0 
0 0 0 0 0 0 0 0 0 0 0 0 0 0 0 0 0 0 0 0 0 0 0 0 0 0 0 0 0 0 0 0 0 0 0 0 0 0 0 0 0 0 0 0 0 0 0 0 0 0 0 0 0 0 0 0 0 0 0 0 
0 0 0 0 0 0 0 0 0 0 0 0 0 0 0 0 0 0 0 0 0 0 0 0 0 0 0 0 0 0 0 0 0 0 0 0 0 0 0 0 0 0 0 0 0 0 0 0 0 0 0 0 0 0 0 0 0 0 0 0 
0 0 0 0 0 0 0 0 0 0 0 0 0 0 0 0 0 0 0 0 0 0 0 0 0 0 0 0 0 0 0 0 0 0 0 0 0 0 0 0 0 0 0 0 0 0 0 0 0 0 0 0 0 0 0 0 0 0 0 0 
0 0 0 0 0 0 0 0 0 0 0 0 0 0 0 0 0 0 0 0 0 0 0 0 0 0 0 0 0 0 0 0 0 0 0 0 0 0 0 0 0 0 0 0 0 0 0 0 0 0 0 0 0 0 0 0 0 0 0 0 
0 0 0 0 0 0 0 0 0 0 0 0 0 0 0 0 0 0 0 0 0 0 0 0 0 0 0 0 0 0 0 0 0 0 0 0 0 0 0 0 0 0 0 0 0 0 0 0 0 0 0 0 0 0 0 0 0 0 0 0 
0 0 0 0 0 0 0 0 0 0 0 0 0 0 0 0 0 0 0 0 0 0 0 0 0 0 0 9.762610459e-128 0 0 2.9448456e-127 0 1.646300765e-125 0 0 0 0 0 0 0 0 0 0 0 0 0 0 0 0 0 0 0 0 0 0 0 0 0 0 0 
0 0 0 0 0 0 0 0 0 0 0 0 0 0 0 0 0 4.871487268e-321 2.648991423e-215 1.350267975e-168 1.005672346e-124 7.270840638e-117 6.72716839e-94 2.290277561e-98 2.986864487e-103 3.360150216e-103 9.772138956e-102 6.313823473e-95 5.671661867e-92 9.460077424e-94 1.157970125e-89 3.316304925e-101 1.446006815e-97 2.041425636e-102 2.631442549e-101 2.500301823e-100 7.421860378e-100 9.08500821e-99 4.066441085e-112 3.08688899e-148 2.664176044e-175 5.730713933e-213 4.3133339e-295 0 0 0 0 0 0 0 0 0 0 0 0 0 0 0 0 0 
0 0 0 0 0 0 0 0 0 0 0 0 0 0 0 0 8.092795279e-321 1.333949499e-249 7.916455364e-220 4.403410558e-174 6.235387266e-107 1.276015529e-84 5.739635557e-73 1.793784783e-68 1.565355037e-76 1.989530574e-67 9.810882312e-72 4.197121853e-68 3.406965072e-72 8.917079998e-66 5.933024141e-67 1.005210964e-66 1.054631436e-65 9.545339046e-72 4.859082091e-67 2.62144175e-66 5.431815735e-69 5.457748903e-78 8.91039592e-84 2.469072737e-110 9.339028553e-146 2.803675708e-187 1.035327035e-261 0 0 0 0 0 0 0 0 0 0 0 0 0 0 0 0 0 
0 0 0 0 0 0 0 0 0 0 0 0 0 0 0 0 6.308243563e-284 2.261497842e-237 7.504082493e-183 4.50131785e-145 2.43467271e-81 3.959599514e-56 1.36230556e-57 3.371189144e-47 3.699935322e-47 3.175598995e-46 4.298074902e-46 3.603269189e-46 2.242723041e-46 3.935489734e-44 1.23755578e-49 2.789545369e-48 6.759656263e-44 2.377684785e-46 1.536862781e-49 4.886947815e-44 6.153593959e-50 2.887830406e-47 3.661119352e-62 6.449016956e-92 2.141030088e-132 1.571408987e-166 2.042276585e-246 0 0 0 0 0 0 0 0 0 0 0 0 0 0 0 0 0 
0 0 0 0 0 0 0 0 0 0 0 0 0 0 0 0 7.673718526e-304 9.973675137e-217 1.21524552e-163 1.030828735e-114 6.15079511e-57 7.91172169e-48 1.92615339e-26 2.531458726e-28 3.439693892e-28 5.156668944e-27 1.46123669e-25 1.099289667e-28 1.314658528e-25 2.423712016e-30 1.629961347e-27 1.836603879e-26 1.441710707e-28 9.880025137e-29 6.964237701e-27 2.984483529e-29 3.542306893e-29 6.147385644e-34 1.083357015e-39 1.59063285e-69 4.539019327e-115 3.988259414e-139 3.664058955e-223 3.334269769e-305 0 0 0 0 0 0 0 0 0 0 0 0 0 0 0 0 
0 0 0 0 0 0 0 0 0 0 0 0 0 0 0 0 0 3.228791516e-184 1.504951077e-148 5.629240851e-107 1.451099175e-45 3.011607928e-26 1.749435808e-15 6.648414032e-14 1.967203762e-13 1.756075728e-11 8.146436808e-13 4.438450459e-13 1.436118949e-14 4.356505133e-11 3.574310862e-11 1.087179731e-12 1.465413451e-10 9.00296728e-12 6.670181599e-11 1.132972178e-12 2.194234854e-14 3.825430749e-14 1.93489072e-22 2.216951857e-50 1.936570514e-88 8.651148751e-135 1.85714753e-195 3.997133029e-255 0 0 0 0 0 0 0 0 0 0 0 0 0 0 0 0 
0 0 0 0 0 0 0 0 0 0 0 0 0 0 0 0 3.177525393e-235 1.490285355e-170 3.695471925e-137 4.794648127e-91 8.017795566e-33 2.242269204e-09 7.500285393e-05 0.03911298433 0.9665732536 1.089729975 0.1591860646 1.311207497 0.2325501477 2.418954978 0.530249078 2.169253421 0.3130474361 2.9124374 1.460394739 0.3395249171 0.005023050034 0.0003325674989 3.525422176e-08 3.383470521e-36 3.516046257e-74 9.07794565e-128 9.154541101e-186 2.743816691e-243 0 0 0 0 0 0 0 0 0 0 0 0 0 0 0 0 
0 0 0 0 0 0 0 0 0 0 0 0 0 0 0 0 0 3.969606637e-157 5.323722944e-115 1.312784457e-80 1.490619704e-25 2.888488734e-10 14.69200707 763.7051137 2671.612011 5927.727766 8325.338644 4951.854565 7772.808902 9502.51623 7640.807954 8370.985024 6864.587077 7486.85897 7272.889736 4412.261311 1340.486086 16.11097215 4.536463064e-05 1.229637302e-32 4.404149551e-61 1.387153627e-106 5.402397985e-187 1.359390427e-260 0 0 0 0 0 0 0 0 0 0 0 0 0 0 0 0 
0 0 0 0 0 0 0 0 0 0 0 0 0 0 0 0 5.984960697e-311 3.496847669e-193 2.619325224e-125 7.219372124e-77 1.861521811e-23 5.065424959e-07 182.4027934 14606.91912 34932.40123 87209.47631 113273.0242 122983.0069 110854.9297 117583.6991 98088.22536 137067.4373 118532.362 107425.2908 65124.62109 41864.20622 8809.310227 717.0259279 3.649386766e-05 8.928135227e-36 5.221677495e-71 4.507123533e-109 8.239703987e-179 3.420668597e-258 0 0 0 0 0 0 0 0 0 0 0 0 0 0 0 0 
0 0 0 0 0 0 0 0 0 0 0 0 0 0 0 0 1.748613845e-246 2.678880824e-159 5.164679949e-118 1.118626828e-78 3.611812674e-29 8.892070934e-05 199.2327881 18325.22319 90863.11481 207417.664 222573.0308 327875.2041 316081.9699 350852.8633 381123.989 301776.3184 320021.1444 256614.1105 191400.4546 95766.3857 11729.18686 385.1646934 0.002823442138 1.829616548e-45 1.452320492e-82 2.601213595e-101 6.160955001e-183 0 0 0 0 0 0 0 0 0 0 0 0 0 0 0 0 0 
0 0 0 0 0 0 0 0 0 0 0 0 0 0 0 0 3.909456038e-281 2.505053516e-163 2.360463773e-129 2.438168418e-86 3.869092443e-23 1.112145355e-06 141.7794021 19006.25834 101273.1826 277448.6346 437419.3999 506351.2793 545504.1172 566488.026 650983.3155 509831.3888 537319.5644 441866.7872 283429.2634 116893.1798 12586.22496 288.6708793 5.684505506e-05 4.011855592e-32 2.011771604e-66 6.119161204e-105 3.229067975e-182 6.008021948e-232 0 0 0 0 0 0 0 0 0 0 0 0 0 0 0 0 
0 0 0 0 0 0 0 0 0 0 0 0 0 0 0 0 4.26812131e-237 3.760088753e-164 4.697974637e-114 2.509890833e-83 8.447986307e-28 0.000152097067 194.3051193 24939.85528 99918.39376 308342.3359 465465.3958 602544.3502 630772.1668 632893.2156 567109.4934 575960.2517 606118.9013 492277.5168 300891.2534 125762.0243 14773.71835 450.1179488 3.445919787e-07 9.655938189e-42 5.823415679e-71 1.450288817e-113 1.383555527e-185 9.784845534e-243 0 0 0 0 0 0 0 0 0 0 0 0 0 0 0 0 
0 0 0 0 0 0 0 0 0 0 0 0 0 0 0 0 1.333591631e-257 6.264643655e-164 6.977028693e-135 1.8707298e-77 1.917148484e-22 9.444086394e-05 179.9251976 29253.52376 96814.38787 316805.0059 554121.1718 582124.3348 654387.5158 681536.0103 652285.8048 574395.7109 622926.5846 486130.476 276253.0435 130173.3585 13934.47636 991.3985019 9.479555269e-05 2.384328222e-33 3.0155122e-61 6.306885808e-108 4.65432717e-189 1.246999773e-230 0 0 0 0 0 0 0 0 0 0 0 0 0 0 0 0 
0 0 0 0 0 0 0 0 0 0 0 0 0 0 0 0 1.360868341e-236 1.123076135e-157 1.482062146e-118 1.029481291e-69 7.565351239e-26 5.021862918e-05 433.978986 48800.83219 145790.893 453771.0914 619661.7157 736027.9811 771660.8007 818503.6559 791825.5653 719594.1518 760612.8703 574078.2102 418779.0876 197946.3359 26755.98379 2128.654001 0.0009686680372 6.746864946e-34 1.454276678e-67 2.022920643e-108 3.566598261e-177 1.142293549e-239 0 0 0 0 0 0 0 0 0 0 0 0 0 0 0 0 
0 0 0 0 0 0 0 0 0 0 0 0 0 0 0 0 9.24098726e-253 2.157115793e-159 1.207791303e-121 8.336016471e-61 8.992454554e-24 2.572369968e-05 810.4543797 64480.95987 217066.471 677213.8418 1008051.055 1188441.477 1257332.62 1317924.349 1231397.859 1255570.773 1202373.888 1044258.353 628720.0405 275468.8393 29737.0003 2400.905073 0.0004089884287 5.915385854e-32 1.492983279e-62 1.782655369e-98 2.646296118e-180 4.444737543e-228 0 0 0 0 0 0 0 0 0 0 0 0 0 0 0 0 
0 0 0 0 0 0 0 0 0 0 0 0 0 0 0 0 1.404876614e-237 1.003520691e-165 5.572919995e-123 2.332706615e-75 2.773261113e-22 1.919761379e-05 1067.735623 73965.32458 277690.1839 877457.7855 1397662.383 1662230.706 1764406.769 1801119.344 1876817.269 1749078.248 1707059.202 1352465.209 869961.7433 398426.9934 40595.95351 4618.051194 0.001521138921 1.317581703e-32 7.043427995e-61 1.293057001e-103 2.395642814e-180 1.607431265e-248 0 0 0 0 0 0 0 0 0 0 0 0 0 0 0 0 
0 0 0 0 0 0 0 0 0 0 0 0 0 0 0 0 2.053934992e-230 9.541641317e-161 8.151071214e-120 5.507737521e-77 1.198334763e-22 0.0004871141348 608.3316958 77079.38704 351833.3136 1033497.336 1704833.491 1992525.089 2063106.068 2171789.49 2029659.901 2143534.231 1970086.381 1661889.234 1027052.369 418174.685 41764.43435 2711.947058 0.0007955123436 2.587246498e-33 6.880034096e-67 9.155782249e-104 2.380880371e-184 6.600509549e-244 0 0 0 0 0 0 0 0 0 0 0 0 0 0 0 0 
0 0 0 0 0 0 0 0 0 0 0 0 0 0 0 0 1.198997093e-234 9.603348596e-158 1.975507536e-115 4.474003116e-77 3.661912718e-23 0.01085674753 580.4886325 88045.33134 351277.6019 1024063.24 1814373.894 2014825.555 2313026.852 2250984.626 2256395.05 2244223.578 2183681.963 1695654.75 1030436.92 418552.2251 43861.70576 2496.905731 0.0003460059918 1.10739148e-34 5.275393908e-62 1.656902531e-107 3.323874634e-177 4.065627133e-247 0 0 0 0 0 0 0 0 0 0 0 0 0 0 0 0 
0 0 0 0 0 0 0 0 0 0 0 0 0 0 0 0 3.081220411e-232 4.704509882e-158 3.345641464e-117 8.61790843e-70 1.366252289e-23 0.001122066593 941.6495627 92687.27606 291620.3381 1247395.886 1852677.475 2081831.96 2323805.047 2334864.681 2404184.331 2247784.803 2123025.444 1689862.97 988912.5728 474481.3728 51309.22928 2196.718203 0.001298935788 4.691254463e-30 3.731438266e-74 1.404035996e-103 1.383171515e-172 1.309354655e-227 0 0 0 0 0 0 0 0 0 0 0 0 0 0 0 0 
0 0 0 0 0 0 0 0 0 0 0 0 0 0 0 0 2.632058995e-231 5.67345757e-164 1.243952913e-120 3.462854451e-76 9.015178919e-21 0.0001860463191 607.8631914 99599.72102 383827.5224 1081729.147 1757565.315 2067120.8 2336551.123 2237472.72 2363662.377 2332825.753 2196506.163 1786229.481 1035085.985 440202.6123 48470.60369 2674.481273 0.001427335427 3.081057563e-37 1.0060993e-72 1.307127425e-103 6.45090866e-174 1.313950611e-257 0 0 0 0 0 0 0 0 0 0 0 0 0 0 0 0 
0 0 0 0 0 0 0 0 0 0 0 0 0 0 0 0 2.310387596e-234 2.893350747e-155 1.202031708e-126 7.378269264e-78 3.638313982e-24 0.0002199904279 1392.657412 96666.25396 295294.508 1086705.663 1807396.912 2041498.169 2320742.047 2260529.633 2458251.072 2187038.018 2134365.168 1715109.053 1118845.639 460208.4348 50406.10127 3626.084871 0.004284763057 2.768572094e-39 8.88184815e-60 1.393569146e-97 4.397036202e-184 2.994120158e-234 0 0 0 0 0 0 0 0 0 0 0 0 0 0 0 0 
0 0 0 0 0 0 0 0 0 0 0 0 0 0 0 0 5.348593091e-229 2.541965799e-155 3.525030531e-115 2.791796502e-72 1.410709019e-21 0.0003398160345 651.1403101 91420.81342 323668.0679 1163328.496 1800453.183 2065232.768 2253289.729 2302036.186 2364778.701 2154598.627 2208711.174 1794803.967 1084908.019 452636.0558 42550.32092 1351.917492 0.0002038144392 2.305929768e-31 7.666684099e-66 1.930936267e-104 4.877242153e-180 1.843720985e-234 0 0 0 0 0 0 0 0 0 0 0 0 0 0 0 0 
0 0 0 0 0 0 0 0 0 0 0 0 0 0 0 0 1.217453094e-241 2.530082946e-170 1.436852379e-122 1.757197757e-76 1.319778912e-21 3.846393419e-07 584.7965247 101749.9029 323396.1253 1083147.336 1741177.569 1876011.505 2235557.901 2396700.126 2516679.188 2343794.843 2214860.844 1741843.268 1132680.802 414731.2536 45736.6704 3034.030819 0.00118273529 1.767467119e-32 7.634439046e-64 1.508565244e-107 3.757638795e-183 4.936263419e-233 0 0 0 0 0 0 0 0 0 0 0 0 0 0 0 0 
0 0 0 0 0 0 0 0 0 0 0 0 0 0 0 0 1.509237674e-240 5.695032896e-164 6.127373731e-120 1.117896825e-85 2.435397541e-22 1.895961085e-09 1392.160193 95989.59022 347279.5908 1088460.289 1800494.862 2003903.652 2212484.393 2252512.823 2090160.692 2106845.156 2108192.682 1613541.118 1007991.396 430691.4719 48987.64189 2624.570232 0.0006444317584 2.786802664e-33 5.540563905e-66 1.577558755e-112 1.711201702e-181 8.963254852e-232 0 0 0 0 0 0 0 0 0 0 0 0 0 0 0 0 
0 0 0 0 0 0 0 0 0 0 0 0 0 0 0 0 1.293036858e-245 7.166565934e-156 3.77882862e-119 1.340751539e-75 3.509805396e-21 1.861306764e-05 567.2959366 77592.97415 296320.0939 954601.4901 1319390.322 1634158.852 1830373.905 1803214.479 1712847.784 1790893.359 1710211.642 1242862.917 915582.1609 341621.9557 37061.73642 1518.003837 0.0001330179812 1.997845258e-32 5.531482772e-67 8.456051855e-100 1.186954603e-178 1.086223286e-243 0 0 0 0 0 0 0 0 0 0 0 0 0 0 0 0 
0 0 0 0 0 0 0 0 0 0 0 0 0 0 0 0 9.312903114e-254 9.145504743e-156 2.211213729e-118 1.446601712e-78 5.516125729e-21 0.005141676346 853.5027654 65029.41698 238135.3501 656254.0382 967617.2097 1089129.125 1326091.358 1361215.385 1309042.836 1307669.118 1267119.944 961060.634 624334.5747 316445.065 33800.85437 1876.434435 0.003314196471 1.403430316e-33 1.482751826e-68 5.959110281e-103 4.292852959e-177 5.126693401e-238 8.860932148e-283 0 0 0 0 0 0 0 0 0 0 0 0 0 0 0 
0 0 0 0 0 0 0 0 0 0 0 0 0 0 0 0 1.527226222e-245 3.094368674e-153 2.728168973e-124 3.218251834e-74 2.66405568e-24 3.729553558e-05 709.6217733 44529.22653 164978.2154 404752.2117 645103.5177 657615.0933 731918.4501 745064.3957 783851.7436 741190.1068 706477.381 582765.9293 409683.7617 184571.3166 22986.57121 2097.524025 0.005221726777 1.020798437e-31 1.827725651e-61 1.076467619e-107 8.218140247e-176 1.856987488e-230 0 0 0 0 0 0 0 0 0 0 0 0 0 0 0 0 
0 0 0 0 0 0 0 0 0 0 0 0 0 0 0 0 6.423413751e-225 1.430901793e-159 3.571518014e-128 1.16961008e-68 1.275186749e-22 0.0001384737614 256.08925 27539.95318 94109.51343 341697.8002 511872.1802 603474.4742 600745.8391 716678.9072 599058.2749 536961.2215 609025.6224 491203.9324 289305.4475 117581.2466 13510.91357 1179.901778 1.637642094e-05 9.868831799e-33 4.249772099e-61 2.547233521e-104 4.751870147e-174 2.016396456e-238 1.295990363e-280 0 0 0 0 0 0 0 0 0 0 0 0 0 0 0 
0 0 0 0 0 0 0 0 0 0 0 0 0 0 0 0 3.401127527e-235 1.227016632e-170 1.291934399e-122 2.674633608e-80 2.417335637e-25 1.606369511e-10 533.4157544 28775.2191 99014.54907 372430.1226 479362.7851 445459.5596 621654.4614 524317.9527 635602.8097 571510.8843 584403.0716 480901.7347 274461.6943 114238.4075 16362.44457 930.5991545 1.148441037e-05 3.525026429e-37 1.354643056e-65 6.207986191e-109 1.018514946e-183 2.305195928e-247 0 0 0 0 0 0 0 0 0 0 0 0 0 0 0 0 
0 0 0 0 0 0 0 0 0 0 0 0 0 0 0 0 4.303194194e-267 1.272286504e-176 1.13931313e-125 3.285925472e-82 2.071613362e-23 5.160656477e-10 221.24079 29295.25874 99569.68838 283583.437 475889.2434 494164.7505 603579.5062 560925.875 496597.769 538256.7915 586185.9489 429159.1292 293999.5263 130017.423 14658.95019 642.1603081 1.510336907e-06 1.046888845e-35 6.261536724e-79 5.777252254e-113 2.016073473e-191 0 0 0 0 0 0 0 0 0 0 0 0 0 0 0 0 0 
0 0 0 0 0 0 0 0 0 0 0 0 0 0 0 0 3.764032551e-246 2.485814633e-173 2.028266479e-139 4.321864222e-68 1.504667657e-22 4.922872045e-05 174.6450544 21088.65831 79790.64775 189894.2475 332343.2405 302374.9875 330737.4108 414464.6526 294278.6876 361182.335 347109.3658 288435.5543 210142.486 90629.24466 11602.71147 650.8803025 0.004817336333 4.309381491e-37 1.559622427e-60 6.583891503e-101 1.030276355e-182 9.467430728e-229 0 0 0 0 0 0 0 0 0 0 0 0 0 0 0 0 
0 0 0 0 0 0 0 0 0 0 0 0 0 0 0 0 4.232499011e-233 4.247965e-165 3.643523569e-119 8.787937903e-82 1.745817643e-21 4.627985336e-08 170.6936401 12834.76891 41167.23181 83500.38872 117304.1302 102048.6291 124422.7611 113528.8334 116684.0171 109726.3503 112003.246 102097.5027 70362.81877 47768.77797 7823.65115 427.1159531 5.733627765e-06 1.236446471e-34 1.074047035e-73 1.796477049e-106 4.932363343e-178 2.3952856e-232 0 0 0 0 0 0 0 0 0 0 0 0 0 0 0 0 
0 0 0 0 0 0 0 0 0 0 0 0 0 0 0 0 1.01023091e-231 1.701452209e-158 4.193342409e-121 8.110762343e-76 3.953218471e-24 1.378120319e-09 56.33382077 1151.919053 2765.305223 9512.077834 7105.721999 7878.273039 6285.524424 10044.97167 6419.182392 4210.227058 6732.200813 7925.579388 6948.455284 1703.813183 926.2745024 26.00944893 4.461371383e-05 2.637892695e-33 4.332248665e-68 3.509134792e-101 2.068380115e-187 1.861846598e-249 0 0 0 0 0 0 0 0 0 0 0 0 0 0 0 0 
0 0 0 0 0 0 0 0 0 0 0 0 0 0 0 0 0 2.550603089e-167 1.860527889e-143 1.718240839e-94 7.069808716e-28 4.008373302e-11 1.951096265e-05 0.02755178369 0.07189145175 0.08500984187 3.16149151 0.1779451433 0.07877691452 2.030705039 0.978030245 0.5784846114 2.895615086 5.136978548 0.5129758101 0.1178186218 0.3450067415 5.910178255e-06 1.068713954e-07 3.570911803e-38 1.420386965e-67 3.118350883e-107 1.758766492e-192 2.072967589e-245 0 0 0 0 0 0 0 0 0 0 0 0 0 0 0 0 
0 0 0 0 0 0 0 0 0 0 0 0 0 0 0 0 2.410447181e-285 4.028349847e-190 4.852754645e-147 2.012420778e-93 1.556780772e-45 2.637931131e-31 2.734828332e-14 3.05590234e-15 1.773990879e-11 2.503530428e-11 2.781733467e-11 5.932104985e-11 1.596689702e-11 2.735082526e-12 8.64415941e-13 2.079426031e-10 1.062685287e-13 1.356676394e-10 2.071904132e-11 9.072882769e-12 3.683310881e-12 2.00334235e-16 9.316652739e-23 7.041963309e-47 1.422835208e-84 6.338528775e-132 1.693718168e-201 9.604416625e-255 0 0 0 0 0 0 0 0 0 0 0 0 0 0 0 0 
0 0 0 0 0 0 0 0 0 0 0 0 0 0 0 0 1.39710677e-302 9.590609656e-200 4.300365162e-161 1.515123507e-119 8.459370558e-63 1.863787177e-34 1.141935769e-28 2.763753127e-26 8.126492916e-27 1.29779398e-27 1.648365563e-29 3.505762581e-29 2.106200891e-29 2.798778392e-25 3.528543935e-26 1.0122008e-28 3.599969784e-29 6.864216127e-29 1.360800913e-25 1.23320446e-28 1.290834418e-26 1.368796398e-29 1.365586502e-42 5.383997707e-73 9.846570648e-102 1.687515807e-151 8.402802506e-213 1.047425509e-260 0 0 0 0 0 0 0 0 0 0 0 0 0 0 0 0 
0 0 0 0 0 0 0 0 0 0 0 0 0 0 0 0 2.159203146e-308 6.84615556e-227 5.897668041e-182 5.781088802e-158 8.466749896e-77 1.028106967e-48 4.308809409e-48 7.508943459e-49 2.571618442e-50 8.984628231e-48 5.573320373e-44 2.15078149e-51 2.994185258e-45 8.337525424e-45 2.691109191e-50 2.068479411e-49 6.188616774e-44 9.970303252e-47 3.012597692e-47 2.717239888e-47 2.202931921e-49 1.479072768e-51 6.933166891e-59 7.689554878e-102 8.366251411e-121 1.584600349e-147 1.318498644e-250 0 0 0 0 0 0 0 0 0 0 0 0 0 0 0 0 0 
0 0 0 0 0 0 0 0 0 0 0 0 0 0 0 0 0 1.097146915e-256 3.088649289e-217 4.160659535e-160 4.721072139e-110 1.042082246e-81 2.222767495e-76 7.220774779e-75 2.950996893e-69 1.696323724e-74 3.223333644e-66 6.669148818e-75 3.234907407e-73 3.871701703e-66 4.460397321e-73 5.24083706e-69 6.884304326e-69 2.015639158e-73 1.045484181e-66 5.173024685e-66 1.115644908e-69 8.857828686e-75 8.985112371e-77 7.624755927e-113 8.800536471e-153 6.562721472e-197 1.775830314e-259 0 0 0 0 0 0 0 0 0 0 0 0 0 0 0 0 0 
0 0 0 0 0 0 0 0 0 0 0 0 0 0 0 0 0 2.079605665e-278 1.14625277e-212 1.354535598e-201 1.803753767e-119 1.46473819e-113 5.864201896e-108 7.384631868e-96 1.030066096e-100 1.669355406e-98 1.851451586e-100 5.9792268e-100 4.335922067e-90 2.080468547e-103 1.903369864e-99 4.762709308e-93 4.845575597e-98 6.303779203e-102 3.957900605e-94 2.311811177e-104 1.027810558e-100 2.65588598e-93 5.186173564e-112 5.490178117e-144 2.031471975e-167 3.636245731e-226 0 0 0 0 0 0 0 0 0 0 0 0 0 0 0 0 0 0 
0 0 0 0 0 0 0 0 0 0 0 0 0 0 0 0 0 0 0 0 3.485650462e-191 0 0 0 0 0 0 9.531218231e-128 0 0 0 1.211133388e-117 0 0 8.392882572e-128 0 4.19857351e-128 0 0 0 0 1.387696462e-279 0 0 0 0 0 0 0 0 0 0 0 0 0 0 0 0 0 0 
0 0 0 0 0 0 0 0 0 0 0 0 0 0 0 0 0 0 0 0 0 0 0 0 0 0 0 0 0 0 0 0 0 0 0 0 0 0 0 0 0 0 0 0 0 0 0 0 0 0 0 0 0 0 0 0 0 0 0 0 
0 0 0 0 0 0 0 0 0 0 0 0 0 0 0 0 0 0 0 0 0 0 0 0 0 0 0 0 0 0 0 0 0 0 0 0 0 0 0 0 0 0 0 0 0 0 0 0 0 0 0 0 0 0 0 0 0 0 0 0 
0 0 0 0 0 0 0 0 0 0 0 0 0 0 0 0 0 0 0 0 0 0 0 0 0 0 0 0 0 0 0 0 0 0 0 0 0 0 0 0 0 0 0 0 0 0 0 0 0 0 0 0 0 0 0 0 0 0 0 0 
0 0 0 0 0 0 0 0 0 0 0 0 0 0 0 0 0 0 0 0 0 0 0 0 0 0 0 0 0 0 0 0 0 0 0 0 0 0 0 0 0 0 0 0 0 0 0 0 0 0 0 0 0 0 0 0 0 0 0 0 
0 0 0 0 0 0 0 0 0 0 0 0 0 0 0 0 0 0 0 0 0 0 0 0 0 0 0 0 0 0 0 0 0 0 0 0 0 0 0 0 0 0 0 0 0 0 0 0 0 0 0 0 0 0 0 0 0 0 0 0 
0 0 0 0 0 0 0 0 0 0 0 0 0 0 0 0 0 0 0 0 0 0 0 0 0 0 0 0 0 0 0 0 0 0 0 0 0 0 0 0 0 0 0 0 0 0 0 0 0 0 0 0 0 0 0 0 0 0 0 0 
0 0 0 0 0 0 0 0 0 0 0 0 0 0 0 0 0 0 0 0 0 0 0 0 0 0 0 0 0 0 0 0 0 0 0 0 0 0 0 0 0 0 0 0 0 0 0 0 0 0 0 0 0 0 0 0 0 0 0 0 
0 0 0 0 0 0 0 0 0 0 0 0 0 0 0 0 0 0 0 0 0 0 0 0 0 0 0 0 0 0 0 0 0 0 0 0 0 0 0 0 0 0 0 0 0 0 0 0 0 0 0 0 0 0 0 0 0 0 0 0 
0 0 0 0 0 0 0 0 0 0 0 0 0 0 0 0 0 0 0 0 0 0 0 0 0 0 0 0 0 0 0 0 0 0 0 0 0 0 0 0 0 0 0 0 0 0 0 0 0 0 0 0 0 0 0 0 0 0 0 0 
0 0 0 0 0 0 0 0 0 0 0 0 0 0 0 0 0 0 0 0 0 0 0 0 0 0 0 0 0 0 0 0 0 0 0 0 0 0 0 0 0 0 0 0 0 0 0 0 0 0 0 0 0 0 0 0 0 0 0 0 
# Errors [DivMonMono/divmono.dat] I_err:
0 0 0 0 0 0 0 0 0 0 0 0 0 0 0 0 0 0 0 0 0 0 0 0 0 0 0 0 0 0 0 0 0 0 0 0 0 0 0 0 0 0 0 0 0 0 0 0 0 0 0 0 0 0 0 0 0 0 0 0 
0 0 0 0 0 0 0 0 0 0 0 0 0 0 0 0 0 0 0 0 0 0 0 0 0 0 0 0 0 0 0 0 0 0 0 0 0 0 0 0 0 0 0 0 0 0 0 0 0 0 0 0 0 0 0 0 0 0 0 0 
0 0 0 0 0 0 0 0 0 0 0 0 0 0 0 0 0 0 0 0 0 0 0 0 0 0 0 0 0 0 0 0 0 0 0 0 0 0 0 0 0 0 0 0 0 0 0 0 0 0 0 0 0 0 0 0 0 0 0 0 
0 0 0 0 0 0 0 0 0 0 0 0 0 0 0 0 0 0 0 0 0 0 0 0 0 0 0 0 0 0 0 0 0 0 0 0 0 0 0 0 0 0 0 0 0 0 0 0 0 0 0 0 0 0 0 0 0 0 0 0 
0 0 0 0 0 0 0 0 0 0 0 0 0 0 0 0 0 0 0 0 0 0 0 0 0 0 0 0 0 0 0 0 0 0 0 0 0 0 0 0 0 0 0 0 0 0 0 0 0 0 0 0 0 0 0 0 0 0 0 0 
0 0 0 0 0 0 0 0 0 0 0 0 0 0 0 0 0 0 0 0 0 0 0 0 0 0 0 0 0 0 0 0 0 0 0 0 0 0 0 0 0 0 0 0 0 0 0 0 0 0 0 0 0 0 0 0 0 0 0 0 
0 0 0 0 0 0 0 0 0 0 0 0 0 0 0 0 0 0 0 0 0 0 0 0 0 0 0 0 0 0 0 0 0 0 0 0 0 0 0 0 0 0 0 0 0 0 0 0 0 0 0 0 0 0 0 0 0 0 0 0 
0 0 0 0 0 0 0 0 0 0 0 0 0 0 0 0 0 0 0 0 0 0 0 0 0 0 0 0 0 0 0 0 0 0 0 0 0 0 0 0 0 0 0 0 0 0 0 0 0 0 0 0 0 0 0 0 0 0 0 0 
0 0 0 0 0 0 0 0 0 0 0 0 0 0 0 0 0 0 0 0 0 0 0 0 0 0 0 0 0 0 0 0 0 0 0 0 0 0 0 0 0 0 0 0 0 0 0 0 0 0 0 0 0 0 0 0 0 0 0 0 
0 0 0 0 0 0 0 0 0 0 0 0 0 0 0 0 0 0 0 0 0 0 0 0 0 0 0 0 0 0 0 0 0 0 0 0 0 0 0 0 0 0 0 0 0 0 0 0 0 0 0 0 0 0 0 0 0 0 0 0 
0 0 0 0 0 0 0 0 0 0 0 0 0 0 0 0 0 0 0 0 0 0 0 0 0 0 0 9.762610459e-128 0 0 2.601539445e-127 0 1.646300765e-125 0 0 0 0 0 0 0 0 0 0 0 0 0 0 0 0 0 0 0 0 0 0 0 0 0 0 0 
0 0 0 0 0 0 0 0 0 0 0 0 0 0 0 0 0 0 0 0 1.060071731e-124 7.459870388e-117 6.855316441e-94 2.337251771e-98 2.503968038e-103 2.825832448e-103 8.848026195e-102 6.345518571e-95 4.728509207e-92 9.569057172e-94 1.16999257e-89 3.286424885e-101 1.468968815e-97 1.720267579e-102 2.503916317e-101 1.78225042e-100 7.553764989e-100 9.213877021e-99 4.232043623e-112 3.195233361e-148 0 0 0 0 0 0 0 0 0 0 0 0 0 0 0 0 0 0 0 0 
0 0 0 0 0 0 0 0 0 0 0 0 0 0 0 0 8.092795279e-321 0 0 0 6.221569421e-107 1.285793451e-84 5.768888186e-73 1.8020627e-68 1.21042626e-76 1.99839263e-67 8.839141586e-72 4.216149361e-68 3.189867621e-72 8.933788089e-66 5.960165175e-67 9.770172481e-67 1.059627139e-65 9.593675683e-72 4.851295699e-67 1.879703608e-66 5.3548623e-69 5.36767616e-78 8.977376921e-84 2.491403112e-110 8.859359561e-146 0 0 0 0 0 0 0 0 0 0 0 0 0 0 0 0 0 0 0 
0 0 0 0 0 0 0 0 0 0 0 0 0 0 0 0 0 0 0 4.47955323e-145 2.426609787e-81 3.97663002e-56 1.286298401e-57 3.277886629e-47 2.948450785e-47 3.034378515e-46 2.993775773e-46 3.568236809e-46 2.138296525e-46 3.324847481e-44 9.229881055e-50 2.623270176e-48 6.525173715e-44 2.1523695e-46 1.114145819e-49 4.89470878e-44 5.814106022e-50 2.885973833e-47 3.636965516e-62 6.4907508e-92 2.130788923e-132 0 0 0 0 0 0 0 0 0 0 0 0 0 0 0 0 0 0 0 
0 0 0 0 0 0 0 0 0 0 0 0 0 0 0 0 7.673718526e-304 0 0 1.039473048e-114 6.180295496e-57 5.582851408e-48 1.928882758e-26 2.53192084e-28 2.701607916e-28 5.158242286e-27 1.313841552e-25 1.082497812e-28 1.132034492e-25 2.424140621e-30 1.626152242e-27 1.778083069e-26 1.083519258e-28 9.724530798e-29 6.339738452e-27 2.979996526e-29 3.549545323e-29 5.831580658e-34 1.07526355e-39 1.598877345e-69 4.565031112e-115 4.040395737e-139 0 3.334269769e-305 0 0 0 0 0 0 0 0 0 0 0 0 0 0 0 0 
0 0 0 0 0 0 0 0 0 0 0 0 0 0 0 0 0 0 1.532567007e-148 5.691444296e-107 1.456424328e-45 2.954808672e-26 1.558869785e-15 6.525493102e-14 1.618436231e-13 1.334054322e-11 6.792135766e-13 4.123044417e-13 9.820445366e-15 4.250098237e-11 3.177798822e-11 7.147149208e-13 1.37710431e-10 8.232193853e-12 6.592480536e-11 9.471072806e-13 1.704515577e-14 3.520706519e-14 1.887668489e-22 2.219225168e-50 1.937444701e-88 8.639910258e-135 0 0 0 0 0 0 0 0 0 0 0 0 0 0 0 0 0 0 
0 0 0 0 0 0 0 0 0 0 0 0 0 0 0 0 0 0 3.747624028e-137 4.844140193e-91 8.016713512e-33 2.242731171e-09 5.625900378e-05 0.01748836737 0.5361720769 0.8855114499 0.09678001737 0.7110818043 0.1295266831 2.045084036 0.2372821766 1.474938478 0.2207312063 2.270197168 1.234396278 0.2405799591 0.003046385077 0.0002540950727 3.534252853e-08 3.397507384e-36 3.535525883e-74 7.031587505e-128 0 0 0 0 0 0 0 0 0 0 0 0 0 0 0 0 0 0 
0 0 0 0 0 0 0 0 0 0 0 0 0 0 0 0 0 4.048220341e-157 5.363299996e-115 1.32760548e-80 1.491700511e-25 1.609819696e-10 5.876933538 199.461232 618.0465947 1214.14714 1583.476505 1337.303056 1658.210953 1880.765514 1514.431768 1757.98179 1411.55903 1425.005541 1480.687912 866.1378519 311.1101038 9.971568251 3.275202908e-05 1.233983997e-32 4.425477276e-61 1.366731838e-106 0 0 0 0 0 0 0 0 0 0 0 0 0 0 0 0 0 0 
0 0 0 0 0 0 0 0 0 0 0 0 0 0 0 0 5.984960697e-311 0 2.639098226e-125 7.276443071e-77 1.810308722e-23 5.044142333e-07 64.6775073 2037.456982 4086.986744 8137.999361 10380.99882 10793.26495 10400.07464 10960.49763 9841.319908 11543.78588 10649.79963 9951.722586 6923.376915 4635.728664 1278.955429 266.2239118 3.560156024e-05 8.890737208e-36 3.790199028e-71 4.548583343e-109 0 0 0 0 0 0 0 0 0 0 0 0 0 0 0 0 0 0 
0 0 0 0 0 0 0 0 0 0 0 0 0 0 0 0 0 2.664870832e-159 5.166393197e-118 1.114016081e-78 3.621405935e-29 8.536441599e-05 81.5138682 2791.443661 8307.803555 15272.62265 17964.57159 22469.25511 22640.49237 23659.94439 24955.85118 21731.97012 22428.22499 19150.49868 14632.31797 8572.600703 1805.423954 180.988897 0.002403586209 1.833966228e-45 8.857187886e-83 2.622107045e-101 0 0 0 0 0 0 0 0 0 0 0 0 0 0 0 0 0 0 
0 0 0 0 0 0 0 0 0 0 0 0 0 0 0 0 3.909456038e-281 0 2.279622176e-129 2.452627532e-86 3.215876312e-23 1.035065011e-06 66.32353009 3246.561789 9822.811034 20231.51367 29787.57028 32733.35381 35262.1326 36186.18405 38762.71063 33946.14247 34635.82966 29150.92983 20857.70614 10534.34823 2200.102808 153.4865849 4.765662992e-05 3.89656503e-32 2.017850111e-66 6.166052014e-105 0 0 0 0 0 0 0 0 0 0 0 0 0 0 0 0 0 0 
0 0 0 0 0 0 0 0 0 0 0 0 0 0 0 0 0 0 4.736962647e-114 2.527936284e-83 8.419066089e-28 0.0001273029316 112.7613535 3963.082505 10258.92985 23355.97122 34017.84426 40043.20246 42410.61763 42928.26128 40433.64994 40338.48821 40684.20474 33743.16407 23357.90338 11888.66709 2359.296249 195.8981602 2.086394737e-07 9.319475261e-42 5.170517832e-71 1.440007489e-113 0 9.784845534e-243 0 0 0 0 0 0 0 0 0 0 0 0 0 0 0 0 
0 0 0 0 0 0 0 0 0 0 0 0 0 0 0 0 0 0 6.904846172e-135 1.885064957e-77 1.245058823e-22 6.658450794e-05 74.04259388 4068.28264 10137.14853 23937.78661 38628.24321 40659.44417 44663.26469 46233.8443 44520.368 41693.7222 42993.42104 34333.59146 23032.80991 12093.52364 2210.300444 320.8280543 5.238970878e-05 2.289756848e-33 2.140906723e-61 6.356639452e-108 0 0 0 0 0 0 0 0 0 0 0 0 0 0 0 0 0 0 
0 0 0 0 0 0 0 0 0 0 0 0 0 0 0 0 0 1.067127491e-157 1.493900625e-118 1.035663127e-69 7.267609146e-26 3.589046943e-05 128.1090878 5237.400327 11358.15666 25781.52577 36978.16996 42098.82889 44107.12589 46611.12452 45733.15566 43181.47383 43903.12849 34310.32105 25334.36498 13759.87286 2833.305986 555.1455233 0.0009252125427 5.786209595e-34 1.046117438e-67 1.932130305e-108 0 0 0 0 0 0 0 0 0 0 0 0 0 0 0 0 0 0 
0 0 0 0 0 0 0 0 0 0 0 0 0 0 0 0 0 2.190554403e-159 1.112245534e-121 8.378437642e-61 6.5037309e-24 2.08194012e-05 186.4348416 5907.51525 14368.50577 31939.90106 46261.10694 52111.31567 54920.82717 56711.12666 54691.86806 54056.22656 53099.93186 45807.97493 32058.26789 16454.62385 3268.618054 671.9323097 0.0003662552632 4.530966707e-32 1.136909698e-62 1.631634717e-98 0 0 0 0 0 0 0 0 0 0 0 0 0 0 0 0 0 0 
0 0 0 0 0 0 0 0 0 0 0 0 0 0 0 0 0 0 5.615907062e-123 2.276385896e-75 2.645896367e-22 1.290518713e-05 259.6554277 6838.186211 17536.67705 38570.82997 58902.67194 65862.13569 70128.35515 71507.40688 72507.0586 69786.04628 67864.67222 55386.91493 39942.56559 21577.08755 4086.892853 983.009051 0.0009349109826 1.321007638e-32 6.968030211e-61 1.297077719e-103 0 0 0 0 0 0 0 0 0 0 0 0 0 0 0 0 0 0 
0 0 0 0 0 0 0 0 0 0 0 0 0 0 0 0 0 9.604272803e-161 7.381553694e-120 5.50678497e-77 1.184467608e-22 0.00040890992 186.4357943 7246.639782 21030.92402 44702.635 69592.19736 77556.96075 81489.61601 84825.14275 81164.15611 83263.70372 79151.52549 66080.84639 46328.92781 23005.78702 4354.292281 703.4002424 0.0004882652662 2.571243331e-33 6.818646632e-67 9.17840654e-104 0 0 0 0 0 0 0 0 0 0 0 0 0 0 0 0 0 0 
0 0 0 0 0 0 0 0 0 0 0 0 0 0 0 0 0 9.793532168e-158 1.969872732e-115 4.454203546e-77 3.412259589e-23 0.01067776759 184.8463535 7905.840038 20706.36219 45058.21212 73009.74105 80093.50688 89320.12766 88884.09709 88863.64092 87181.91904 85522.66989 67863.81331 46804.06158 22829.01282 4433.544106 724.3776535 0.0001762567371 1.003027783e-34 4.967311781e-62 1.508527066e-107 0 0 0 0 0 0 0 0 0 0 0 0 0 0 0 0 0 0 
0 0 0 0 0 0 0 0 0 0 0 0 0 0 0 0 0 4.772945995e-158 3.356596226e-117 8.665622802e-70 1.368846989e-23 0.001020812325 248.6550486 8139.784219 18701.91679 49761.62102 74345.27707 81929.71209 89169.01575 90600.12065 91568.33076 87869.06226 84304.82671 67879.39193 46337.08645 24534.41045 4931.938584 583.6251366 0.001255548281 4.702230531e-30 3.738440959e-74 1.185148201e-103 0 0 0 0 0 0 0 0 0 0 0 0 0 0 0 0 0 0 
0 0 0 0 0 0 0 0 0 0 0 0 0 0 0 0 0 0 1.247717399e-120 3.000515216e-76 8.780998056e-21 0.0001731472352 204.5772372 8550.519206 22058.72656 46457.3858 72114.65783 81423.52085 89613.73279 88507.24143 90588.32849 89819.24635 85666.97778 70483.71541 46957.07265 23870.93271 4625.565967 694.2213739 0.0007759193308 2.9493718e-37 7.092304721e-73 1.314676656e-103 0 0 0 0 0 0 0 0 0 0 0 0 0 0 0 0 0 0 
0 0 0 0 0 0 0 0 0 0 0 0 0 0 0 0 0 2.955580463e-155 1.210172006e-126 5.826267241e-78 2.63539746e-24 0.0001928593147 334.883062 8268.367764 18329.51224 46437.63722 73130.50627 80978.70013 88930.86076 89480.98547 92368.05838 86385.95505 84597.40657 68655.59521 49493.31694 24218.04771 4727.591931 931.260099 0.003216961616 2.768191007e-39 8.295223754e-60 1.403210291e-97 0 0 0 0 0 0 0 0 0 0 0 0 0 0 0 0 0 0 
0 0 0 0 0 0 0 0 0 0 0 0 0 0 0 0 0 2.581504335e-155 3.548767448e-115 2.811387767e-72 1.408590372e-21 0.0002196314848 184.5086093 7852.813972 19680.5416 48325.03724 73335.05804 81439.15591 87812.52459 89930.6596 90528.68624 85296.65329 86437.3813 70049.44821 48654.9249 24192.49517 4449.757915 505.1665675 0.0001054926558 2.311205698e-31 7.689326572e-66 1.942967137e-104 0 0 0 0 0 0 0 0 0 0 0 0 0 0 0 0 0 0 
0 0 0 0 0 0 0 0 0 0 0 0 0 0 0 0 0 0 1.148827095e-122 1.153818456e-76 9.95290259e-22 2.772459638e-07 154.8500399 8491.269707 19562.24061 46608.32546 72062.47626 77001.52703 87284.94823 91218.3985 93361.11278 89235.45552 86060.61143 68622.56717 49262.9274 22817.24959 4431.908032 808.7944803 0.001150684259 1.651013502e-32 7.643030306e-64 1.023898513e-107 0 0 0 0 0 0 0 0 0 0 0 0 0 0 0 0 0 0 
0 0 0 0 0 0 0 0 0 0 0 0 0 0 0 0 0 0 6.179781734e-120 9.538232551e-86 2.157886389e-22 1.354096847e-09 374.5767169 7992.092663 20543.279 46001.31756 70865.04062 78212.13064 84823.67379 86349.74772 82511.369 82197.16935 81628.82321 64951.77602 45638.7887 23471.02598 4627.377887 738.288665 0.0003685874255 2.793189518e-33 5.556447035e-66 1.587226405e-112 0 0 0 0 0 0 0 0 0 0 0 0 0 0 0 0 0 0 
0 0 0 0 0 0 0 0 0 0 0 0 0 0 0 0 0 7.320650164e-156 3.67685345e-119 1.192096054e-75 2.202940521e-21 1.500297487e-05 144.6936017 7005.572665 18062.36345 40719.66493 57114.85954 65666.57938 71604.01938 71963.51675 69115.78275 70616.5147 68987.396 53331.71047 41081.49225 19568.27657 4061.755611 505.1346792 0.0001005291252 1.680753905e-32 5.508760938e-67 8.516638797e-100 0 0 0 0 0 0 0 0 0 0 0 0 0 0 0 0 0 0 
0 0 0 0 0 0 0 0 0 0 0 0 0 0 0 0 9.312903114e-254 9.342204349e-156 2.229557575e-118 1.195610181e-78 5.526763403e-21 0.005141827292 236.6102506 6007.74879 15163.25643 31469.10077 45362.00683 50088.47728 56860.70701 58198.73886 56544.81554 55692.15868 54828.0515 43398.47038 31178.67319 17755.28139 3462.48111 537.825459 0.002355893701 1.406653383e-33 1.395347403e-68 5.767102328e-103 0 0 8.860932148e-283 0 0 0 0 0 0 0 0 0 0 0 0 0 0 0 
0 0 0 0 0 0 0 0 0 0 0 0 0 0 0 0 0 2.278935345e-153 2.736616259e-124 3.240670327e-74 2.482583823e-24 3.37436029e-05 217.5974352 4866.818577 11780.40109 24554.79453 37708.66229 39918.65385 43962.75383 43260.0907 45104.34358 43449.54939 41926.43982 34585.49726 25392.53106 13055.50326 2679.149704 676.1143 0.002789632566 1.018863272e-31 1.346972332e-61 1.083496672e-107 0 0 0 0 0 0 0 0 0 0 0 0 0 0 0 0 0 0 
0 0 0 0 0 0 0 0 0 0 0 0 0 0 0 0 0 1.450014076e-159 3.598566331e-128 1.178051624e-68 1.161937386e-22 0.0001094949299 128.8450615 3929.852208 9840.124868 24607.67677 37190.69906 41588.60328 42517.11652 47117.16097 42829.55943 40044.76427 42720.41976 34832.29162 23034.29319 11372.57738 2288.097249 470.6977471 1.08561846e-05 9.819958313e-33 4.264410398e-61 2.565363503e-104 0 0 1.295990363e-280 0 0 0 0 0 0 0 0 0 0 0 0 0 0 0 
0 0 0 0 0 0 0 0 0 0 0 0 0 0 0 0 0 0 1.302147471e-122 2.054682714e-80 2.42080755e-25 1.598689315e-10 194.8706956 4134.021003 10480.56064 25562.70836 34664.95272 34233.77091 41964.70992 38927.96177 42824.19337 40171.87185 40497.27924 33791.09388 22496.96107 11461.77563 2680.041255 418.864914 1.127959676e-05 2.314604872e-37 1.359002781e-65 5.701965283e-109 0 0 0 0 0 0 0 0 0 0 0 0 0 0 0 0 0 0 
0 0 0 0 0 0 0 0 0 0 0 0 0 0 0 0 4.303194194e-267 0 1.150649858e-125 3.305420683e-82 2.074581642e-23 4.980015426e-10 80.48299116 4089.519703 9861.627995 20367.54105 31239.69334 32729.91826 37047.93554 36095.16137 33680.50433 34799.33464 36037.37408 28761.72101 21092.33611 11317.10448 2309.158261 293.3459799 1.036757365e-06 1.038979586e-35 6.281057221e-79 5.817233004e-113 0 0 0 0 0 0 0 0 0 0 0 0 0 0 0 0 0 0 
0 0 0 0 0 0 0 0 0 0 0 0 0 0 0 0 3.764032551e-246 0 2.046622206e-139 4.349837699e-68 1.07240305e-22 4.930126264e-05 76.51824693 3023.725209 7731.295894 14514.31919 22265.83066 21621.51324 23075.64722 26084.50503 21498.8789 24076.078 23521.39672 20198.95375 15612.10579 8273.928382 1782.690312 276.6525033 0.004729650079 3.529408143e-37 1.295440795e-60 6.625430661e-101 0 0 0 0 0 0 0 0 0 0 0 0 0 0 0 0 0 0 
0 0 0 0 0 0 0 0 0 0 0 0 0 0 0 0 0 0 3.674271148e-119 8.848537293e-82 1.730190528e-21 3.228334885e-08 70.56634405 1985.026581 4403.144753 7955.670002 10559.17992 9838.618455 10981.93913 10565.69008 11022.85882 10546.9168 10553.85848 9437.181607 7246.188333 4948.087744 1251.266583 166.6860277 3.581238891e-06 1.240853999e-34 1.078666733e-73 1.816328227e-106 0 0 0 0 0 0 0 0 0 0 0 0 0 0 0 0 0 0 
0 0 0 0 0 0 0 0 0 0 0 0 0 0 0 0 0 1.736537041e-158 4.23588786e-121 8.179117431e-76 3.659474538e-24 8.039900487e-10 41.30957306 326.1380096 565.4471705 1681.070682 1564.735037 1731.152563 1305.204591 1941.947386 1455.536054 1055.432226 1270.317732 1552.048223 1395.043624 493.310508 290.2741819 13.83283383 4.005972126e-05 2.646880766e-33 4.352977143e-68 3.540887473e-101 0 0 0 0 0 0 0 0 0 0 0 0 0 0 0 0 0 0 
0 0 0 0 0 0 0 0 0 0 0 0 0 0 0 0 0 0 1.883640923e-143 1.728949481e-94 7.100336655e-28 4.018133659e-11 1.262516086e-05 0.01822130936 0.04508791077 0.04252341557 1.50919238 0.1482922223 0.03804479741 1.184852368 0.6462730347 0.2600169705 2.650779633 2.740532047 0.2497570478 0.07122666622 0.1857118499 3.384278709e-06 1.071356048e-07 3.516802574e-38 1.056719729e-67 3.168243803e-107 0 2.072967589e-245 0 0 0 0 0 0 0 0 0 0 0 0 0 0 0 0 
0 0 0 0 0 0 0 0 0 0 0 0 0 0 0 0 2.410447181e-285 0 4.829976138e-147 2.030968826e-93 1.558804155e-45 1.796200484e-31 2.728543911e-14 2.558448559e-15 1.768359077e-11 2.411229745e-11 2.747623423e-11 5.938853063e-11 9.358495424e-12 2.169548726e-12 7.324740928e-13 1.510670298e-10 7.403126167e-14 9.605548196e-11 1.394888488e-11 7.349323303e-12 3.528229791e-12 1.868988242e-16 8.768691896e-23 7.071002456e-47 1.431484715e-84 6.404399691e-132 0 0 0 0 0 0 0 0 0 0 0 0 0 0 0 0 0 0 
0 0 0 0 0 0 0 0 0 0 0 0 0 0 0 0 0 0 4.310089127e-161 1.527401754e-119 8.494516222e-63 1.869828621e-34 1.144803592e-28 2.769934036e-26 7.484331711e-27 1.222607331e-27 8.942104405e-30 1.932888508e-29 1.388600336e-29 2.772979219e-25 3.529895577e-26 9.932886455e-29 2.74654317e-29 3.442357536e-29 1.362663504e-25 9.521078431e-29 1.290826562e-26 1.315764187e-29 6.367895218e-43 4.54365565e-73 9.912342591e-102 1.71541052e-151 0 0 0 0 0 0 0 0 0 0 0 0 0 0 0 0 0 0 
0 0 0 0 0 0 0 0 0 0 0 0 0 0 0 0 2.159203146e-308 0 0 5.923853088e-158 8.5141203e-77 1.03221092e-48 4.328498744e-48 6.467062597e-49 2.556637384e-50 8.858415013e-48 5.588851235e-44 1.81182201e-51 2.793335381e-45 8.355068095e-45 1.971353388e-50 1.594996825e-49 4.251701994e-44 9.992767575e-47 2.765816753e-47 2.722793026e-47 1.386359885e-49 1.254494395e-51 6.966103301e-59 7.749396054e-102 8.416499619e-121 1.603801726e-147 0 0 0 0 0 0 0 0 0 0 0 0 0 0 0 0 0 0 
0 0 0 0 0 0 0 0 0 0 0 0 0 0 0 0 0 0 0 4.096997224e-160 4.370412685e-110 1.050067635e-81 1.700415231e-76 5.400113937e-75 2.965295235e-69 1.416927943e-74 3.234274984e-66 4.859543778e-75 3.197961268e-73 3.885814597e-66 4.307371091e-73 3.773050634e-69 6.830732116e-69 1.994300139e-73 1.046670204e-66 5.200759493e-66 1.089395874e-69 8.919101953e-75 9.060937322e-77 7.717056771e-113 8.907213535e-153 0 0 0 0 0 0 0 0 0 0 0 0 0 0 0 0 0 0 0 
0 0 0 0 0 0 0 0 0 0 0 0 0 0 0 0 0 0 0 0 1.853180825e-119 1.497564267e-113 5.807828865e-108 7.407473829e-96 9.991480519e-101 1.64964684e-98 1.875024327e-100 5.863582033e-100 4.392603193e-90 1.318107226e-103 1.772801123e-99 4.817770655e-93 4.591626317e-98 6.30248308e-102 4.021229405e-94 1.632671879e-104 9.402164522e-101 2.690604917e-93 5.326027549e-112 4.257161853e-144 0 0 0 0 0 0 0 0 0 0 0 0 0 0 0 0 0 0 0 0 
0 0 0 0 0 0 0 0 0 0 0 0 0 0 0 0 0 0 0 0 3.485650462e-191 0 0 0 0 0 0 9.531218231e-128 0 0 0 1.211133388e-117 0 0 8.392882572e-128 0 2.969972816e-128 0 0 0 0 1.387696462e-279 0 0 0 0 0 0 0 0 0 0 0 0 0 0 0 0 0 0 
0 0 0 0 0 0 0 0 0 0 0 0 0 0 0 0 0 0 0 0 0 0 0 0 0 0 0 0 0 0 0 0 0 0 0 0 0 0 0 0 0 0 0 0 0 0 0 0 0 0 0 0 0 0 0 0 0 0 0 0 
0 0 0 0 0 0 0 0 0 0 0 0 0 0 0 0 0 0 0 0 0 0 0 0 0 0 0 0 0 0 0 0 0 0 0 0 0 0 0 0 0 0 0 0 0 0 0 0 0 0 0 0 0 0 0 0 0 0 0 0 
0 0 0 0 0 0 0 0 0 0 0 0 0 0 0 0 0 0 0 0 0 0 0 0 0 0 0 0 0 0 0 0 0 0 0 0 0 0 0 0 0 0 0 0 0 0 0 0 0 0 0 0 0 0 0 0 0 0 0 0 
0 0 0 0 0 0 0 0 0 0 0 0 0 0 0 0 0 0 0 0 0 0 0 0 0 0 0 0 0 0 0 0 0 0 0 0 0 0 0 0 0 0 0 0 0 0 0 0 0 0 0 0 0 0 0 0 0 0 0 0 
0 0 0 0 0 0 0 0 0 0 0 0 0 0 0 0 0 0 0 0 0 0 0 0 0 0 0 0 0 0 0 0 0 0 0 0 0 0 0 0 0 0 0 0 0 0 0 0 0 0 0 0 0 0 0 0 0 0 0 0 
0 0 0 0 0 0 0 0 0 0 0 0 0 0 0 0 0 0 0 0 0 0 0 0 0 0 0 0 0 0 0 0 0 0 0 0 0 0 0 0 0 0 0 0 0 0 0 0 0 0 0 0 0 0 0 0 0 0 0 0 
0 0 0 0 0 0 0 0 0 0 0 0 0 0 0 0 0 0 0 0 0 0 0 0 0 0 0 0 0 0 0 0 0 0 0 0 0 0 0 0 0 0 0 0 0 0 0 0 0 0 0 0 0 0 0 0 0 0 0 0 
0 0 0 0 0 0 0 0 0 0 0 0 0 0 0 0 0 0 0 0 0 0 0 0 0 0 0 0 0 0 0 0 0 0 0 0 0 0 0 0 0 0 0 0 0 0 0 0 0 0 0 0 0 0 0 0 0 0 0 0 
0 0 0 0 0 0 0 0 0 0 0 0 0 0 0 0 0 0 0 0 0 0 0 0 0 0 0 0 0 0 0 0 0 0 0 0 0 0 0 0 0 0 0 0 0 0 0 0 0 0 0 0 0 0 0 0 0 0 0 0 
0 0 0 0 0 0 0 0 0 0 0 0 0 0 0 0 0 0 0 0 0 0 0 0 0 0 0 0 0 0 0 0 0 0 0 0 0 0 0 0 0 0 0 0 0 0 0 0 0 0 0 0 0 0 0 0 0 0 0 0 
# Events [DivMonMono/divmono.dat] N:
0 0 0 0 0 0 0 0 0 0 0 0 0 0 0 0 0 0 0 0 0 0 0 0 0 0 0 0 0 0 0 0 0 0 0 0 0 0 0 0 0 0 0 0 0 0 0 0 0 0 0 0 0 0 0 0 0 0 0 0 
0 0 0 0 0 0 0 0 0 0 0 0 0 0 0 0 0 0 0 0 0 0 0 0 0 0 0 0 0 0 0 0 0 0 0 0 0 0 0 0 0 0 0 0 0 0 0 0 0 0 0 0 0 0 0 0 0 0 0 0 
0 0 0 0 0 0 0 0 0 0 0 0 0 0 0 0 0 0 0 0 0 0 0 0 0 0 0 0 0 0 0 0 0 0 0 0 0 0 0 0 0 0 0 0 0 0 0 0 0 0 0 0 0 0 0 0 0 0 0 0 
0 0 0 0 0 0 0 0 0 0 0 0 0 0 0 0 0 0 0 0 0 0 0 0 0 0 0 0 0 0 0 0 0 0 0 0 0 0 0 0 0 0 0 0 0 0 0 0 0 0 0 0 0 0 0 0 0 0 0 0 
0 0 0 0 0 0 0 0 0 0 0 0 0 0 0 0 0 0 0 0 0 0 0 0 0 0 0 0 0 0 0 0 0 0 0 0 0 0 0 0 0 0 0 0 0 0 0 0 0 0 0 0 0 0 0 0 0 0 0 0 
0 0 0 0 0 0 0 0 0 0 0 0 0 0 0 0 0 0 0 0 0 0 0 0 0 0 0 0 0 0 0 0 0 0 0 0 0 0 0 0 0 0 0 0 0 0 0 0 0 0 0 0 0 0 0 0 0 0 0 0 
0 0 0 0 0 0 0 0 0 0 0 0 0 0 0 0 0 0 0 0 0 0 0 0 0 0 0 0 0 0 0 0 0 0 0 0 0 0 0 0 0 0 0 0 0 0 0 0 0 0 0 0 0 0 0 0 0 0 0 0 
0 0 0 0 0 0 0 0 0 0 0 0 0 0 0 0 0 0 0 0 0 0 0 0 0 0 0 0 0 0 0 0 0 0 0 0 0 0 0 0 0 0 0 0 0 0 0 0 0 0 0 0 0 0 0 0 0 0 0 0 
0 0 0 0 0 0 0 0 0 0 0 0 0 0 0 0 0 0 0 0 0 0 0 0 0 0 0 0 0 0 0 0 0 0 0 0 0 0 0 0 0 0 0 0 0 0 0 0 0 0 0 0 0 0 0 0 0 0 0 0 
0 0 0 0 0 0 0 0 0 0 0 0 0 0 0 0 0 0 0 0 0 0 0 0 0 0 0 0 0 0 0 0 0 0 0 0 0 0 0 0 0 0 0 0 0 0 0 0 0 0 0 0 0 0 0 0 0 0 0 0 
0 0 0 0 0 0 0 0 0 0 0 0 0 0 0 0 0 0 0 0 0 0 0 0 0 0 0 1 0 0 2 0 1 0 0 0 0 0 0 0 0 0 0 0 0 0 0 0 0 0 0 0 0 0 0 0 0 0 0 0 
0 0 0 0 0 0 0 0 0 0 0 0 0 0 0 0 1 2 11 6 9 18 26 24 41 34 37 35 52 42 45 40 31 34 40 35 26 35 12 14 16 8 6 0 0 0 0 0 0 0 0 0 0 0 0 0 0 0 0 0 
0 0 0 0 0 0 0 0 0 0 0 0 0 0 0 0 1 10 23 16 58 65 70 108 116 112 101 110 118 115 109 118 105 98 108 107 71 95 63 49 41 14 9 1 0 0 0 0 0 0 0 0 0 0 0 0 0 0 0 0 
0 0 0 0 0 0 0 0 0 0 0 0 0 0 0 0 2 21 47 37 82 116 87 143 217 204 172 191 196 176 199 214 184 207 178 161 162 158 108 77 80 48 17 0 0 0 0 0 0 0 0 0 0 0 0 0 0 0 0 0 
0 0 0 0 0 0 0 0 0 0 0 0 0 0 0 0 1 15 40 51 104 137 153 259 267 296 279 299 263 300 284 309 289 257 278 240 231 241 175 96 87 38 20 1 0 0 0 0 0 0 0 0 0 0 0 0 0 0 0 0 
0 0 0 0 0 0 0 0 0 0 0 0 0 0 0 0 0 14 27 45 136 214 177 290 309 355 350 297 314 321 354 349 313 334 355 304 253 239 193 121 91 49 22 6 0 0 0 0 0 0 0 0 0 0 0 0 0 0 0 0 
0 0 0 0 0 0 0 0 0 0 0 0 0 0 0 0 2 21 35 48 144 208 238 285 327 401 378 364 411 384 357 360 368 354 352 332 306 285 194 117 90 48 13 4 0 0 0 0 0 0 0 0 0 0 0 0 0 0 0 0 
0 0 0 0 0 0 0 0 0 0 0 0 0 0 0 0 1 25 67 42 140 219 214 334 359 384 360 381 402 408 405 400 409 393 368 371 324 268 243 127 103 50 20 3 0 0 0 0 0 0 0 0 0 0 0 0 0 0 0 0 
0 0 0 0 0 0 0 0 0 0 0 0 0 0 0 0 1 27 65 63 181 253 260 386 443 441 439 424 436 429 419 483 447 445 419 376 341 297 251 128 120 54 18 4 0 0 0 0 0 0 0 0 0 0 0 0 0 0 0 0 
0 0 0 0 0 0 0 0 0 0 0 0 0 0 0 0 3 30 56 86 187 276 303 430 501 503 430 498 511 504 519 459 483 468 514 455 396 383 269 184 126 62 23 0 0 0 0 0 0 0 0 0 0 0 0 0 0 0 0 0 
0 0 0 0 0 0 0 0 0 0 0 0 0 0 0 0 1 18 55 84 201 317 327 436 542 550 555 570 537 573 613 564 562 602 557 537 469 389 287 196 136 65 30 3 0 0 0 0 0 0 0 0 0 0 0 0 0 0 0 0 
0 0 0 0 0 0 0 0 0 0 0 0 0 0 0 0 6 26 60 69 234 353 336 465 552 607 568 604 604 592 594 548 599 612 598 549 494 440 323 189 155 59 27 1 0 0 0 0 0 0 0 0 0 0 0 0 0 0 0 0 
0 0 0 0 0 0 0 0 0 0 0 0 0 0 0 0 3 36 66 65 235 330 367 446 552 609 604 649 644 659 613 583 633 637 572 542 468 428 341 182 142 63 22 4 0 0 0 0 0 0 0 0 0 0 0 0 0 0 0 0 
0 0 0 0 0 0 0 0 0 0 0 0 0 0 0 0 3 26 61 83 232 352 392 496 570 633 561 628 649 638 598 637 659 590 615 576 482 440 306 188 149 79 32 2 0 0 0 0 0 0 0 0 0 0 0 0 0 0 0 0 
0 0 0 0 0 0 0 0 0 0 0 0 0 0 0 0 2 32 60 98 241 362 413 563 576 635 614 649 647 683 634 657 654 657 580 567 469 461 349 191 147 84 24 4 0 0 0 0 0 0 0 0 0 0 0 0 0 0 0 0 
0 0 0 0 0 0 0 0 0 0 0 0 0 0 0 0 11 31 64 92 243 360 399 503 603 622 616 658 648 649 685 643 649 644 619 606 498 464 367 192 160 72 23 3 0 0 0 0 0 0 0 0 0 0 0 0 0 0 0 0 
0 0 0 0 0 0 0 0 0 0 0 0 0 0 0 0 2 37 66 90 225 379 376 507 582 622 638 676 651 667 636 675 631 666 652 614 533 503 391 208 141 85 29 3 0 0 0 0 0 0 0 0 0 0 0 0 0 0 0 0 
0 0 0 0 0 0 0 0 0 0 0 0 0 0 0 0 4 25 84 89 267 375 362 537 643 601 663 650 686 657 659 679 668 659 642 557 552 447 384 220 152 63 22 2 0 0 0 0 0 0 0 0 0 0 0 0 0 0 0 0 
0 0 0 0 0 0 0 0 0 0 0 0 0 0 0 0 6 34 77 90 263 385 413 529 561 723 665 665 695 680 705 670 649 666 615 643 539 462 332 212 168 77 22 3 0 0 0 0 0 0 0 0 0 0 0 0 0 0 0 0 
0 0 0 0 0 0 0 0 0 0 0 0 0 0 0 0 3 23 71 81 271 375 430 570 664 638 640 667 696 655 697 692 674 675 652 601 527 490 385 216 145 85 23 3 0 0 0 0 0 0 0 0 0 0 0 0 0 0 0 0 
0 0 0 0 0 0 0 0 0 0 0 0 0 0 0 0 2 23 71 89 232 387 398 571 639 633 647 656 698 653 726 656 653 661 667 604 513 500 365 228 165 72 26 5 0 0 0 0 0 0 0 0 0 0 0 0 0 0 0 0 
0 0 0 0 0 0 0 0 0 0 0 0 0 0 0 0 3 30 74 71 249 394 409 565 666 680 641 663 674 671 698 654 669 695 664 601 523 470 328 217 169 80 26 5 0 0 0 0 0 0 0 0 0 0 0 0 0 0 0 0 
0 0 0 0 0 0 0 0 0 0 0 0 0 0 0 0 2 28 64 92 254 362 376 571 615 638 630 613 671 707 743 707 680 689 687 569 538 506 352 196 159 74 28 2 0 0 0 0 0 0 0 0 0 0 0 0 0 0 0 0 
0 0 0 0 0 0 0 0 0 0 0 0 0 0 0 0 5 34 58 86 246 352 409 567 658 649 692 675 692 693 653 669 681 657 632 605 514 429 353 212 153 69 32 7 0 0 0 0 0 0 0 0 0 0 0 0 0 0 0 0 
0 0 0 0 0 0 0 0 0 0 0 0 0 0 0 0 3 23 79 83 258 383 409 490 615 650 572 642 669 646 629 660 633 589 644 570 512 456 366 206 156 63 25 2 0 0 0 0 0 0 0 0 0 0 0 0 0 0 0 0 
0 0 0 0 0 0 0 0 0 0 0 0 0 0 0 0 1 23 60 71 259 378 378 488 605 573 591 595 665 703 682 672 658 624 616 600 447 472 348 198 146 75 23 3 1 0 0 0 0 0 0 0 0 0 0 0 0 0 0 0 
0 0 0 0 0 0 0 0 0 0 0 0 0 0 0 0 3 35 61 57 250 324 360 519 619 584 634 552 605 637 640 632 605 600 588 556 492 433 352 233 145 73 28 4 0 0 0 0 0 0 0 0 0 0 0 0 0 0 0 0 
0 0 0 0 0 0 0 0 0 0 0 0 0 0 0 0 3 29 63 69 275 377 373 534 560 622 590 619 597 682 609 589 622 636 601 521 456 423 333 194 143 70 22 4 1 0 0 0 0 0 0 0 0 0 0 0 0 0 0 0 
0 0 0 0 0 0 0 0 0 0 0 0 0 0 0 0 5 19 63 76 245 301 381 488 582 609 572 564 596 583 599 597 589 601 585 513 519 415 319 189 155 60 10 5 0 0 0 0 0 0 0 0 0 0 0 0 0 0 0 0 
0 0 0 0 0 0 0 0 0 0 0 0 0 0 0 0 1 27 50 84 215 305 338 454 558 548 554 561 634 572 558 570 588 561 591 549 463 411 294 193 151 72 24 0 0 0 0 0 0 0 0 0 0 0 0 0 0 0 0 0 
0 0 0 0 0 0 0 0 0 0 0 0 0 0 0 0 1 22 55 77 219 297 302 415 509 467 544 482 529 549 486 510 510 530 501 446 403 328 279 164 144 79 24 4 0 0 0 0 0 0 0 0 0 0 0 0 0 0 0 0 
0 0 0 0 0 0 0 0 0 0 0 0 0 0 0 0 4 29 59 72 167 280 263 355 407 431 429 415 480 439 426 447 430 425 425 422 350 316 258 140 108 45 23 4 0 0 0 0 0 0 0 0 0 0 0 0 0 0 0 0 
0 0 0 0 0 0 0 0 0 0 0 0 0 0 0 0 3 24 49 57 158 223 259 296 350 384 386 395 380 393 413 415 416 414 405 320 312 267 223 140 103 55 19 6 0 0 0 0 0 0 0 0 0 0 0 0 0 0 0 0 
0 0 0 0 0 0 0 0 0 0 0 0 0 0 0 0 0 19 40 44 115 205 211 294 329 392 363 381 346 388 359 405 345 397 338 316 292 277 201 127 86 31 20 1 0 0 0 0 0 0 0 0 0 0 0 0 0 0 0 0 
0 0 0 0 0 0 0 0 0 0 0 0 0 0 0 0 1 21 38 54 161 200 193 306 321 350 321 352 346 376 344 313 333 341 331 294 271 245 218 121 82 47 18 2 0 0 0 0 0 0 0 0 0 0 0 0 0 0 0 0 
0 0 0 0 0 0 0 0 0 0 0 0 0 0 0 0 3 22 32 54 120 154 187 214 275 266 274 268 273 271 298 291 288 293 303 247 223 184 162 111 74 30 16 2 0 0 0 0 0 0 0 0 0 0 0 0 0 0 0 0 
0 0 0 0 0 0 0 0 0 0 0 0 0 0 0 0 1 15 38 20 89 125 109 164 190 180 179 187 189 211 198 217 210 201 177 168 149 144 105 64 83 41 17 0 0 0 0 0 0 0 0 0 0 0 0 0 0 0 0 0 
0 0 0 0 0 0 0 0 0 0 0 0 0 0 0 0 2 10 21 24 44 65 73 101 102 116 107 111 111 115 98 121 103 95 103 93 78 72 59 41 41 22 8 1 0 0 0 0 0 0 0 0 0 0 0 0 0 0 0 0 
0 0 0 0 0 0 0 0 0 0 0 0 0 0 0 0 0 2 5 3 18 21 20 38 34 37 39 34 38 37 38 43 31 34 31 29 35 38 17 13 19 9 1 1 0 0 0 0 0 0 0 0 0 0 0 0 0 0 0 0 
0 0 0 0 0 0 0 0 0 0 0 0 0 0 0 0 0 0 0 0 1 0 0 0 0 0 0 1 0 0 0 1 0 0 1 0 2 0 0 0 0 1 0 0 0 0 0 0 0 0 0 0 0 0 0 0 0 0 0 0 
0 0 0 0 0 0 0 0 0 0 0 0 0 0 0 0 0 0 0 0 0 0 0 0 0 0 0 0 0 0 0 0 0 0 0 0 0 0 0 0 0 0 0 0 0 0 0 0 0 0 0 0 0 0 0 0 0 0 0 0 
0 0 0 0 0 0 0 0 0 0 0 0 0 0 0 0 0 0 0 0 0 0 0 0 0 0 0 0 0 0 0 0 0 0 0 0 0 0 0 0 0 0 0 0 0 0 0 0 0 0 0 0 0 0 0 0 0 0 0 0 
0 0 0 0 0 0 0 0 0 0 0 0 0 0 0 0 0 0 0 0 0 0 0 0 0 0 0 0 0 0 0 0 0 0 0 0 0 0 0 0 0 0 0 0 0 0 0 0 0 0 0 0 0 0 0 0 0 0 0 0 
0 0 0 0 0 0 0 0 0 0 0 0 0 0 0 0 0 0 0 0 0 0 0 0 0 0 0 0 0 0 0 0 0 0 0 0 0 0 0 0 0 0 0 0 0 0 0 0 0 0 0 0 0 0 0 0 0 0 0 0 
0 0 0 0 0 0 0 0 0 0 0 0 0 0 0 0 0 0 0 0 0 0 0 0 0 0 0 0 0 0 0 0 0 0 0 0 0 0 0 0 0 0 0 0 0 0 0 0 0 0 0 0 0 0 0 0 0 0 0 0 
0 0 0 0 0 0 0 0 0 0 0 0 0 0 0 0 0 0 0 0 0 0 0 0 0 0 0 0 0 0 0 0 0 0 0 0 0 0 0 0 0 0 0 0 0 0 0 0 0 0 0 0 0 0 0 0 0 0 0 0 
0 0 0 0 0 0 0 0 0 0 0 0 0 0 0 0 0 0 0 0 0 0 0 0 0 0 0 0 0 0 0 0 0 0 0 0 0 0 0 0 0 0 0 0 0 0 0 0 0 0 0 0 0 0 0 0 0 0 0 0 
0 0 0 0 0 0 0 0 0 0 0 0 0 0 0 0 0 0 0 0 0 0 0 0 0 0 0 0 0 0 0 0 0 0 0 0 0 0 0 0 0 0 0 0 0 0 0 0 0 0 0 0 0 0 0 0 0 0 0 0 
0 0 0 0 0 0 0 0 0 0 0 0 0 0 0 0 0 0 0 0 0 0 0 0 0 0 0 0 0 0 0 0 0 0 0 0 0 0 0 0 0 0 0 0 0 0 0 0 0 0 0 0 0 0 0 0 0 0 0 0 
0 0 0 0 0 0 0 0 0 0 0 0 0 0 0 0 0 0 0 0 0 0 0 0 0 0 0 0 0 0 0 0 0 0 0 0 0 0 0 0 0 0 0 0 0 0 0 0 0 0 0 0 0 0 0 0 0 0 0 0 
