# Format: McCode with text headers
# URL: http://www.mccode.org
# Creator: McStas 2.5 - Dec. 12, 2018
# Instrument: PSI_Focus.instr
# Ncount: 1000000
# Trace: no
# Gravitation: no
# Seed: 1570823613
# Directory: PSI_Focus/0
# Param: lambda=3.4
# Param: chopp_ratio=1
# Param: DET=-69.9
# Date: Fri Oct 11 20:09:09 2019 (1570817349)
# type: array_2d(60, 60)
# Source: PSI_Focus (PSI_Focus.instr)
# component: PSDmon1Chopper
# position: 0 0 69.719
# title: PSD monitor
# Ncount: 1000000
# filename: psdchopper.dat
# statistics: X0=0.00797937; dX=1.44752; Y0=-0.00624866; dY=2.86013;
# signal: Min=0; Max=447520; Mean=74486.8;
# values: 2.68152e+08 852668 369141
# xvar: X 
# yvar: Y 
# xlabel: X position [cm]
# ylabel: Y position [cm]
# zvar: I
# zlabel: Signal per bin
# xylimits: -5 5 -10 10
# variables: I I_err N
# Data [PSDmon1Chopper/psdchopper.dat] I:
0 0 0 0 0 0 0 0 0 0 0 0 0 0 0 0 0 0 0 0 0 0 0 0 0 0 0 0 0 0 0 0 0 0 0 0 0 0 0 0 0 0 0 0 0 0 0 0 0 0 0 0 0 0 0 0 0 0 0 0 
0 0 0 0 0 0 0 0 0 0 0 0 0 0 0 0 0 0 0 0 0 0 0 0 0 0 0 0 0 0 0 0 0 0 0 0 0 0 0 0 0 0 0 0 0 0 0 0 0 0 0 0 0 0 0 0 0 0 0 0 
0 0 0 0 0 0 0 0 0 0 0 0 0 0 0 0 0 0 0 0 0 0 0 0 0 0 0 0 0 0 0 0 0 0 0 0 0 0 0 0 0 0 0 0 0 0 0 0 0 0 0 0 0 0 0 0 0 0 0 0 
0 0 0 0 0 0 0 0 0 0 0 0 0 0 0 0 0 0 0 0 0 0 0 0 0 0 0 0 0 0 0 0 0 0 0 0 0 0 0 0 0 0 0 0 0 0 0 0 0 0 0 0 0 0 0 0 0 0 0 0 
0 0 0 0 0 0 0 0 0 0 0 0 0 0 0 0 0 0 0 0 0 0 0 0 0 0 0 0 0 0 0 0 0 0 0 0 0 0 0 0 0 0 0 0 0 0 0 0 0 0 0 0 0 0 0 0 0 0 0 0 
0 0 0 0 0 0 0 0 0 0 0 0 0 0 0 0 0 0 0 0 0 0 0 0 0 0 0 0 0 0 0 0 0 0 0 0 0 0 0 0 0 0 0 0 0 0 0 0 0 0 0 0 0 0 0 0 0 0 0 0 
0 0 0 0 0 0 0 0 0 0 0 0 0 0 0 0 0 0 0 0 0 0 0 0 0 0 0 0 0 0 0 0 0 0 0 0 0 0 0 0 0 0 0 0 0 0 0 0 0 0 0 0 0 0 0 0 0 0 0 0 
0 0 0 0 0 0 0 0 0 0 0 0 0 0 0 0 0 0 0 0 0 0 0 0 0 0 0 0 0 0 0 0 0 0 0 0 0 0 0 0 0 0 0 0 0 0 0 0 0 0 0 0 0 0 0 0 0 0 0 0 
0 0 0 0 0 0 0 0 0 0 0 0 0 0 0 0 0 0 0 0 0 0 0 0 0 0 0 0 0 0 0 0 0 0 0 0 0 0 0 0 0 0 0 0 0 0 0 0 0 0 0 0 0 0 0 0 0 0 0 0 
0 0 0 0 0 0 0 0 0 0 0 0 0 0 0 0 0 0 0 0 0 0 0 0 0 0 0 0 0 0 0 0 0 0 0 0 0 0 0 0 0 0 0 0 0 0 0 0 0 0 0 0 0 0 0 0 0 0 0 0 
0 0 0 0 0 0 0 0 0 0 0 0 0 0 0 0 0 0 0 0 0 0 0 0 0 0 0 0 0 0 0 0 0 0 0 0 0 0 0 0 0 0 0 0 0 0 0 0 0 0 0 0 0 0 0 0 0 0 0 0 
0 0 0 0 0 0 0 0 0 0 0 0 0 0 0 0 0 0 0 0 0 0 0 0 0 0 0 0 0 0 0 0 0 0 0 0 0 0 0 0 0 0 0 0 0 0 0 0 0 0 0 0 0 0 0 0 0 0 0 0 
0 0 0 0 0 0 0 0 0 0 0 0 0 0 0 0 0 0 0 0 0 0 0 0 0 0 0 0 0 0 0 0 0 0 0 0 0 0 0 0 0 0 0 0 0 0 0 0 0 0 0 0 0 0 0 0 0 0 0 0 
0 0 0 0 0 0 0 0 0 0 0 0 0 0 0 0 0 0 0 0 0 0 0 0 0 0 0 0 0 0 0 0 0 0 0 0 0 0 0 0 0 0 0 0 0 0 0 0 0 0 0 0 0 0 0 0 0 0 0 0 
0 0 0 0 0 0 0 0 0 0 0 0 0 0 0 0 0 0 0 0 0 0 0 0 0 0 0 0 0 0 0 0 0 0 0 0 0 0 0 0 0 0 0 0 0 0 0 0 0 0 0 0 0 0 0 0 0 0 0 0 
0 0 0 0 0 0 0 0 0 0 0 0 0 0 9356.136495 61388.02179 52386.0864 55252.91696 60126.19523 76958.49994 59744.4514 68399.46944 63779.3897 87332.23679 79837.76322 71020.25972 64571.00369 64060.32102 92472.2239 64326.60925 74967.80774 76083.59778 82019.47764 80435.63811 63826.20878 85715.24207 56252.90992 59670.08604 64586.84689 67451.07601 54493.6843 64021.26059 57906.2808 58419.50626 50373.563 3340.784729 0 0 0 0 0 0 0 0 0 0 0 0 0 0 
0 0 0 0 0 0 0 0 0 0 0 0 0 7.395348646e-209 50683.27033 300382.0922 300969.7141 360810.0829 321819.8408 343680.5008 274270.2106 328151.7423 400157.745 321265.2715 377604.9774 332796.5243 324595.0659 409062.8358 386736.5228 334334.8334 320223.9563 386258.3817 368385.93 324146.235 344245.7148 350608.7509 378271.9201 376939.2065 344374.9345 304648.3039 342975.1818 316610.7979 313119.8261 351488.7631 313286.6027 41247.67018 1.440517209e-143 0 0 0 0 0 0 0 0 0 0 0 0 0 
0 0 0 0 0 0 0 0 0 0 0 0 0 3.806628162e-100 41065.67783 320233.3675 371151.984 373400.2092 392158.1815 374414.5145 373414.9317 424489.3182 395985.7748 367050.953 380375.5874 368434.9469 379783.9138 421184.3385 284711.2148 345740.4861 348626.4744 293334.4348 320743.2127 345213.5961 366174.5963 363451.0005 356886.5281 361154.1931 329492.5921 390852.5869 377934.5104 385929.6574 367567.7322 390113.3052 315781.8522 58128.69437 2.241458829e-237 0 0 0 0 0 0 0 0 0 0 0 0 0 
0 0 0 0 0 0 0 0 0 0 0 0 0 1.8556354e-159 35700.07243 328839.0514 387769.539 360325.2814 418051.3365 320664.5121 442957.9019 335503.1478 389516.8027 309680.6243 335421.1133 370711.7049 344043.2423 363625.622 412789.6057 407563.0115 363805.2997 311618.145 343695.9027 408704.5073 330520.7172 289238.4716 351458.1533 409710.1428 431159.0614 372285.4351 383902.9359 314863.7153 323309.5704 447519.9389 279442.0901 42366.62167 1.608419104e-144 0 0 0 0 0 0 0 0 0 0 0 0 0 
0 0 0 0 0 0 0 0 0 0 0 0 0 1.262166798e-80 48342.46878 272979.8292 378018.5571 327025.0544 301787.5897 384256.3365 301776.3121 352893.7687 355996.954 365166.4533 325206.3426 367098.9481 334768.8582 365763.7167 375299.1141 346374.9106 321512.9973 379924.4557 355835.6884 383746.5949 371987.7766 362126.0963 385828.9906 330605.623 411987.9271 442619.455 398740.7769 321005.8186 348516.2448 362782.8073 325797.0749 54105.40649 2.216224295e-179 0 0 0 0 0 0 0 0 0 0 0 0 0 
0 0 0 0 0 0 0 0 0 0 0 0 0 1.347611743e-144 26187.29506 345290.3408 333708.7468 361663.6812 289551.4216 340963.9709 421402.0121 338946.7234 382503.7571 309230.6502 388361.0847 347275.0807 326221.8279 397496.8124 336455.5958 323400.4086 361863.2046 342454.0002 338215.4996 406479.1528 307975.0128 379847.4825 376241.0679 385749.0812 320465.1112 327027.0244 333779.8874 345755.4664 361107.8844 362875.4082 248071.8997 59690.7161 3.003311118e-151 0 0 0 0 0 0 0 0 0 0 0 0 0 
0 0 0 0 0 0 0 0 0 0 0 0 0 3.253799651e-136 40666.6453 303525.7678 276214.5028 295542.3087 328464.8757 324434.7296 306679.2016 319305.6296 344529.2111 375511.2014 347321.8367 311902.3692 293712.2718 333421.0991 375739.3948 397882.3691 371034.4068 302765.8291 344899.2788 312819.3732 323152.4943 308206.4305 290464.6254 351531.4501 330432.2049 305537.615 327808.1683 365352.8483 347991.8496 378341.4486 281262.5118 27179.12687 1.231955844e-207 0 0 0 0 0 0 0 0 0 0 0 0 0 
0 0 0 0 0 0 0 0 0 0 0 0 0 6.859818788e-181 31379.50437 272509.3311 319329.6437 324942.2933 271047.616 412713.281 334186.8171 327038.9853 340564.7696 301737.8173 270406.4162 312434.8018 342622.7945 362673.7513 290716.0951 306990.7414 313378.9388 346722.3991 326506.7249 295359.3959 345487.702 288765.6196 310016.4242 376389.0585 346626.1073 322398.707 322793.9211 361533.4538 343177.656 320262.8237 345850.5199 29409.49625 2.268001987e-89 0 0 0 0 0 0 0 0 0 0 0 0 0 
0 0 0 0 0 0 0 0 0 0 0 0 0 2.12551756e-161 47996.55646 279437.6015 310407.1084 259943.0022 256147.3787 311694.7642 292262.4685 306667.3025 318444.7477 312787.9736 285726.5549 314892.8481 286916.9171 321514.1943 300340.502 324935.652 314234.5477 304214.9399 325337.2907 333474.8369 352533.7399 364526.7021 260749.4607 342997.9808 338535.5673 324040.6096 308470.6584 335825.2057 369690.4526 324430.5233 260904.4756 27189.73178 1.656722021e-109 0 0 0 0 0 0 0 0 0 0 0 0 0 
0 0 0 0 0 0 0 0 0 0 0 0 0 4.111777644e-126 44372.08083 305289.2939 264610.3423 299992.3375 317992.911 290506.9542 347993.9912 302704.0126 292764.2983 292702.9464 327834.5656 252173.414 301356.7642 303452.4271 300946.951 284344.5405 324148.6144 320089.2644 289521.3146 332474.2744 315346.9666 237169.8884 316283.3079 326614.0697 267718.2967 314061.8076 297906.058 338180.8557 352675.9365 233920.107 271068.2299 49227.16128 1.943156466e-77 0 0 0 0 0 0 0 0 0 0 0 0 0 
0 0 0 0 0 0 0 0 0 0 0 0 0 4.084429794e-111 41611.69676 271500.3995 292180.7277 352724.1618 257346.8503 266471.2275 330096.6815 254660.8849 273785.2759 259014.1098 297782.7851 274358.8783 258622.5585 268179.7835 303230.4213 238894.2943 360042.5471 264757.9093 310660.7679 251505.7833 343306.6868 351915.6818 330015.5095 269712.1541 313967.7734 315987.7139 250026.3435 301021.9552 314636.2578 280729.7898 241262.9469 55096.96945 8.381997992e-138 0 0 0 0 0 0 0 0 0 0 0 0 0 
0 0 0 0 0 0 0 0 0 0 0 0 0 4.722903486e-98 33858.00847 230450.5911 308861.0967 279572.5002 280770.574 247822.3225 286201.5525 296866.7563 253933.841 289747.2365 307890.886 272030.9572 294114.9566 253862.5117 351607.2705 250802.5683 232584.2005 236721.7238 225990.924 240057.5137 247257.5762 291592.2256 276705.5027 284863.1882 275312.1419 252289.4853 287893.8217 248237.1571 304330.7998 264441.988 236893.5995 27370.72904 5.566521675e-161 0 0 0 0 0 0 0 0 0 0 0 0 0 
0 0 0 0 0 0 0 0 0 0 0 0 0 5.114271666e-114 42582.01358 166114.0166 277627.5538 224729.66 231624.1002 298487.937 229080.5151 246524.5817 242875.9651 288944.4237 255864.9958 252172.0624 252864.7343 283191.6492 259960.54 312142.5853 246021.3204 284488.9794 258664.7324 279636.5845 297152.1572 285120.2798 241479.8427 309521.6778 288591.1243 246754.0326 222967.0327 292118.2123 246196.3868 250534.392 242156.9295 32052.75642 7.248851093e-150 0 0 0 0 0 0 0 0 0 0 0 0 0 
0 0 0 0 0 0 0 0 0 0 0 0 0 2.063588374e-152 34949.83378 198861.4884 282980.317 288048.7441 206076.8158 245645.7375 230412.9028 272928.555 254583.4047 290412.3339 261737.6297 319289.0618 281988.0599 245349.6222 231535.0477 300783.5921 244480.2799 245421.0736 270824.893 274838.4694 226628.5625 275704.3828 270055.0514 301860.229 247840.6313 261038.3948 271388.5538 253842.5746 271803.194 287556.0507 238327.6713 20865.98972 3.639946378e-129 0 0 0 0 0 0 0 0 0 0 0 0 0 
0 0 0 0 0 0 0 0 0 0 0 0 0 2.187518847e-100 43132.88549 212900.8967 270616.2227 252163.0795 223923.7575 286454.3036 230387.6507 269065.0131 219604.3793 255873.9891 255840.8756 205302.4423 262588.1638 227378.6261 286734.8919 224617.8193 264193.6577 234420.9827 270912.8969 239531.728 271954.0081 280812.8507 249068.1913 242898.1833 311069.9551 303373.7254 275299.602 240603.5372 246388.8963 296239.3209 204422.2245 47654.67845 1.937145313e-65 0 0 0 0 0 0 0 0 0 0 0 0 0 
0 0 0 0 0 0 0 0 0 0 0 0 0 1.444819375e-105 40134.87917 244836.8598 270328.0693 225223.8902 234780.101 221679.4308 244551.7367 264904.4918 225934.5946 232909.9357 236177.3394 285416.2654 231360.8017 250201.2566 288880.2489 221381.2645 238115.8072 251407.9199 252838.8398 235925.7344 230937.8764 271385.0886 245280.2425 213662.9609 261727.8475 266328.5734 239194.0624 271467.9952 261951.1362 267114.5089 189802.7927 17248.99578 1.450105917e-173 0 0 0 0 0 0 0 0 0 0 0 0 0 
0 0 0 0 0 0 0 0 0 0 0 0 0 8.519307003e-141 40066.91922 192270.38 232304.6086 282728.4399 251379.0521 259340.9831 268353.8516 302855.5435 241957.2312 235996.8594 252358.4788 263275.3586 258522.535 255196.7055 243793.2709 240385.74 242075.0443 242962.969 271074.869 217230.7389 311487.4526 323610.9015 223712.5657 237325.748 244139.5022 243522.5128 236217.3839 282848.3391 258252.1176 253883.8486 264679.1499 26379.22813 1.150342377e-139 0 0 0 0 0 0 0 0 0 0 0 0 0 
0 0 0 0 0 0 0 0 0 0 0 0 0 2.223038237e-133 42066.90022 249916.7672 288439.8405 270297.2411 324770.4232 248441.8724 278515.3973 291554.521 306737.9586 279424.4823 238082.1316 213410.4015 239788.7669 274467.2286 263305.7405 228986.3827 255252.1634 266305.8364 263425.6893 229620.4507 257128.5653 232427.9796 232658.535 229340.5664 288034.2526 263872.556 253041.4828 264647.1604 315538.5616 261774.3925 235475.5624 37586.83032 1.462334509e-153 0 0 0 0 0 0 0 0 0 0 0 0 0 
0 0 0 0 0 0 0 0 0 0 0 0 0 2.826305909e-136 41404.90795 234433.6249 287021.0407 295570.2366 329245.6282 276037.2487 292436.1858 245332.7506 280325.03 272192.3202 291877.2974 261981.0655 251699.2682 265421.0533 295222.9526 263942.5398 254205.9505 288738.5486 320220.4651 279425.1981 297845.0215 308046.2595 287337.1497 275787.198 263933.8083 274527.0297 269665.7298 287448.5615 312089.644 284664.1259 253210.0449 35155.11051 1.319412368e-86 0 0 0 0 0 0 0 0 0 0 0 0 0 
0 0 0 0 0 0 0 0 0 0 0 0 0 1.774674168e-154 26462.56483 242384.3121 264365.026 324294.327 232521.5975 352308.2731 267332.311 310011.3769 287948.7468 310426.0024 312164.3714 348460.2583 299993.3492 282570.7549 325987.5638 275891.6374 282293.2179 251182.9228 225933.5549 245383.5181 295507.7764 284429.788 293020.7856 290165.1387 259036.3078 273589.9943 256426.2805 262216.716 276197.7554 315556.326 262531.3052 42510.21749 2.743490511e-124 0 0 0 0 0 0 0 0 0 0 0 0 0 
0 0 0 0 0 0 0 0 0 0 0 0 0 1.857462174e-152 35782.34728 296007.7068 349511.7381 292861.8586 273015.6795 326322.349 301432.383 273072.3705 290513.6274 306015.6037 283939.1699 267960.5631 365716.6523 351765.3685 281993.2606 320803.4007 260381.4979 292868.9392 277342.6331 286097.4091 293136.5798 297920.056 351708.9899 307733.8659 284428.8813 297189.9847 298019.9307 293069.7548 314776.8698 344166.094 278704.5832 44690.38807 2.348579094e-133 0 0 0 0 0 0 0 0 0 0 0 0 0 
0 0 0 0 0 0 0 0 0 0 0 0 0 1.827725297e-151 57144.02498 288129.9775 351490.0039 330484.6363 323555.7785 283027.6728 290991.0125 320303.1861 307969.392 337974.2349 314973.8626 345344.3341 301192.1041 357659.8647 323654.8633 313382.5071 347356.502 333441.527 338231.1494 278962.5356 318541.5723 304842.2031 326905.7324 296862.7739 300867.2398 343404.8592 306509.9248 354336.6376 313179.3097 360197.1635 241998.734 40032.56624 6.608608739e-176 0 0 0 0 0 0 0 0 0 0 0 0 0 
0 0 0 0 0 0 0 0 0 0 0 0 0 2.113179958e-110 48572.62998 324206.1048 285598.1609 364103.899 306083.8984 291017.1418 332878.1591 291706.9621 296806.009 324738.8453 287159.2738 323524.0028 314966.7381 297824.1939 339540.6276 359817.3036 380562.3033 306314.7396 308770.5265 322957.6621 334354.2806 337925.3748 301703.9029 334944.7951 348756.2796 333693.0702 354145.2662 328939.4453 351665.0648 349536.2081 306005.9049 33576.77058 0 0 0 0 0 0 0 0 0 0 0 0 0 0 
0 0 0 0 0 0 0 0 0 0 0 0 0 2.655840137e-101 32085.05065 353106.6184 352292.4354 353053.8963 333537.9854 324663.531 297079.6409 381826.2947 333466.5176 343867.888 381692.4727 325077.468 259728.3522 337863.3081 340384.4033 352967.4185 326133.3357 351141.6586 314989.3194 385257.1563 398239.6222 370992.9768 337402.4407 333297.3732 328391.8458 276280.6127 314158.4441 324241.1783 352596.9106 386816.615 306058.2242 37429.30962 4.651064704e-173 0 0 0 0 0 0 0 0 0 0 0 0 0 
0 0 0 0 0 0 0 0 0 0 0 0 0 5.110017952e-144 27545.72804 295115.502 350571.6827 289843.167 357197.7581 286340.7483 344772.206 314581.8372 387064.6552 338774.6516 347125.9859 323228.6684 329108.652 328839.098 364803.9867 361235.8153 336586.9892 372548.9077 341563.6968 312041.2456 393385.5036 415524.5886 323197.0204 357007.4249 378300.1575 359009.1055 332106.2224 370211.2721 360230.119 361761.9551 275389.9843 47705.05633 2.905963732e-130 0 0 0 0 0 0 0 0 0 0 0 0 0 
0 0 0 0 0 0 0 0 0 0 0 0 0 6.152405556e-154 48180.87131 331907.5584 409565.5002 366693.5818 384416.2274 375085.3206 307216.1237 359455.606 363049.2131 380560.5693 366512.2205 384989.1697 326090.1254 366308.8898 352241.9568 342212.4739 326718.9138 377068.9317 340730.4342 336115.6227 303782.2129 343933.927 404417.8393 360458.7203 368505.6016 344473.1281 285522.5143 336136.2104 323447.9369 331840.0308 320378.9471 50609.8786 3.548431304e-144 0 0 0 0 0 0 0 0 0 0 0 0 0 
0 0 0 0 0 0 0 0 0 0 0 0 0 2.572108796e-175 42645.33851 309578.4546 344927.2947 314642.1106 292650.6615 375666.1052 370205.0433 265087.1173 378595.265 394668.5988 375840.4849 376802.2371 335092.3097 342699.0427 326054.8051 386935.3717 365814.9749 359882.8377 338945.8116 343811.2048 337075.2325 323804.1531 334174.7181 380263.2928 366312.6066 396317.2534 379564.4079 370187.0825 341959.81 354240.4501 295645.6634 58125.44156 1.128352861e-186 0 0 0 0 0 0 0 0 0 0 0 0 0 
0 0 0 0 0 0 0 0 0 0 0 0 0 0 32028.85933 262140.4705 326019.6059 356157.8232 378579.0234 418264.1853 375332.942 368839.8807 407138.3543 317198.7921 416814.6885 406319.0443 330432.8904 331365.918 360122.6959 360088.3214 334018.4801 334663.8783 382116.089 316779.5165 361230.6025 351313.7803 359969.6044 374758.4122 359882.1727 418609.6922 365056.2162 346755.6748 298810.2847 351868.2603 325440.8377 43698.31245 2.795122713e-157 0 0 0 0 0 0 0 0 0 0 0 0 0 
0 0 0 0 0 0 0 0 0 0 0 0 0 2.758351083e-117 29282.91163 337407.6932 362490.4495 341100.9974 324301.6389 353771.6414 297314.8457 416818.8069 352790.3045 366879.4618 343394.4818 358739.8452 321833.6015 323004.3732 373709.8713 346441.5332 398114.9608 343224.878 300922.0054 312865.4705 342636.1093 350123.5005 354530.2056 383278.8186 341081.1079 362476.7587 363162.9277 336103.3154 343167.6977 395468.2867 346746.1425 48930.05072 0 0 0 0 0 0 0 0 0 0 0 0 0 0 
0 0 0 0 0 0 0 0 0 0 0 0 0 1.550198386e-138 16127.65367 62659.94516 75842.03354 52351.12132 64936.81733 62646.31256 58066.29322 65712.02842 77679.28184 54622.33614 77371.04705 44126.65726 57234.5761 74653.71676 53921.6719 60610.84499 49506.35848 52841.24567 48430.25409 58848.6622 58668.55494 77053.0081 75690.30074 70897.87798 56348.62911 46818.85641 71269.53027 68249.03846 65755.76426 51482.94134 61202.01084 11044.8152 0 0 0 0 0 0 0 0 0 0 0 0 0 0 
0 0 0 0 0 0 0 0 0 0 0 0 0 0 0 0 0 0 0 0 0 0 0 0 0 0 0 0 0 0 0 0 0 0 0 0 0 0 0 0 0 0 0 0 0 0 0 0 0 0 0 0 0 0 0 0 0 0 0 0 
0 0 0 0 0 0 0 0 0 0 0 0 0 0 0 0 0 0 0 0 0 0 0 0 0 0 0 0 0 0 0 0 0 0 0 0 0 0 0 0 0 0 0 0 0 0 0 0 0 0 0 0 0 0 0 0 0 0 0 0 
0 0 0 0 0 0 0 0 0 0 0 0 0 0 0 0 0 0 0 0 0 0 0 0 0 0 0 0 0 0 0 0 0 0 0 0 0 0 0 0 0 0 0 0 0 0 0 0 0 0 0 0 0 0 0 0 0 0 0 0 
0 0 0 0 0 0 0 0 0 0 0 0 0 0 0 0 0 0 0 0 0 0 0 0 0 0 0 0 0 0 0 0 0 0 0 0 0 0 0 0 0 0 0 0 0 0 0 0 0 0 0 0 0 0 0 0 0 0 0 0 
0 0 0 0 0 0 0 0 0 0 0 0 0 0 0 0 0 0 0 0 0 0 0 0 0 0 0 0 0 0 0 0 0 0 0 0 0 0 0 0 0 0 0 0 0 0 0 0 0 0 0 0 0 0 0 0 0 0 0 0 
0 0 0 0 0 0 0 0 0 0 0 0 0 0 0 0 0 0 0 0 0 0 0 0 0 0 0 0 0 0 0 0 0 0 0 0 0 0 0 0 0 0 0 0 0 0 0 0 0 0 0 0 0 0 0 0 0 0 0 0 
0 0 0 0 0 0 0 0 0 0 0 0 0 0 0 0 0 0 0 0 0 0 0 0 0 0 0 0 0 0 0 0 0 0 0 0 0 0 0 0 0 0 0 0 0 0 0 0 0 0 0 0 0 0 0 0 0 0 0 0 
0 0 0 0 0 0 0 0 0 0 0 0 0 0 0 0 0 0 0 0 0 0 0 0 0 0 0 0 0 0 0 0 0 0 0 0 0 0 0 0 0 0 0 0 0 0 0 0 0 0 0 0 0 0 0 0 0 0 0 0 
0 0 0 0 0 0 0 0 0 0 0 0 0 0 0 0 0 0 0 0 0 0 0 0 0 0 0 0 0 0 0 0 0 0 0 0 0 0 0 0 0 0 0 0 0 0 0 0 0 0 0 0 0 0 0 0 0 0 0 0 
0 0 0 0 0 0 0 0 0 0 0 0 0 0 0 0 0 0 0 0 0 0 0 0 0 0 0 0 0 0 0 0 0 0 0 0 0 0 0 0 0 0 0 0 0 0 0 0 0 0 0 0 0 0 0 0 0 0 0 0 
0 0 0 0 0 0 0 0 0 0 0 0 0 0 0 0 0 0 0 0 0 0 0 0 0 0 0 0 0 0 0 0 0 0 0 0 0 0 0 0 0 0 0 0 0 0 0 0 0 0 0 0 0 0 0 0 0 0 0 0 
0 0 0 0 0 0 0 0 0 0 0 0 0 0 0 0 0 0 0 0 0 0 0 0 0 0 0 0 0 0 0 0 0 0 0 0 0 0 0 0 0 0 0 0 0 0 0 0 0 0 0 0 0 0 0 0 0 0 0 0 
0 0 0 0 0 0 0 0 0 0 0 0 0 0 0 0 0 0 0 0 0 0 0 0 0 0 0 0 0 0 0 0 0 0 0 0 0 0 0 0 0 0 0 0 0 0 0 0 0 0 0 0 0 0 0 0 0 0 0 0 
0 0 0 0 0 0 0 0 0 0 0 0 0 0 0 0 0 0 0 0 0 0 0 0 0 0 0 0 0 0 0 0 0 0 0 0 0 0 0 0 0 0 0 0 0 0 0 0 0 0 0 0 0 0 0 0 0 0 0 0 
0 0 0 0 0 0 0 0 0 0 0 0 0 0 0 0 0 0 0 0 0 0 0 0 0 0 0 0 0 0 0 0 0 0 0 0 0 0 0 0 0 0 0 0 0 0 0 0 0 0 0 0 0 0 0 0 0 0 0 0 
# Errors [PSDmon1Chopper/psdchopper.dat] I_err:
0 0 0 0 0 0 0 0 0 0 0 0 0 0 0 0 0 0 0 0 0 0 0 0 0 0 0 0 0 0 0 0 0 0 0 0 0 0 0 0 0 0 0 0 0 0 0 0 0 0 0 0 0 0 0 0 0 0 0 0 
0 0 0 0 0 0 0 0 0 0 0 0 0 0 0 0 0 0 0 0 0 0 0 0 0 0 0 0 0 0 0 0 0 0 0 0 0 0 0 0 0 0 0 0 0 0 0 0 0 0 0 0 0 0 0 0 0 0 0 0 
0 0 0 0 0 0 0 0 0 0 0 0 0 0 0 0 0 0 0 0 0 0 0 0 0 0 0 0 0 0 0 0 0 0 0 0 0 0 0 0 0 0 0 0 0 0 0 0 0 0 0 0 0 0 0 0 0 0 0 0 
0 0 0 0 0 0 0 0 0 0 0 0 0 0 0 0 0 0 0 0 0 0 0 0 0 0 0 0 0 0 0 0 0 0 0 0 0 0 0 0 0 0 0 0 0 0 0 0 0 0 0 0 0 0 0 0 0 0 0 0 
0 0 0 0 0 0 0 0 0 0 0 0 0 0 0 0 0 0 0 0 0 0 0 0 0 0 0 0 0 0 0 0 0 0 0 0 0 0 0 0 0 0 0 0 0 0 0 0 0 0 0 0 0 0 0 0 0 0 0 0 
0 0 0 0 0 0 0 0 0 0 0 0 0 0 0 0 0 0 0 0 0 0 0 0 0 0 0 0 0 0 0 0 0 0 0 0 0 0 0 0 0 0 0 0 0 0 0 0 0 0 0 0 0 0 0 0 0 0 0 0 
0 0 0 0 0 0 0 0 0 0 0 0 0 0 0 0 0 0 0 0 0 0 0 0 0 0 0 0 0 0 0 0 0 0 0 0 0 0 0 0 0 0 0 0 0 0 0 0 0 0 0 0 0 0 0 0 0 0 0 0 
0 0 0 0 0 0 0 0 0 0 0 0 0 0 0 0 0 0 0 0 0 0 0 0 0 0 0 0 0 0 0 0 0 0 0 0 0 0 0 0 0 0 0 0 0 0 0 0 0 0 0 0 0 0 0 0 0 0 0 0 
0 0 0 0 0 0 0 0 0 0 0 0 0 0 0 0 0 0 0 0 0 0 0 0 0 0 0 0 0 0 0 0 0 0 0 0 0 0 0 0 0 0 0 0 0 0 0 0 0 0 0 0 0 0 0 0 0 0 0 0 
0 0 0 0 0 0 0 0 0 0 0 0 0 0 0 0 0 0 0 0 0 0 0 0 0 0 0 0 0 0 0 0 0 0 0 0 0 0 0 0 0 0 0 0 0 0 0 0 0 0 0 0 0 0 0 0 0 0 0 0 
0 0 0 0 0 0 0 0 0 0 0 0 0 0 0 0 0 0 0 0 0 0 0 0 0 0 0 0 0 0 0 0 0 0 0 0 0 0 0 0 0 0 0 0 0 0 0 0 0 0 0 0 0 0 0 0 0 0 0 0 
0 0 0 0 0 0 0 0 0 0 0 0 0 0 0 0 0 0 0 0 0 0 0 0 0 0 0 0 0 0 0 0 0 0 0 0 0 0 0 0 0 0 0 0 0 0 0 0 0 0 0 0 0 0 0 0 0 0 0 0 
0 0 0 0 0 0 0 0 0 0 0 0 0 0 0 0 0 0 0 0 0 0 0 0 0 0 0 0 0 0 0 0 0 0 0 0 0 0 0 0 0 0 0 0 0 0 0 0 0 0 0 0 0 0 0 0 0 0 0 0 
0 0 0 0 0 0 0 0 0 0 0 0 0 0 0 0 0 0 0 0 0 0 0 0 0 0 0 0 0 0 0 0 0 0 0 0 0 0 0 0 0 0 0 0 0 0 0 0 0 0 0 0 0 0 0 0 0 0 0 0 
0 0 0 0 0 0 0 0 0 0 0 0 0 0 0 0 0 0 0 0 0 0 0 0 0 0 0 0 0 0 0 0 0 0 0 0 0 0 0 0 0 0 0 0 0 0 0 0 0 0 0 0 0 0 0 0 0 0 0 0 
0 0 0 0 0 0 0 0 0 0 0 0 0 0 5263.441297 13362.65828 11720.29679 12217.83595 13224.2223 15043.3899 12673.29668 14327.04049 12960.95753 15338.55808 14943.66645 13516.71816 13334.66416 13122.86041 16282.67595 13306.01319 14382.68444 14214.98246 14768.1841 14517.05334 12902.43526 15376.71833 12432.38558 12307.30793 13162.09351 14145.72581 12074.87826 13587.45091 12872.39361 12688.39157 12149.06152 2364.771609 0 0 0 0 0 0 0 0 0 0 0 0 0 0 
0 0 0 0 0 0 0 0 0 0 0 0 0 0 11401.79786 29517.86236 28799.09293 32061.40444 29245.21418 30858.37923 27779.52065 30136.20295 33661.69288 29757.19793 33252.31983 30534.58343 29769.31493 34756.92126 33185.06963 30774.68225 29957.31466 33271.84274 32400.55827 30487.70623 31575.10891 31331.11702 33126.66046 33089.90115 31513.24278 28961.35843 30993.61776 29761.80282 29284.41441 31738.45242 29637.92313 10083.51756 1.440517209e-143 0 0 0 0 0 0 0 0 0 0 0 0 0 
0 0 0 0 0 0 0 0 0 0 0 0 0 4.395515588e-100 9910.407308 30020.20151 31572.81504 32279.9697 32890.50426 32591.52658 32537.12819 35227.37016 33476.5713 31873.56332 32760.27038 32397.0672 32242.34533 34218.48801 28024.46668 31531.78778 31299.80978 28009.25659 30089.62228 31364.33039 31552.08894 31980.99733 31576.12467 32172.72168 30948.78089 33180.14833 32656.56492 32470.14034 31540.90873 33016.29169 30266.21584 12499.53287 2.241458829e-237 0 0 0 0 0 0 0 0 0 0 0 0 0 
0 0 0 0 0 0 0 0 0 0 0 0 0 2.074662815e-159 9914.690381 30366.08016 32765.54611 31488.90211 34497.00373 29477.89458 35335.98439 30392.98085 32581.57434 28836.93727 29326.83005 32502.24306 31027.29105 32252.96321 34488.63532 34339.41569 31978.1187 29738.54559 30756.47614 34198.41155 30524.99049 27935.45624 32012.50339 34033.25442 34581.26304 32733.56346 33155.92143 29711.53252 29675.97477 35847.59141 28049.8739 10079.71654 1.857242405e-144 0 0 0 0 0 0 0 0 0 0 0 0 0 
0 0 0 0 0 0 0 0 0 0 0 0 0 1.457424681e-80 11249.82593 27727.97907 32333.51489 28942.23197 27915.34522 31931.7255 28765.58385 31173.36313 31021.65879 31977.85912 29909.1506 32053.55228 30258.69586 32080.85167 32923.20025 31531.54716 29916.70114 32734.72018 31666.0817 31874.52735 32045.00431 31542.13725 32517.31396 30098.67473 33602.50968 35776.07681 33407.13495 29918.25943 30715.14055 31733.02013 30370.06189 12313.97052 0 0 0 0 0 0 0 0 0 0 0 0 0 0 
0 0 0 0 0 0 0 0 0 0 0 0 0 1.650480571e-144 7997.261842 31103.08803 28941.94047 30923.06868 27894.56584 30593.38891 34564.26566 29989.00363 32359.07188 29382.87773 33059.22137 31593.67765 29884.16062 32985.53933 30218.20914 30094.10272 32092.68191 31063.59425 30236.55663 33895.91831 29311.66671 32219.70834 31959.36151 32705.91333 29297.05247 29678.05376 30162.26576 30719.29282 31444.24416 31357.74955 26461.13781 11430.77147 3.678289889e-151 0 0 0 0 0 0 0 0 0 0 0 0 0 
0 0 0 0 0 0 0 0 0 0 0 0 0 3.637858601e-136 9528.639839 28695.46351 27122.44261 28803.75684 30024.88026 29667.54622 28545.58916 29221.73323 30526.09843 31987.81683 30258.11349 29298.11003 28165.78322 29994.89579 31461.2907 33373.40785 31840.40717 28755.96147 30608.34563 29186.53874 28743.32608 28561.30643 27940.20225 31060.36506 29654.59201 28633.22585 29767.44981 31721.29722 30348.56984 32576.47748 27807.20345 7706.610376 0 0 0 0 0 0 0 0 0 0 0 0 0 0 
0 0 0 0 0 0 0 0 0 0 0 0 0 0 8122.099715 27514.87253 29494.12461 29112.45513 26781.00291 33292.96378 30286.28226 29491.77961 30840.75019 27855.64666 26845.07315 29426.97295 30047.26703 30810.31652 27166.26366 29069.18551 29188.2639 30590.94302 29730.9144 28374.35309 30346.94794 27252.01703 28383.70226 32376.81699 30944.84221 29107.51613 29317.01317 31549.6691 29666.71707 29952.37913 31247.4732 7956.034682 2.535703308e-89 0 0 0 0 0 0 0 0 0 0 0 0 0 
0 0 0 0 0 0 0 0 0 0 0 0 0 2.592159868e-161 11144.47596 27729.30441 28169.78195 26368.01563 25950.16528 28553.61099 27801.81076 29102.37528 28472.18312 28728.7963 26474.71006 28729.96961 27250.89748 29225.25543 28298.99737 29066.07345 29249.61514 28811.07652 28820.62998 30259.10734 30596.84465 31734.56675 25967.18767 30574.18069 29854.75867 29285.18125 29065.56543 29789.17357 31693.27114 29401.83182 26438.70344 7765.222089 1.746300751e-109 0 0 0 0 0 0 0 0 0 0 0 0 0 
0 0 0 0 0 0 0 0 0 0 0 0 0 5.035878582e-126 10108.6829 28610.6706 25972.8154 27926.81661 28941.85464 27686.48183 30611.02934 28296.18658 28075.43317 27734.33638 29580.24096 25364.29105 28158.73209 29038.53082 28142.05097 27619.03558 29628.11286 29660.24766 27920.63809 29452.59168 28566.44026 24438.16954 29038.10305 29025.60152 26252.17103 28884.24972 27885.39231 29919.59451 30523.93892 24502.10024 26321.78446 11888.52446 2.077321641e-77 0 0 0 0 0 0 0 0 0 0 0 0 0 
0 0 0 0 0 0 0 0 0 0 0 0 0 4.307851634e-111 10278.19614 26769.08185 27418.13885 30029.65877 26244.55977 26031.55536 29068.95109 25828.84536 26061.44128 25251.99489 27443.37807 26672.1186 25513.57076 26771.13845 28669.68552 24993.69944 31456.52192 26924.07338 28477.88209 25781.34159 29991.23761 31373.70818 29918.63357 26392.23342 28591.68947 29192.89811 25772.76385 28324.30923 28698.43324 26969.0885 25254.57416 12436.59165 9.371358648e-138 0 0 0 0 0 0 0 0 0 0 0 0 0 
0 0 0 0 0 0 0 0 0 0 0 0 0 5.280366622e-98 8923.30783 24861.01461 28271.84855 26819.16753 27570.28999 25536.37708 27409.06954 28756.99399 25396.46525 27804.18688 29532.69503 27067.42337 27629.08234 25238.09067 31050.63884 25706.25271 24938.68623 24717.36367 24121.05861 24788.84393 26745.35765 27442.17969 26904.45733 27121.61875 27057.60088 25839.90039 27341.40638 25958.27666 28016.56572 26349.23545 25774.16222 8129.266979 5.566521675e-161 0 0 0 0 0 0 0 0 0 0 0 0 0 
0 0 0 0 0 0 0 0 0 0 0 0 0 5.905452246e-114 10185.13425 20804.51681 27389.29573 23866.56865 24472.13905 28466.37501 25155.73156 26105.65805 25212.68855 28467.12606 26025.147 25795.27271 25946.51315 27360.96652 26495.60019 29329.7458 25618.57294 28619.25877 26443.30364 27190.0121 28659.9139 26888.16792 25313.41763 28876.89231 27789.73136 25244.59237 23483.52736 27719.5951 25189.65243 25854.16584 25938.35113 9524.036917 8.8779932e-150 0 0 0 0 0 0 0 0 0 0 0 0 0 
0 0 0 0 0 0 0 0 0 0 0 0 0 2.260547804e-152 9635.777423 23026.07631 27390.72685 27991.48007 22919.91467 25498.94995 24611.17762 27351.31958 25703.15881 28416.45482 26036.49554 29769.81432 27921.81091 25783.39106 24933.10766 28266.98589 26686.71946 26083.70712 27101.78911 27692.63915 23914.02267 27669.6102 26801.9612 29483.84198 24982.79664 26619.39243 28137.78903 25700.70369 26521.35702 28073.21568 25381.03685 6651.246848 4.203048042e-129 0 0 0 0 0 0 0 0 0 0 0 0 0 
0 0 0 0 0 0 0 0 0 0 0 0 0 2.396306835e-100 10191.05612 24585.67033 27396.5384 26157.41977 24183.5927 28620.49441 25086.3955 27418.42776 24446.52021 26995.22966 25789.46745 23428.67279 26538.79869 24664.04371 27776.16817 24397.20439 26788.99599 25025.57449 27203.40213 24809.28063 26588.9002 28013.56631 26062.24481 25481.95047 29677.32089 28700.13978 26743.477 25501.58013 25451.27609 28654.01947 24190.30845 11232.49657 2.12203637e-65 0 0 0 0 0 0 0 0 0 0 0 0 0 
0 0 0 0 0 0 0 0 0 0 0 0 0 1.615357169e-105 9321.468741 26377.96767 27522.45051 24757.68769 24926.27582 24262.76211 25318.38902 26560.42702 24029.84134 24411.91048 24289.90701 28312.53492 25794.72103 26404.42391 27902.84357 24691.7342 25670.55996 26246.82792 26415.58096 25456.34363 24830.23141 26876.34535 26351.92925 24426.27054 26133.65159 27014.93523 25614.60021 27878.82962 26634.4261 26372.97382 22366.04889 6460.728406 0 0 0 0 0 0 0 0 0 0 0 0 0 0 
0 0 0 0 0 0 0 0 0 0 0 0 0 9.201903269e-141 9806.796879 22948.4919 25000.61739 27700.78438 25702.83373 26448.36131 27093.50702 28567.98061 25867.12578 24976.16538 25488.53399 26388.77009 26255.19855 25738.06796 25211.28651 25351.99232 25207.64952 26010.08305 26532.92556 23917.95538 29117.19189 29744.50009 24307.85477 24465.16003 25225.87107 25282.7456 24995.6516 27629.98303 26252.71297 26267.44851 27134.4461 8238.030134 1.242511777e-139 0 0 0 0 0 0 0 0 0 0 0 0 0 
0 0 0 0 0 0 0 0 0 0 0 0 0 2.401155729e-133 10530.6959 26157.726 27943.96378 27189.87497 29614.50749 24948.56594 27134.18691 28692.47171 28417.77499 26926.78162 25304.33008 23521.52711 25230.39671 26943.17275 26303.77376 23551.4632 26548.71151 26699.77149 26479.19203 24471.90405 26431.61241 24661.41219 24159.40009 24373.15647 27450.7525 26298.28711 25876.2913 26679.08634 28584.79597 27219.33033 24877.84532 9387.971659 1.79098669e-153 0 0 0 0 0 0 0 0 0 0 0 0 0 
0 0 0 0 0 0 0 0 0 0 0 0 0 3.461503667e-136 9818.856775 24674.94009 27666.29181 28729.56099 29347.93119 26235.93895 28128.92947 24431.78874 26896.63287 26606.07606 27184.62956 26645.12854 25715.13578 26945.64843 27735.18298 25981.83215 25815.28149 27666.31009 29515.74655 27182.91221 28250.54883 28580.90043 27295.5071 26501.6703 25539.66834 27508.13945 26444.90917 27838.81634 29318.97107 27658.36967 26419.2081 8589.549942 1.523526171e-86 0 0 0 0 0 0 0 0 0 0 0 0 0 
0 0 0 0 0 0 0 0 0 0 0 0 0 2.049217217e-154 7787.365228 25654.69768 25915.26576 29151.17854 24137.55106 30586.68843 26706.44549 28515.16817 27675.71511 28936.37111 28284.17526 30659.89869 28141.31565 27321.37455 29990.28903 26518.47847 27403.60069 25843.02299 24100.42155 25830.67559 27784.29607 27652.8041 27019.41472 27796.76111 26228.09921 26882.20256 25891.4828 25485.48828 26585.63665 28622.96508 27419.7306 9767.915507 2.963308435e-124 0 0 0 0 0 0 0 0 0 0 0 0 0 
0 0 0 0 0 0 0 0 0 0 0 0 0 2.144812572e-152 9378.342763 28340.60889 30793.60846 27589.24294 26783.05878 29213.63492 28289.79179 26943.75198 28188.07675 28493.64747 27369.90558 26263.57233 31732.42878 30922.19864 27161.9513 29745.4309 26573.25805 27884.28328 27502.62802 27582.22099 27970.08606 27585.20255 31389.44873 29011.81286 27223.12134 28153.11653 28668.72523 27205.88223 29310.6542 30042.79047 27412.57822 10330.57389 2.711905545e-133 0 0 0 0 0 0 0 0 0 0 0 0 0 
0 0 0 0 0 0 0 0 0 0 0 0 0 1.365655626e-151 11666.12432 27440.84099 30874.90724 29974.6219 29839.15037 27505.41454 26916.84353 28820.8168 28530.43058 30132.04522 29024.37546 29948.15817 28544.96147 30508.71123 29535.13346 29281.23599 29798.60959 29500.23383 29816.35034 26792.91936 29254.11024 28563.82746 30132.52404 27961.40467 27636.26902 29674.49701 28507.42531 30708.85333 28333.77456 31161.46539 24872.08303 10313.04313 0 0 0 0 0 0 0 0 0 0 0 0 0 0 
0 0 0 0 0 0 0 0 0 0 0 0 0 2.362607018e-110 11182.54851 30113.6103 27472.32462 31362.53808 28520.72394 28605.15314 30406.62134 28583.38652 27293.94786 28601.23306 26731.94943 29377.9032 28456.90146 28266.70931 30614.14516 31360.48975 31796.34829 28918.31888 28593.58605 29243.37163 29722.92119 29880.90051 28531.52055 30544.03305 30376.95879 29951.36932 30483.36291 29981.72096 31070.88243 30656.27411 28922.8382 8065.914672 0 0 0 0 0 0 0 0 0 0 0 0 0 0 
0 0 0 0 0 0 0 0 0 0 0 0 0 2.909326642e-101 8862.161368 31770.54446 29933.02109 30635.34918 29650.80631 29687.83192 28306.90005 32272.47998 30580.19336 30647.46467 32495.5404 29069.41792 25549.92015 30203.82087 31028.88586 31236.96958 29532.15914 30945.50902 29380.05015 32539.50231 32582.92005 32175.53423 30260.79555 29725.11547 29702.34888 27418.6692 29539.46487 29686.30171 30800.91405 32324.83527 28852.66472 8744.173225 0 0 0 0 0 0 0 0 0 0 0 0 0 0 
0 0 0 0 0 0 0 0 0 0 0 0 0 5.110017952e-144 7588.886589 28585.64625 30815.48505 27517.10938 32290.74437 27287.22433 29543.57203 29666.73795 32246.07289 29956.1292 30842.08015 28771.091 30227.42542 29480.84572 31708.52882 31004.24517 30549.6277 32514.59849 31022.65896 28819.85326 33216.02088 34113.38602 29522.53302 31074.86469 32108.07626 31838.17216 29933.20296 31440.14568 31732.55612 31099.48078 28335.37817 10040.3077 3.138799571e-130 0 0 0 0 0 0 0 0 0 0 0 0 0 
0 0 0 0 0 0 0 0 0 0 0 0 0 7.535127152e-154 10379.44713 30610.45061 33938.96813 31835.34954 32278.0731 32303.44613 28929.15219 31516.61454 31548.65724 32919.6421 32633.93687 33172.91178 30080.78798 31458.19977 31970.43372 30516.06466 29857.04818 32318.99698 30564.89041 31030.88671 28533.93106 30791.69773 33849.34816 31552.07075 31623.63473 30323.06812 26981.70596 30439.73029 30089.12939 30432.20735 29474.64535 11607.80398 4.097375537e-144 0 0 0 0 0 0 0 0 0 0 0 0 0 
0 0 0 0 0 0 0 0 0 0 0 0 0 0 10344.70858 29599.63067 30499.27575 29547.68184 28552.26664 32233.6994 32709.11643 26912.25968 33556.98298 33712.95494 33060.88517 32376.32125 30391.33382 31364.80441 30361.76165 33145.34981 31848.70815 31649.27605 30448.0251 31232.68467 30308.92481 29670.10668 30984.38186 33117.11888 31819.18088 32970.00331 32700.6877 32574.36777 31333.04447 31633.92511 28725.45875 11678.01957 0 0 0 0 0 0 0 0 0 0 0 0 0 0 
0 0 0 0 0 0 0 0 0 0 0 0 0 0 8327.96119 27041.66971 30046.74203 31726.29819 33238.99281 34696.09769 32227.37978 32061.8349 33437.91168 29247.45598 34411.85806 33521.00364 30415.65986 30519.13502 31359.07566 31906.61832 29640.07516 31288.90333 32983.79558 29425.38438 31496.61101 31466.04759 31720.94509 32470.17193 31394.95889 34072.18817 31941.307 31801.38901 28372.27458 31680.72985 30179.3601 10796.17413 3.125042195e-157 0 0 0 0 0 0 0 0 0 0 0 0 0 
0 0 0 0 0 0 0 0 0 0 0 0 0 3.185069481e-117 8513.658982 30883.34349 31998.36354 31109.57955 30165.07246 31385.56397 28524.11427 34420.29721 31664.40331 32048.52383 31316.14816 31936.55325 29984.24231 29953.77909 32335.94693 31302.81505 33835.27597 31616.82468 28457.16451 29529.38281 31230.03912 31751.39899 31742.887 33136.72435 31712.17146 32050.62822 32033.48926 31212.47246 31214.30498 33664.69844 31356.15951 11545.55375 0 0 0 0 0 0 0 0 0 0 0 0 0 0 
0 0 0 0 0 0 0 0 0 0 0 0 0 1.898597523e-138 6256.095441 12744.7708 14691.19985 11825.29482 13132.01481 13098.60671 12011.42993 13323.56326 15180.27776 12463.97392 14864.51721 11346.25849 12549.04574 13895.10901 11524.93099 12830.34434 11311.91109 11898.91265 10573.65207 12089.04213 12907.37179 14828.53002 14507.66731 14332.06241 11888.84623 11110.67757 13775.17121 14176.65568 13485.02273 11470.99192 13445.54649 5150.708453 0 0 0 0 0 0 0 0 0 0 0 0 0 0 
0 0 0 0 0 0 0 0 0 0 0 0 0 0 0 0 0 0 0 0 0 0 0 0 0 0 0 0 0 0 0 0 0 0 0 0 0 0 0 0 0 0 0 0 0 0 0 0 0 0 0 0 0 0 0 0 0 0 0 0 
0 0 0 0 0 0 0 0 0 0 0 0 0 0 0 0 0 0 0 0 0 0 0 0 0 0 0 0 0 0 0 0 0 0 0 0 0 0 0 0 0 0 0 0 0 0 0 0 0 0 0 0 0 0 0 0 0 0 0 0 
0 0 0 0 0 0 0 0 0 0 0 0 0 0 0 0 0 0 0 0 0 0 0 0 0 0 0 0 0 0 0 0 0 0 0 0 0 0 0 0 0 0 0 0 0 0 0 0 0 0 0 0 0 0 0 0 0 0 0 0 
0 0 0 0 0 0 0 0 0 0 0 0 0 0 0 0 0 0 0 0 0 0 0 0 0 0 0 0 0 0 0 0 0 0 0 0 0 0 0 0 0 0 0 0 0 0 0 0 0 0 0 0 0 0 0 0 0 0 0 0 
0 0 0 0 0 0 0 0 0 0 0 0 0 0 0 0 0 0 0 0 0 0 0 0 0 0 0 0 0 0 0 0 0 0 0 0 0 0 0 0 0 0 0 0 0 0 0 0 0 0 0 0 0 0 0 0 0 0 0 0 
0 0 0 0 0 0 0 0 0 0 0 0 0 0 0 0 0 0 0 0 0 0 0 0 0 0 0 0 0 0 0 0 0 0 0 0 0 0 0 0 0 0 0 0 0 0 0 0 0 0 0 0 0 0 0 0 0 0 0 0 
0 0 0 0 0 0 0 0 0 0 0 0 0 0 0 0 0 0 0 0 0 0 0 0 0 0 0 0 0 0 0 0 0 0 0 0 0 0 0 0 0 0 0 0 0 0 0 0 0 0 0 0 0 0 0 0 0 0 0 0 
0 0 0 0 0 0 0 0 0 0 0 0 0 0 0 0 0 0 0 0 0 0 0 0 0 0 0 0 0 0 0 0 0 0 0 0 0 0 0 0 0 0 0 0 0 0 0 0 0 0 0 0 0 0 0 0 0 0 0 0 
0 0 0 0 0 0 0 0 0 0 0 0 0 0 0 0 0 0 0 0 0 0 0 0 0 0 0 0 0 0 0 0 0 0 0 0 0 0 0 0 0 0 0 0 0 0 0 0 0 0 0 0 0 0 0 0 0 0 0 0 
0 0 0 0 0 0 0 0 0 0 0 0 0 0 0 0 0 0 0 0 0 0 0 0 0 0 0 0 0 0 0 0 0 0 0 0 0 0 0 0 0 0 0 0 0 0 0 0 0 0 0 0 0 0 0 0 0 0 0 0 
0 0 0 0 0 0 0 0 0 0 0 0 0 0 0 0 0 0 0 0 0 0 0 0 0 0 0 0 0 0 0 0 0 0 0 0 0 0 0 0 0 0 0 0 0 0 0 0 0 0 0 0 0 0 0 0 0 0 0 0 
0 0 0 0 0 0 0 0 0 0 0 0 0 0 0 0 0 0 0 0 0 0 0 0 0 0 0 0 0 0 0 0 0 0 0 0 0 0 0 0 0 0 0 0 0 0 0 0 0 0 0 0 0 0 0 0 0 0 0 0 
0 0 0 0 0 0 0 0 0 0 0 0 0 0 0 0 0 0 0 0 0 0 0 0 0 0 0 0 0 0 0 0 0 0 0 0 0 0 0 0 0 0 0 0 0 0 0 0 0 0 0 0 0 0 0 0 0 0 0 0 
0 0 0 0 0 0 0 0 0 0 0 0 0 0 0 0 0 0 0 0 0 0 0 0 0 0 0 0 0 0 0 0 0 0 0 0 0 0 0 0 0 0 0 0 0 0 0 0 0 0 0 0 0 0 0 0 0 0 0 0 
0 0 0 0 0 0 0 0 0 0 0 0 0 0 0 0 0 0 0 0 0 0 0 0 0 0 0 0 0 0 0 0 0 0 0 0 0 0 0 0 0 0 0 0 0 0 0 0 0 0 0 0 0 0 0 0 0 0 0 0 
# Events [PSDmon1Chopper/psdchopper.dat] N:
0 0 0 0 0 0 0 0 0 0 0 0 0 0 0 0 0 0 0 0 0 0 0 0 0 0 0 0 0 0 0 0 0 0 0 0 0 0 0 0 0 0 0 0 0 0 0 0 0 0 0 0 0 0 0 0 0 0 0 0 
0 0 0 0 0 0 0 0 0 0 0 0 0 0 0 0 0 0 0 0 0 0 0 0 0 0 0 0 0 0 0 0 0 0 0 0 0 0 0 0 0 0 0 0 0 0 0 0 0 0 0 0 0 0 0 0 0 0 0 0 
0 0 0 0 0 0 0 0 0 0 0 0 0 0 0 0 0 0 0 0 0 0 0 0 0 0 0 0 0 0 0 0 0 0 0 0 0 0 0 0 0 0 0 0 0 0 0 0 0 0 0 0 0 0 0 0 0 0 0 0 
0 0 0 0 0 0 0 0 0 0 0 0 0 0 0 0 0 0 0 0 0 0 0 0 0 0 0 0 0 0 0 0 0 0 0 0 0 0 0 0 0 0 0 0 0 0 0 0 0 0 0 0 0 0 0 0 0 0 0 0 
0 0 0 0 0 0 0 0 0 0 0 0 0 0 0 0 0 0 0 0 0 0 0 0 0 0 0 0 0 0 0 0 0 0 0 0 0 0 0 0 0 0 0 0 0 0 0 0 0 0 0 0 0 0 0 0 0 0 0 0 
0 0 0 0 0 0 0 0 0 0 0 0 0 0 0 0 0 0 0 0 0 0 0 0 0 0 0 0 0 0 0 0 0 0 0 0 0 0 0 0 0 0 0 0 0 0 0 0 0 0 0 0 0 0 0 0 0 0 0 0 
0 0 0 0 0 0 0 0 0 0 0 0 0 0 0 0 0 0 0 0 0 0 0 0 0 0 0 0 0 0 0 0 0 0 0 0 0 0 0 0 0 0 0 0 0 0 0 0 0 0 0 0 0 0 0 0 0 0 0 0 
0 0 0 0 0 0 0 0 0 0 0 0 0 0 0 0 0 0 0 0 0 0 0 0 0 0 0 0 0 0 0 0 0 0 0 0 0 0 0 0 0 0 0 0 0 0 0 0 0 0 0 0 0 0 0 0 0 0 0 0 
0 0 0 0 0 0 0 0 0 0 0 0 0 0 0 0 0 0 0 0 0 0 0 0 0 0 0 0 0 0 0 0 0 0 0 0 0 0 0 0 0 0 0 0 0 0 0 0 0 0 0 0 0 0 0 0 0 0 0 0 
0 0 0 0 0 0 0 0 0 0 0 0 0 0 0 0 0 0 0 0 0 0 0 0 0 0 0 0 0 0 0 0 0 0 0 0 0 0 0 0 0 0 0 0 0 0 0 0 0 0 0 0 0 0 0 0 0 0 0 0 
0 0 0 0 0 0 0 0 0 0 0 0 0 0 0 0 0 0 0 0 0 0 0 0 0 0 0 0 0 0 0 0 0 0 0 0 0 0 0 0 0 0 0 0 0 0 0 0 0 0 0 0 0 0 0 0 0 0 0 0 
0 0 0 0 0 0 0 0 0 0 0 0 0 0 0 0 0 0 0 0 0 0 0 0 0 0 0 0 0 0 0 0 0 0 0 0 0 0 0 0 0 0 0 0 0 0 0 0 0 0 0 0 0 0 0 0 0 0 0 0 
0 0 0 0 0 0 0 0 0 0 0 0 0 0 0 0 0 0 0 0 0 0 0 0 0 0 0 0 0 0 0 0 0 0 0 0 0 0 0 0 0 0 0 0 0 0 0 0 0 0 0 0 0 0 0 0 0 0 0 0 
0 0 0 0 0 0 0 0 0 0 0 0 0 0 0 0 0 0 0 0 0 0 0 0 0 0 0 0 0 0 0 0 0 0 0 0 0 0 0 0 0 0 0 0 0 0 0 0 0 0 0 0 0 0 0 0 0 0 0 0 
0 0 0 0 0 0 0 0 0 0 0 0 0 0 0 0 0 0 0 0 0 0 0 0 0 0 0 0 0 0 0 0 0 0 0 0 0 0 0 0 0 0 0 0 0 0 0 0 0 0 0 0 0 0 0 0 0 0 0 0 
0 0 0 0 0 0 0 0 0 0 0 0 0 0 27 73 106 95 77 102 100 104 111 127 109 112 101 123 118 102 105 101 134 121 113 118 101 112 100 114 102 106 89 94 71 22 0 0 0 0 0 0 0 0 0 0 0 0 0 0 
0 0 0 0 0 0 0 0 0 0 0 0 0 3 116 270 347 382 377 415 384 375 393 399 376 360 376 370 351 344 363 361 398 354 388 365 370 367 368 339 374 383 348 361 261 92 1 0 0 0 0 0 0 0 0 0 0 0 0 0 
0 0 0 0 0 0 0 0 0 0 0 0 0 3 115 311 434 458 468 456 439 428 437 412 432 410 430 451 383 391 409 405 409 421 427 411 404 403 388 394 405 429 417 418 291 112 1 0 0 0 0 0 0 0 0 0 0 0 0 0 
0 0 0 0 0 0 0 0 0 0 0 0 0 4 131 342 436 458 437 404 447 403 429 396 429 436 419 430 436 444 423 403 397 434 418 424 393 440 452 391 414 380 402 412 276 123 3 0 0 0 0 0 0 0 0 0 0 0 0 0 
0 0 0 0 0 0 0 0 0 0 0 0 0 3 110 282 440 404 412 426 382 449 429 439 438 452 386 420 369 405 400 438 405 421 437 406 457 410 456 441 444 387 427 358 297 115 4 0 0 0 0 0 0 0 0 0 0 0 0 0 
0 0 0 0 0 0 0 0 0 0 0 0 0 2 110 309 431 424 428 447 435 407 435 437 439 421 419 440 385 436 423 400 416 414 374 428 431 443 391 397 413 411 431 418 275 110 2 0 0 0 0 0 0 0 0 0 0 0 0 0 
0 0 0 0 0 0 0 0 0 0 0 0 0 4 119 323 403 400 413 430 428 451 418 452 440 424 385 418 450 450 451 397 417 400 436 469 404 426 431 386 437 435 435 370 304 111 2 0 0 0 0 0 0 0 0 0 0 0 0 0 
0 0 0 0 0 0 0 0 0 0 0 0 0 3 107 327 390 434 410 485 432 417 434 440 410 426 459 438 425 418 389 420 422 447 419 432 425 447 438 439 396 428 427 397 331 105 4 0 0 0 0 0 0 0 0 0 0 0 0 0 
0 0 0 0 0 0 0 0 0 0 0 0 0 2 117 329 471 404 396 448 414 420 454 397 466 468 427 473 377 424 421 420 455 426 459 456 424 441 450 421 405 437 400 426 308 102 9 0 0 0 0 0 0 0 0 0 0 0 0 0 
0 0 0 0 0 0 0 0 0 0 0 0 0 2 132 319 397 432 464 453 465 449 436 445 446 459 450 420 417 429 468 432 445 469 454 427 428 470 453 443 426 442 441 381 321 111 7 0 0 0 0 0 0 0 0 0 0 0 0 0 
0 0 0 0 0 0 0 0 0 0 0 0 0 8 110 377 448 496 439 493 442 431 441 396 454 425 452 430 420 384 463 399 438 421 504 451 453 435 467 438 394 435 440 436 344 128 4 0 0 0 0 0 0 0 0 0 0 0 0 0 
0 0 0 0 0 0 0 0 0 0 0 0 0 4 124 349 467 474 470 432 508 461 469 482 457 445 468 450 445 421 417 464 418 446 405 455 446 449 456 416 441 411 433 422 329 104 1 0 0 0 0 0 0 0 0 0 0 0 0 0 
0 0 0 0 0 0 0 0 0 0 0 0 0 3 125 325 452 420 436 464 471 444 473 459 479 470 448 482 455 442 448 476 459 467 494 502 440 474 434 437 443 452 447 414 342 98 2 0 0 0 0 0 0 0 0 0 0 0 0 0 
0 0 0 0 0 0 0 0 0 0 0 0 0 5 117 350 473 461 465 440 451 463 486 491 483 465 471 447 429 475 444 476 475 437 448 461 455 428 498 460 426 468 458 443 355 112 3 0 0 0 0 0 0 0 0 0 0 0 0 0 
0 0 0 0 0 0 0 0 0 0 0 0 0 5 148 330 494 453 430 473 476 497 454 479 474 440 467 434 495 430 430 491 463 488 444 471 424 460 452 467 450 468 465 447 319 131 5 0 0 0 0 0 0 0 0 0 0 0 0 0 
0 0 0 0 0 0 0 0 0 0 0 0 0 4 143 338 443 474 438 469 452 467 470 468 478 500 437 448 435 432 436 467 471 451 458 477 460 455 468 476 471 453 488 464 319 115 2 0 0 0 0 0 0 0 0 0 0 0 0 0 
0 0 0 0 0 0 0 0 0 0 0 0 0 6 133 315 460 466 492 447 466 488 483 459 458 468 461 441 422 425 442 440 472 459 460 496 431 438 462 454 403 466 447 420 356 102 6 0 0 0 0 0 0 0 0 0 0 0 0 0 
0 0 0 0 0 0 0 0 0 0 0 0 0 6 123 322 437 443 495 467 495 462 485 480 441 432 424 482 415 441 409 453 456 426 433 438 459 429 479 415 437 429 471 417 338 105 2 0 0 0 0 0 0 0 0 0 0 0 0 0 
0 0 0 0 0 0 0 0 0 0 0 0 0 2 146 329 467 457 489 459 463 429 499 441 486 425 477 447 464 468 454 439 446 446 491 468 454 411 462 439 432 459 430 419 328 141 3 0 0 0 0 0 0 0 0 0 0 0 0 0 
0 0 0 0 0 0 0 0 0 0 0 0 0 3 102 295 468 443 457 476 465 493 444 456 454 466 442 449 442 436 425 416 421 416 455 448 463 430 428 426 403 424 442 460 317 112 6 0 0 0 0 0 0 0 0 0 0 0 0 0 
0 0 0 0 0 0 0 0 0 0 0 0 0 3 125 339 440 463 430 471 465 425 438 465 463 422 467 455 412 440 454 451 412 452 437 428 470 430 438 414 400 453 459 442 321 134 3 0 0 0 0 0 0 0 0 0 0 0 0 0 
0 0 0 0 0 0 0 0 0 0 0 0 0 8 122 350 441 439 461 425 419 442 448 447 407 457 425 455 446 397 455 424 446 431 443 426 432 428 401 432 429 442 427 413 307 108 4 0 0 0 0 0 0 0 0 0 0 0 0 0 
0 0 0 0 0 0 0 0 0 0 0 0 0 4 114 323 404 428 416 406 443 383 428 466 436 412 457 410 419 451 433 418 436 430 435 412 432 430 453 445 437 421 430 440 325 99 0 0 0 0 0 0 0 0 0 0 0 0 0 0 
0 0 0 0 0 0 0 0 0 0 0 0 0 5 119 339 451 451 427 434 397 454 422 435 444 428 389 417 429 410 469 434 420 466 475 402 448 390 398 378 390 393 410 419 317 100 4 0 0 0 0 0 0 0 0 0 0 0 0 0 
0 0 0 0 0 0 0 0 0 0 0 0 0 1 125 328 434 392 407 424 451 412 453 463 422 439 402 396 401 438 397 435 403 418 466 445 425 396 431 439 425 440 405 401 274 111 6 0 0 0 0 0 0 0 0 0 0 0 0 0 
0 0 0 0 0 0 0 0 0 0 0 0 0 2 111 311 446 439 430 451 415 455 437 430 420 434 399 385 394 414 413 439 422 423 372 423 398 429 412 397 382 386 360 390 304 134 3 0 0 0 0 0 0 0 0 0 0 0 0 0 
0 0 0 0 0 0 0 0 0 0 0 0 0 3 104 300 429 404 417 424 428 386 408 446 471 400 442 399 357 416 414 410 391 415 423 437 417 409 426 481 411 402 405 409 318 115 5 0 0 0 0 0 0 0 0 0 0 0 0 0 
0 0 0 0 0 0 0 0 0 0 0 0 0 0 101 316 423 453 440 467 415 431 431 436 419 471 430 402 423 391 420 417 400 398 446 424 419 417 417 459 409 408 360 386 300 107 4 0 0 0 0 0 0 0 0 0 0 0 0 0 
0 0 0 0 0 0 0 0 0 0 0 0 0 3 88 307 388 389 405 368 380 428 375 388 388 375 369 341 391 364 399 376 374 369 375 353 368 380 373 376 379 331 381 363 273 97 0 0 0 0 0 0 0 0 0 0 0 0 0 0 
0 0 0 0 0 0 0 0 0 0 0 0 0 2 37 87 105 94 100 123 105 110 107 132 105 100 85 102 97 99 97 91 93 91 101 104 107 91 101 108 104 118 109 112 66 24 0 0 0 0 0 0 0 0 0 0 0 0 0 0 
0 0 0 0 0 0 0 0 0 0 0 0 0 0 0 0 0 0 0 0 0 0 0 0 0 0 0 0 0 0 0 0 0 0 0 0 0 0 0 0 0 0 0 0 0 0 0 0 0 0 0 0 0 0 0 0 0 0 0 0 
0 0 0 0 0 0 0 0 0 0 0 0 0 0 0 0 0 0 0 0 0 0 0 0 0 0 0 0 0 0 0 0 0 0 0 0 0 0 0 0 0 0 0 0 0 0 0 0 0 0 0 0 0 0 0 0 0 0 0 0 
0 0 0 0 0 0 0 0 0 0 0 0 0 0 0 0 0 0 0 0 0 0 0 0 0 0 0 0 0 0 0 0 0 0 0 0 0 0 0 0 0 0 0 0 0 0 0 0 0 0 0 0 0 0 0 0 0 0 0 0 
0 0 0 0 0 0 0 0 0 0 0 0 0 0 0 0 0 0 0 0 0 0 0 0 0 0 0 0 0 0 0 0 0 0 0 0 0 0 0 0 0 0 0 0 0 0 0 0 0 0 0 0 0 0 0 0 0 0 0 0 
0 0 0 0 0 0 0 0 0 0 0 0 0 0 0 0 0 0 0 0 0 0 0 0 0 0 0 0 0 0 0 0 0 0 0 0 0 0 0 0 0 0 0 0 0 0 0 0 0 0 0 0 0 0 0 0 0 0 0 0 
0 0 0 0 0 0 0 0 0 0 0 0 0 0 0 0 0 0 0 0 0 0 0 0 0 0 0 0 0 0 0 0 0 0 0 0 0 0 0 0 0 0 0 0 0 0 0 0 0 0 0 0 0 0 0 0 0 0 0 0 
0 0 0 0 0 0 0 0 0 0 0 0 0 0 0 0 0 0 0 0 0 0 0 0 0 0 0 0 0 0 0 0 0 0 0 0 0 0 0 0 0 0 0 0 0 0 0 0 0 0 0 0 0 0 0 0 0 0 0 0 
0 0 0 0 0 0 0 0 0 0 0 0 0 0 0 0 0 0 0 0 0 0 0 0 0 0 0 0 0 0 0 0 0 0 0 0 0 0 0 0 0 0 0 0 0 0 0 0 0 0 0 0 0 0 0 0 0 0 0 0 
0 0 0 0 0 0 0 0 0 0 0 0 0 0 0 0 0 0 0 0 0 0 0 0 0 0 0 0 0 0 0 0 0 0 0 0 0 0 0 0 0 0 0 0 0 0 0 0 0 0 0 0 0 0 0 0 0 0 0 0 
0 0 0 0 0 0 0 0 0 0 0 0 0 0 0 0 0 0 0 0 0 0 0 0 0 0 0 0 0 0 0 0 0 0 0 0 0 0 0 0 0 0 0 0 0 0 0 0 0 0 0 0 0 0 0 0 0 0 0 0 
0 0 0 0 0 0 0 0 0 0 0 0 0 0 0 0 0 0 0 0 0 0 0 0 0 0 0 0 0 0 0 0 0 0 0 0 0 0 0 0 0 0 0 0 0 0 0 0 0 0 0 0 0 0 0 0 0 0 0 0 
0 0 0 0 0 0 0 0 0 0 0 0 0 0 0 0 0 0 0 0 0 0 0 0 0 0 0 0 0 0 0 0 0 0 0 0 0 0 0 0 0 0 0 0 0 0 0 0 0 0 0 0 0 0 0 0 0 0 0 0 
0 0 0 0 0 0 0 0 0 0 0 0 0 0 0 0 0 0 0 0 0 0 0 0 0 0 0 0 0 0 0 0 0 0 0 0 0 0 0 0 0 0 0 0 0 0 0 0 0 0 0 0 0 0 0 0 0 0 0 0 
0 0 0 0 0 0 0 0 0 0 0 0 0 0 0 0 0 0 0 0 0 0 0 0 0 0 0 0 0 0 0 0 0 0 0 0 0 0 0 0 0 0 0 0 0 0 0 0 0 0 0 0 0 0 0 0 0 0 0 0 
0 0 0 0 0 0 0 0 0 0 0 0 0 0 0 0 0 0 0 0 0 0 0 0 0 0 0 0 0 0 0 0 0 0 0 0 0 0 0 0 0 0 0 0 0 0 0 0 0 0 0 0 0 0 0 0 0 0 0 0 
