# Format: McCode with text headers
# URL: http://www.mccode.org
# Creator: McStas 2.5 - Dec. 12, 2018
# Instrument: PSI_Focus.instr
# Ncount: 1000000
# Trace: no
# Gravitation: no
# Seed: 1570823613
# Directory: PSI_Focus/0
# Param: lambda=3.4
# Param: chopp_ratio=1
# Param: DET=-69.9
# Date: Fri Oct 11 20:09:09 2019 (1570817349)
# type: array_2d(60, 60)
# Source: PSI_Focus (PSI_Focus.instr)
# component: PSDGuideExit
# position: 0 0 66.613
# title: PSD monitor
# Ncount: 1000000
# filename: psdguide.dat
# statistics: X0=0.00488604; dX=1.43676; Y0=-0.00814631; dY=3.46923;
# signal: Min=516146; Max=2.02708e+06; Mean=1.20934e+06;
# values: 4.35362e+09 1.37074e+07 374845
# xvar: X 
# yvar: Y 
# xlabel: X position [cm]
# ylabel: Y position [cm]
# zvar: I
# zlabel: Signal per bin
# xylimits: -2.5 2.5 -6 6
# variables: I I_err N
# Data [PSDGuideExit/psdguide.dat] I:
991925.1261 1649927.312 1068016.463 807112.9203 1438973.902 1252630.091 1191555.558 1552802.732 1212520.855 1244800.052 913975.4047 1158207.93 1006434.061 1113691.817 1310215.028 1339247.929 1024876.9 1593100.32 1322267.329 1581039.257 977867.2646 1000791.925 1322284.6 1024913.405 1274994.255 1288883.266 1253755.717 1084334.319 1290269.198 1474597.757 758714.5362 1097672.267 1360648.5 1422103.907 1399862.023 1041400.346 1332665.546 1281875.735 1266751.65 1532100.71 1170063.34 1461914.987 1441460.461 1603815.805 1328794.507 1018261.614 1634080.002 1154401.599 1019050.272 1351387.651 1037922.838 887863.5831 1314609.153 1318383.79 1256947.062 1082343.423 1143571.665 954965.8201 1775723.065 1497794.695 
1026607.935 1283661.356 1648925.927 1226432.182 874604.9279 1064216.503 1007289.177 1374952.537 702033.884 914823.5391 1110498.75 1017091.277 1477008.095 1362814.574 1583460.895 1349788.313 1481924.004 1017066.319 1268459.965 1296717.19 1146549.217 1530169.127 1419450.046 1015815.633 1612980.56 1388901.63 1575705.762 1035044.157 1344512.481 991907.7894 1179280.96 1339850.272 1194579.954 1617982.91 1470575.423 1931094.994 954073.3416 946882.5862 1352177.336 1029416.649 2027084.343 998780.2356 1097916.824 1402503.695 1457371.087 1622985.407 1116827.257 1213855.003 1202527.074 1157016.07 1190803.087 1378778.282 1265186.902 1269960.082 1433593.261 1646171.495 1561036.899 925888.2101 1231989.257 942159.0203 
1247819.704 1408726.02 658431.643 1408653.971 1260097.459 1703755.686 1161822.956 1105352.272 1114987.834 1087274.064 1174432.044 856291.5236 1044913.347 1219788.872 798291.284 1585000.666 928904.701 1137736.999 1669123.347 1220951.204 1318570.436 1157014.671 1117939.763 1259030.876 1279127.959 1100476.502 977661.7679 917316.5589 1067365.204 925175.2972 1313035.206 651471.6397 1264004.537 1850687.5 1255081.999 1417110.635 1172349.417 731366.4384 1014293.006 878181.4051 1503179.682 1272967.161 1418546.706 1290967.365 1418754.949 1267057.136 1387352.482 1521703.903 1055168.513 835012.4283 917032.0242 941585.4421 1187616.425 957938.1756 1080792.262 1285006.765 1545896.917 1098081.516 1539485.099 1334617.231 
1009997.457 1130723.528 1121763.114 1219382.274 1005421.267 1353253.268 1191832.573 965854.0423 1278938.801 1171474.978 1192858.668 1283848.158 1202344.713 1040442.311 1553793.403 955563.7783 1380301.99 1169672.274 1211060.84 944097.6644 1330642.53 1075141.592 1259280.305 991554.0391 1107378.319 1220265.615 1367391.398 1096530.22 974316.2431 1152980.936 1474315.409 801255.1113 1411855.985 1395273.337 924522.1472 722360.9661 1120679.79 1801871.895 1634831.279 1187619.004 1425563.411 1180199.611 1291855.455 1462849.673 1073162.262 851253.3717 1284094.897 1119401.848 1041693.56 734237.7475 1027990.542 831596.5665 1271017.509 1062602.422 741796.6903 1651584.021 1249608.718 888420.4758 1337623.552 849367.6634 
1226784.529 1132800.185 1241264.919 1432384.614 1071916.687 1010309.402 1522641.776 1203040.072 1070459.371 857579.1162 1168269.107 1346689.88 1416448.74 1193140.728 1487419.075 1289442.248 911397.0656 1306360.77 997424.7438 1176567.855 907014.3844 1344915.372 1151264.495 1026000.068 1640668.316 1023288.764 1874411.433 1095084.294 1310600.226 1277348.593 1718128.976 1270236.71 1129830.721 1785528.943 1017531.998 677912.6601 1388996.943 976342.7683 1121840.543 1024822.651 1317580.624 1486724.1 1055993.324 1531667.188 1390466.967 1231219.209 1098449.146 1067995.849 1193158.745 1004755.995 1585263.132 1093384.484 1299498.627 1404115.985 1387658.715 750514.8607 1078518.887 1635213.389 1106988.251 1437779.523 
1479958.666 991336.7751 1473398.034 1193617.037 940394.9696 1401292.721 1262873.041 1136827.284 1126215.481 1195251.571 1128480.174 793536.6886 976998.0776 1499298.031 1081331.652 1056708.055 959431.0104 1141573.188 1323844.902 1084318.188 1376809.73 1105629.438 1629528.43 1210668.304 1229765.01 1431744.039 1247492.813 1057133.78 1225990.153 1461481.571 1605438.605 1482637.584 1051385.789 1513295.844 1266435.405 1072841.537 1219765.918 1339885.299 949379.4208 1368098.973 1519481.632 1482958.773 1171560.469 1325143.066 932613.7883 1104724.187 1773784.593 1110745.916 1376272.249 1168217.921 1158374.69 712232.7689 1582414.144 1207990.919 1246769.35 1088072.539 1561988.287 1143516.402 1048147.445 1389717.287 
1043328.357 1316962.086 1282353.53 1485663.995 1163046.175 861555.7013 1141765.678 1251781.797 1136843.026 763613.2566 1030517.697 1416295.125 1225208.871 987703.0129 1006548.517 1252261.512 1488644.13 1041615.456 1406089.954 1020451.697 836576.5724 1291195.747 1403503.886 1044444.282 1489889.706 1031989.85 1663664.647 1115808.28 949057.5403 1138092.109 1305185.419 1036269.384 1103851.655 1347757.501 1025075.542 1211147.176 1431736.853 1806339.313 1167549.634 1166762.737 1181850.864 996282.6486 1376520.227 865979.1914 1216439.476 1111285.424 1075245.53 1197394.429 1100851.406 1181696.828 1594457.631 1143988.033 954167.8115 1427967.832 1232124.659 1277764.327 1327534.246 991082.7209 1263643.661 1323039.822 
927681.6588 1239960.46 1394557.222 1371957.158 1244270.11 949259.1953 1308436.598 1216234.255 1309833.018 870379.357 1211365.615 1340582.543 1652207.879 937269.499 1530461.577 1182440.207 1131059.033 1091942.526 562526.7766 1425472.32 1491558.263 1371174.48 1561436.893 1129247.599 913333.3353 928456.92 829846.458 1147332.724 1226333.168 1116279.097 1021589.523 1294960.615 1615217.409 1382487.923 1297566.586 804573.6447 1130361.087 1210822.163 1712930.656 1384957.976 738759.8221 992048.2017 865646.7561 1327493.982 1149340.853 1565505.959 707178.1965 1256050.869 754507.2347 1041982.247 1257649.483 934368.1105 1510312.56 1277808.936 1081257.579 965487.7475 1232400 1664241.455 984845.661 1255536.388 
1151157.583 1173593.914 1455282.948 1226524.451 1246302.853 1203157.351 1144118.964 1277500.701 1119088.906 979221.8853 904311.7755 1250777.65 1178225.6 1397429.74 1013040.317 1475019.144 1462103.875 1242364.947 1433980.582 1461794.655 1316464.457 1196239.444 1152360.711 1036894.93 667642.8814 893646.6693 1446043.818 1267793.781 1163435.148 1388317.882 1226374.137 1273474.924 998595.8357 943552.4833 1221263.773 1568213.919 812820.1966 1417857.983 958449.867 1064234.475 1434634.025 1528004.846 996086.978 1066989.776 1415384.371 1417530.3 1616763.804 1139970.662 1351040.612 1422571.53 1220676.365 1125238.011 667850.0693 1426877.626 1147674.276 1348891.35 1260771.278 1458062.964 1103940.881 1091108.572 
851773.8472 1311906.535 1205699.709 839005.1777 1268684.12 977977.992 1051791.478 876087.0415 843007.8605 1489095.116 1279483.987 1060143.337 1019936.125 1458958.223 1210264.835 1406510.816 1293775.545 1574217.683 811112.7936 1024918.371 1306076.908 1472919.834 1406808.504 1206877.812 1365509.694 1255196.186 1039547.25 1617864.405 1359315.309 861404.0181 1112493.118 948025.5576 1451354.099 1264775.408 997555.5753 1209666.87 1112723.067 1258255.848 1337160.298 1315914.963 1439959.387 1504119.529 1624798.071 1665206.091 1302980.359 1270829.791 881356.1861 1723514.479 1076408.108 1228322.44 1187035.392 1346679.739 1022309.182 1564683.548 950046.6349 1214677.954 1118824.328 1007389.724 1049941.841 1173075.629 
953364.4536 845659.5977 954390.9062 1167067.882 1135273.827 1641225.998 1240817.69 1141167.271 1572154.788 1441993.031 1187661.116 1002882.332 995513.7751 1413287.624 1072233.624 1355193.22 945172.9874 861825.2518 1128386.223 1258630.677 1674951.732 1089114.945 1151610.996 1442726.193 907665.3711 964217.3697 1139050.103 1295126.2 635862.9505 1249095.13 1048171.825 908769.1827 1618096.441 1234529.855 1609298.397 1426498.775 1140002.247 1206035.077 982073.4075 1037850.241 1154675.26 1301330.38 1735816.014 1054400.057 920038.9893 1553988.216 1154814.786 1303721.817 1576174.968 971880.6474 1077211.442 1170682.806 1406659.587 1215139.225 1362130.113 1038473.015 1639165.396 1082616.798 1417710.81 1330317.805 
1327616.409 743038.9009 994841.766 1341497.887 995858.2522 1253900.933 1300836.645 977298.8421 1069379.212 1548741.976 1089012.652 1484196.147 1353263.44 1313010.909 1111843.838 1353476.483 1580261.293 1389862.349 1262516.204 1156969.02 1445637.561 1080525.848 1106964.408 1614341.896 983331.716 925542.9894 1345963.743 1565967.393 1903799.34 1443078.625 1268372.6 874922.5721 1117224.237 1428719.079 1152289.883 812395.2546 1283754.574 1232062.765 1026617.653 1056397.845 878280.8918 1309973.13 1730179.632 1706827.329 1201755.686 1895780.26 1157546.374 895273.4862 1049347.623 1741751.263 1522844.059 1195399.088 1297947.544 1342172.443 1235898.306 1481884.761 1339555.896 1143471.565 1063731.814 1298802.236 
942444.8524 1441456.01 947599.6194 1259771.336 1460808.011 1567779.139 1144431.018 1327844.504 1166831.023 1211924.196 1231593.192 1271923.009 1360970.434 1181467.009 1683872.251 841569.3939 1038024.38 1469922.258 1546329.272 1255175.911 1769878.414 1174993.355 1070167.714 1097925.499 1063138.615 1244761.88 1363351.871 853561.9996 934046.3375 1319780.995 904801.2423 1474546.041 923952.401 1345774.298 1250633.543 1711998.251 1355945.998 935253.1828 1347140.973 1101749.668 1080832.438 1523780.03 1425101.604 990110.0899 1123297.055 1786518.829 629053.5447 1231701.101 1551357.45 1568141.087 1347343.729 1134857.52 1349711.883 1008083.853 1194016.85 1518613.596 1200848.137 1434599.162 1401898.159 1273365.373 
1023349.649 956117.6803 1183758.384 1192531.627 1463309.807 988944.2755 1250893.648 946169.7385 993636.2509 1320653.626 1339774.827 1127342.756 1102873.176 1109583.124 1268273.218 1258893.302 785151.327 1120922.758 973594.1721 998847.532 842124.4583 680431.6637 1092077.87 1460841.701 1331124.652 972813.7739 1220230.938 974747.3392 1556916.034 1288822.128 1129848.443 968962.7566 1070679.955 783805.985 1063751.341 1278573.724 1035480.532 1369384.731 1162976.063 1513955.859 1179302.421 1108975.458 1107265.202 1465044.306 1061189.195 1627302.141 1153782.296 1137161.994 744913.4198 1289700.65 1604558.093 831924.2298 1099735.552 863901.8808 847342.977 1035436.795 909447.3945 900967.2518 1133810.848 1365105.567 
1393470.105 1025501.037 1222946.55 1095704.207 945837.9476 1163139.812 1241655.113 1050589.019 1625791.956 1009759.342 1148627.461 1364862.491 1168901.06 1135798.281 976682.1984 1362371.761 1333879.281 752864.0005 1338706.474 909470.269 1275831.291 815767.4086 1201937.057 1078628.728 1020598.134 1619998.423 1722143.827 1085432.703 1631490.173 1334255.598 1262773.775 975409.4114 1760015.647 1278832.466 851157.4342 1344995.619 1144823.852 950758.7653 1042972.399 1534589.908 1270893.553 1086026.865 1286411.905 1404441.104 1200080.387 1081322.976 1339789.987 941716.1991 1023085.328 1429981.709 1465507.931 1201111.375 910026.5096 1104149.915 1194537.819 1162255.734 714695.4581 1157129.747 1188259.541 1124232.546 
1256674.96 1417912.737 1315448.305 1122075.119 1390715.084 1220669.602 1454366.657 1223386.84 1072554.638 1366345.74 1274405.079 1015867.474 1360436.626 1299110.866 1603855.366 1288879.057 1346730.541 1435024.794 1095236.531 1141428.319 983328.9915 1382516.578 1164853.099 1528053.183 1209076.922 1153371.199 994490.441 1184401.702 580916.2951 1426047.146 1213285.753 1068218.267 1458599.999 1061874.298 886160.848 1497526.493 1166146.168 1440392.563 1156789.19 1047253.373 1133366.757 943040.3291 1005833.529 1245187.576 1077963.993 1215239.759 1098710.138 1354228.647 894207.4178 932912.721 1193924.114 1455985.426 1052403.765 1239950.016 932805.643 1615428.858 1075962.221 696117.6705 1108360.983 1022054.452 
1048750.064 1036006.398 871798.653 1114352.516 1381571.488 1295667.796 1244522.181 1364752.208 1002385.606 814950.755 547905.6573 1093666.293 1257071.025 1659385.847 946783.4508 1027684.442 1379506.168 1336520.898 1414494.877 1321396.599 1265346.357 1366063.696 1987154.805 1132008.863 932614.0449 1421263.662 1543845.382 1155617.236 1173600.845 1462478.434 1144049.891 848700.5167 727013.471 1353114.233 1357178.211 1325058.746 1397957.438 1084586.99 1123224.692 924215.0294 1449556.351 1198741.219 900648.0833 1492072.816 1748965.939 1059667.695 1293094.845 1282397.065 1233726.453 1078895.417 1670030.992 1472070.769 935268.5108 1510080.124 879057.6258 1052935.214 1404782.55 1582426.001 1056422.019 951705.9033 
1027790.685 1420011.893 1580793.485 767285.6331 993164.2119 1005734.767 1212606.676 1231766.42 1153193.806 1558910.315 1205095.043 1189972.741 1486256.113 1112055.07 1277007.208 798469.3919 1223967.304 1046694.393 1218020.109 1423551.136 1444343.201 1116280.182 975786.9275 1276012.109 1415455.187 1298844.902 896941.0046 915730.0706 1126568.286 1066129.825 1137200.537 1100780.672 1100214.797 1250484.674 1510040.855 1421539.627 1566567.524 1369380.812 1509510.635 1114491.241 1150394.681 1140404.105 1532579.534 1098764.939 1275782.172 1352201.119 1417750.181 1298425.279 1342176.575 1349783.312 1105901.476 1363661.048 1187648.024 1692415.603 1349766.804 780526.0553 1443635.951 1143728.794 989362.7412 1375154.729 
1387384.121 1275212.037 1079931.408 1155825.848 1318670.341 1122076.643 1503544.002 1040176.99 1225888.433 1171237.145 935571.9189 980947.2416 743403.3219 1821680.027 1119211.877 1789578.32 1032102.38 1374321.126 1102564.56 678905.6927 1424805.609 1746792.112 1048330.893 1039660.665 1271396.935 1093194.331 1368197.045 1332243.195 1418442.834 1114728.29 1872759.314 1536520.01 1504314.502 1489619.211 1087511.612 1386792.707 1255185.907 1639610.61 1348026.132 809081.7973 973971.068 1324546.766 1540820.147 1025345.163 1516338.305 918162.2021 891993.1705 965535.8439 1105964.954 1415429.208 1270502.383 916587.264 1197851.771 806170.7929 1319567.878 1472848.907 1102677.204 1213692.518 773558.59 1383032.797 
1377756.44 1474183.882 1319919.938 1224970.189 1269874.396 1214244.149 1025350.696 1045839.179 1493390.638 1578729.364 1300041.682 1247890.655 1075285.527 1370595.817 1104104.33 1192684.676 1502446.234 1144200.98 1033978.136 1129981.976 903495.6244 1582215.422 1234325.635 1166232.091 1357757.504 1005691.801 1513878.018 1153864.452 1105735.49 1440784.913 1032043.187 1255124.099 1068699.749 1309885.846 1208942.982 1178448.445 969498.4926 1014216.906 822596.6789 1212305.087 1755986.319 1318516.013 1250085.856 1066642.668 1394264.409 1243172.933 759593.6882 1180195.517 1334724.777 1048710.883 1611868.159 1291721.284 1213248.624 924183.3727 647773.199 1265348.859 1252822.896 1485944.822 1101296.725 1436235.232 
997366.8574 1084347.35 1242801.085 1164025.009 1152971.787 1163846.664 1414429.06 1345273.311 1197795.358 1480921.263 1170009.508 1274784.518 914493.0112 1061138.326 1289908.198 1271791.751 1046453.103 1152620.053 1462804.151 1218369.441 1308868.615 1331958.476 1156764.174 1598096.523 1248722.777 1185639.894 1152932.237 1642064.103 1253598.93 1076460.382 1109972.382 1310376.27 1291515.486 1059489.778 1024751.394 1056201.059 1347336.148 909683.7025 1313367.673 991350.518 963591.3561 1378367.71 1749944.995 1398617.198 1195182.402 1315994.82 1150197.595 1165623.263 1199420.481 1091642.973 1253125.001 1714024.382 1503287.099 1297787.053 1264841.289 926187.3994 991200.7046 1073250.695 923880.8766 929903.8285 
1011411.951 1442921.296 1272703.069 986903.9796 1124682.313 671692.0707 1241826.924 1080478.884 1016421.542 1139390.544 1388342.678 1431904.976 1063218.137 1506325.845 1506154.976 1352133.097 1165132.428 1286501.631 1449682.654 1245190.963 971462.0913 946876.3905 1326494.866 1127426.189 1233171.245 1014574.161 1379656.339 1233041.8 1661363.162 1091302.416 635314.3711 1208990.06 1174520.626 947874.839 1149365.968 1274494.673 1393386.683 1276250.48 789792.164 1057085.472 1336301.834 1359333.758 1242047.053 1012087.304 1213998.836 1017650.904 1240408.021 1456153.619 1336947.173 939968.7742 1177214.379 1338221.854 1266852.02 1207304.711 1390832.639 849936.7715 1532113.994 999549.0822 1299868.861 1236113.179 
1184537.379 944265.1912 1299321.571 1270939.439 1385946.584 1490125.577 1112198.775 1293834.092 1451100.532 1454462.713 857960.8897 1201640.275 1202039.422 921310.1135 1299225.662 1207652.667 1067270.988 1144486.561 943865.3834 956762.1826 1528751.921 1289999.465 1190760.469 867938.7374 1048523.338 1294599.707 1862537.814 1108835.198 1427780.423 927426.9952 957736.0815 1524501.68 1547147.696 1136454.083 999113.6492 934308.0065 1168461.032 1278685.333 1184728.155 1097573.22 702282.4974 1228875.613 1005140.068 1225504.426 1011639.473 1429937.978 1266231.788 1421840.728 797044.2768 1113582.827 1565050.541 1066987.806 1143829.481 1134927.366 1279228.652 935796.7977 1266533.361 1322183.297 1604547.017 1206598.008 
1201390.941 1206784.191 1175975.726 868674.7078 1093823.236 1378903.655 1143281.62 1016271.817 1007941.536 983317.3746 1802937.577 1097647.697 1184414.315 1449872.153 1936584.372 1285754.817 1187864.017 1048797.191 1207310.003 1668347.368 1406201.435 1274810.214 1011426.334 1424606.482 1250672.034 1213763.044 880633.1758 857631.671 1217877.55 1325964.119 1124029.483 1040664.317 1509984.357 1201871.242 739239.7443 1355098.601 1287890 1361800.532 1196567.941 1311278.707 1167200.03 828806.7122 1408527.652 1138630.268 1338246.092 1366595.921 1061699.32 1353864.123 969547.1237 1496167.747 1027095.023 1126964.169 1417765.987 1469819.223 1560449.992 932500.9295 750791.4036 1341472.964 1554761.801 1313539.098 
1005356.804 1255234.904 1331187.632 1375794.199 1358664.543 987298.6007 1302902.759 1170927.203 1610394.473 1031834.768 1121781.507 1090537.34 1576741.907 1336921.842 791497.0789 1176715.406 850327.8593 1769019.437 1550629.589 1293265.804 1039504.379 1272408.258 1349017.28 1113755.346 858401.6871 1160499.082 1561033.055 978648.8356 750263.1058 1244244.294 1067581.167 1329353.749 916580.546 1288103.806 1285977.438 756983.0957 1655948.102 1434264.663 1694628.94 1223591.425 972214.1643 846902.1487 1218107.705 869761.3428 935387.4615 1053137.924 1827929.617 1149422.603 1297025.31 830038.1417 1196161.444 1281048.061 1301960.904 1510901.56 1202375.233 1104844.74 1311066.626 947299.2152 1018104.723 1117975.237 
1011656.493 1190703.593 1302767.61 937467.2125 1350804.221 1293240.97 1096304.927 1391112.641 1532387.03 1432072.056 1112477.148 1475824.892 1026664.753 913922.1672 1206748.641 1311994.804 947410.2058 1012136.943 1183528.462 1508909.878 1071765.098 1203732.555 1242671.49 1282007.413 1155608.842 1761702.938 1226280.89 1108726.196 1601806.017 1280851.021 1325041.954 954488.2435 1317190.222 1293967.966 1389583.277 978856.5342 1350308.893 1604276.633 825036.3619 1459162.896 1005003.677 1305006.684 1605230.9 1500316.306 1132585.559 1329201.421 1310287.151 1612768.597 1197323.931 1024651.038 1306513.228 1258304.535 917489.734 903075.7517 1099361.933 961087.3326 1695140.362 1226405.391 1395122.552 911076.8758 
1141465.346 1012827.142 1470763.836 1125749.43 1126250.383 1277304.935 1146021.865 1146399.067 1291165.952 1188390.369 1261415.477 861683.7042 1490178.467 1343517.059 1343274.539 996056.3523 954668.3053 1150820.673 794695.2624 1173293.189 1017369.949 827555.8116 1341869.006 1241913.406 1216180.392 1051917.839 1668920.747 1161190.714 1498322.045 1117428.532 1230913.977 1531699.467 1313780.449 1092651.161 1193977.518 1424541.625 856546.9656 998891.6397 1064235.179 1110790.587 1332338.536 1241596.26 1399277.7 1238264.417 966318.9534 1039952.145 816409.3252 1445765.768 1136152.406 1119973.457 1297178.469 1483214.872 1308794.443 793056.6258 1413955.12 806069.7082 1399799.004 1457039.245 1027138.128 1321255.181 
1280618.781 1025078.959 1172136.597 1189023.499 1023071.227 1227634.868 1264791.843 1336579.946 1101813.823 967767.7552 836220.4117 955892.4988 999302.7147 1017249.914 1331498.859 1389890.062 1410590.032 939906.3663 1448685.007 1169458.238 1208357.81 1468142.407 1436064.493 845670.4311 1444318.386 1393703.517 1232900.168 1211586.605 1142199.699 1065160.689 1054060.15 1444776.915 1260231.743 1156313.239 1327084.426 1326589.707 1251385.004 951857.809 985562.7026 1389052.763 1603254.641 1052587.285 1529364.042 1108775.1 1195442.985 1226825.992 896459.5323 1003852.396 1376309.454 1201570.905 1563457.664 1783110.925 1183129.093 784257.7029 1082104.636 1082021.164 1060646.703 1210288.858 1462706.041 1124328.322 
1270105.388 1539911.123 1722796.344 1263286.983 606897.4909 1151599.828 908929.5958 1174385.749 992556.9901 1154121.385 1548153.796 970365.1737 1075050.675 1436640.825 975011.1814 795689.826 1271764.389 690996.5662 929198.7051 1138422.993 1037750.629 1270441.322 1654113.181 1315569.185 922224.2771 1018740.446 1049065.706 803327.8619 1086115.108 810069.525 1003280.852 1071819.232 1509730.944 1344295.996 1231601.136 1146151.662 1332111.074 1362366.52 1468991.148 986740.5119 1299921.486 987620.8925 1728107.13 1104287.364 1274710.922 1435676.153 1553841.722 690680.3166 840712.1296 1523534.688 1165389.242 1165417.757 1158394.758 1448150.798 1267036.985 853450.5982 1341377.251 928914.7147 731241.0689 870666.3909 
1280718.842 1436949.874 1368640.545 1063068.815 724193.5945 851405.6989 1189127.053 945903.032 1181471.43 1472390.451 1239530.494 1621558.081 1335675.051 1212692.078 1020457.442 1384551.611 613532.5693 1342890.625 1138980.969 1290796.752 1777823.713 1620511.426 875313.815 1325536.727 1140615.486 1309030.552 1586419.249 1041369.151 1137126.067 1690283.571 1233483.841 1299143.183 1049426.58 1336159.602 1133933.268 1555315.602 1278633.569 1369906.975 978091.8443 1072193.203 1867759.793 1613152.069 865076.6873 1621756.502 1265772.156 1271373.919 1031221.226 1315338.407 1162843.187 1223909.813 1176745.781 1845353.573 1288773.723 1049231.981 1003880.107 1301420.182 1001138.49 918350.4623 1462611.18 1389066.176 
1298765.923 1124203.606 1150804.662 933531.2733 1397861.925 1107063.924 1554167.612 847613.6056 1019097.163 1202240.235 1155843.099 1262342.04 1284478.465 885204.5019 969421.0692 1537662.387 1339640.812 1186583.469 1424004.237 1519669.315 1280533.678 1145838.344 979509.4374 1198666.121 1185983.974 1006940.501 1067287.19 1112334.396 815377.1104 1154342.727 965176.9449 982077.8778 1205445.345 1535912.528 1074625.674 977149.2256 1279863.37 1083159.7 1527894.761 1402002.306 1279829.175 1123060.704 1303486.855 1698953.455 1265677.519 1325712.348 1092006.281 1614449.359 1652847.3 1144824.786 1106508.88 1272005.712 1180556.439 761875.9101 1169775.524 999708.7872 1424083.561 1256935.778 1358121.129 896786.3799 
722673.5459 1033461.999 1028445.865 1336553.937 1055922.267 1546352.597 1138347.016 1800131.064 1483435.127 1151950.902 903886.2558 1693582.88 1026839.512 1710998.003 1443416.218 1290719.563 1218258.584 1514399.208 1314411.521 1301289.391 1340862.517 1003128.771 1319691.035 1211620.425 1222039.332 1081805.354 1325613.239 1070673.487 1406523.386 909143.7829 1322676.329 1253517.029 1197300.865 1087235.695 1081067.181 1395552.485 1134343.371 1215961.884 1264101.935 1254332.568 1204440.796 697025.2473 786771.9645 869106.6833 932487.296 1285933.32 875951.721 1448805.751 1187528.658 1357459.591 845661.4589 1330983.099 1127443.951 1173778.18 1514075.763 1002671.573 1044398.304 986062.6847 1299333.965 1190600.666 
1288996.036 1321676.932 1157146.382 1158631.821 1259032.876 1242811.75 1399583.529 1025970.166 1236479.447 1168585.029 1142452.834 1159185.143 1572344.943 1042982.926 1538397.276 1276883.523 1242837.492 1141124.202 1226767.882 1032960.603 1228165.748 912606.9784 1292451.462 846236.0052 713119.539 1057018.3 1362329.424 1687926.785 1573348.015 1072338.991 1190972.504 1188232.924 1254069.445 1301401.846 1429441.326 1286994.45 1470401.424 1001214.477 1174354.181 1113640.152 962501.8244 1293387.181 960115.5734 1348859.455 1261610.431 2021577.251 1242822.245 1446446.742 1088664.717 1349177.782 1196829.604 1266628.796 863024.1846 794851.9615 961412.5231 1547939.536 1032755.839 883145.4938 1096637.76 1165862.135 
1396896.24 1289175.501 705727.8605 1328831.324 1301154.368 1082883.802 1133306.354 1448248.263 941739.7085 1135484.698 1039306.247 1007315.771 1516962.337 1367993.045 1481575.743 1166877.809 1196924.152 1393701.846 1398955.873 1572294.033 1222969.657 1049019.317 1065956.93 955004.3754 1189564.665 1368257.457 888273.4818 1082730.805 1369131.959 1257747.431 1045981.05 1083799.772 1136574.674 943390.3103 1009763.845 1068294.02 1250884.175 1302503.127 1294652.36 1179381.682 1107048.768 1162014.27 1737750.532 1318765.165 1121982.565 1177657.674 1303876.171 977884.4482 1248302.871 1221376.222 1486452.201 907885.4284 1211779.095 988976.0791 1385804.061 1145071.066 1049793.423 1066351.462 1131108.735 1018804.637 
1146394.999 1200414.249 1095476.446 1179772.922 990836.5917 1295159.509 990543.614 1119208.91 846064.4931 1269874.738 1601614.691 1435670.3 980156.9728 922211.3084 1164161.077 1327118.859 1072069.081 1172709.581 1132875.571 1275151.837 1168822.026 1166910.37 1321049.062 916313.8971 1147087.962 1001711.734 1151967.423 1040791.888 1293393.557 1268463.977 1388542.496 1218855.715 1392355.696 1213197.917 1144510.098 1067244.303 1581768.55 1167804.74 802670.2538 1098769.773 1193141.493 1148203.314 1307728.371 1641803.46 1678254.243 1056812.021 1317491.378 1330233.818 1376542.748 1244707.988 1075244.56 1264454.363 1135732.64 1392787.713 1407704.776 1011358.69 1141399.316 1253286.948 1464294.006 1223976.904 
830341.3588 1287049.712 1395779.108 1079950.438 1230590.637 1434835.122 773147.3166 1152610.437 1382874.823 1429288.503 1233135.732 1360589.65 884894.8757 1083837.054 1228622.302 1109445.768 1260193.558 1218635.425 1337822.978 1094464.719 1080320.945 1387903.011 1541749.612 1354327.43 1050004.894 1116213.819 839227.2781 1580329 1030903.897 1516642.085 1310090.797 1281902.613 1569378.445 1307900.293 1623858.408 1483788.075 1420977.993 1168759.404 1378351.885 1176803.466 1410091.369 1155243.18 1245114.879 1558019.776 1284954.147 1646093.493 890979.6334 1167659.079 1168334.369 1217863.01 1558473.902 954563.6397 894583.193 1553399.385 1105097.771 1213945.072 695822.913 1099269.284 1361057.223 1067037.202 
1440507.244 1018543.628 812827.0797 1460104.703 1526729.697 1208032.269 1045354.715 1457161.79 778872.8424 1198853.782 746027.1083 1134188.394 964739.9484 1183000.995 1212795.552 1181429.947 1184068.13 1153013.04 988770.5798 1190772.08 1121388.909 1311567.24 1301230.814 1331431.178 1297680.685 1285158.014 1183798.977 1121796.37 1009650.023 935080.209 1437369.652 886160.3289 1338935.122 1425853.759 1306194.602 1067166.04 850276.2042 1286486.796 1177340.577 1090557.407 963373.2496 1270840.146 1241492.823 824577.0446 1405789.159 1049179.459 1366760.262 1209840.694 1206814.661 943430.0258 1689785.252 1607645.178 1238960.918 1559132.768 1125338.957 1025252.705 1282107.446 1273015.698 898971.6158 1235846.873 
996411.6601 1079319.523 1150510.159 1290296.11 1028940.008 1024497.072 940555.1474 1319557.605 1301868.499 1238162.316 1539690.726 1069612.732 1264745.345 1229090.958 1123689.759 1250556.598 1350146.074 1127476.027 962069.7935 1267102.307 1319675.616 1552432.202 1454749.068 1011061.775 1275998.624 1129125.558 1005562.163 1609568.229 1345428.675 1234978.946 1467759.886 1475632.923 1013388.146 1196836.459 942117.4096 780944.4042 1312709.709 1383126.616 1037935.613 1457118.009 1086638.686 942205.9702 1247054.959 1272439.012 1354769.694 1002723.067 1127112.511 919700.6425 1554828.116 1158570.23 1470253.384 709946.7642 1432761.741 823130.6879 1502045.572 872569.7543 1307812.196 1233811.255 1177195.744 1542387.756 
1351236.084 1231693.946 1207492.694 1467351.385 1695169.694 880986.8141 950165.1154 1008381.531 1446050.83 1215458.866 1330195.887 1097644.584 1453746.703 1033408.538 1594801.879 1400274.391 906490.0517 1387933.906 975769.4476 1028579.175 924069.211 1380031.679 910772.6675 1379471.31 1239038.772 1346108.678 1992234.582 1164191.453 1124422.476 890904.24 1136086.3 1293992.263 1070500.284 1580566.989 1179942.798 1321534.004 1024871.474 831818.3646 1349411.128 1246737.607 1004771.18 1368045.767 1751438.724 1712701.639 808746.2884 1167516.973 979798.4129 1221753.045 813058.0385 1416836.941 1918358.541 1002762.114 820389.5272 1047358.309 1058087.068 1251092.849 1325674.129 842895.6572 778562.4888 1393271.108 
1320228.623 949695.1402 723079.9452 1357175.54 1618641.313 1382131.428 1211325.502 1268407.007 1248248.638 826886.2258 1382630.58 905875.1234 889635.6467 1313313.878 1499614.827 1142436.489 1155517.571 1003615.095 1389575.151 689006.8209 1203779.526 1365567.229 847431.2488 1320563.845 1054043.785 1264156.91 924699.935 1035674.772 1627482.049 1367479.37 1453214.044 1449393.319 968274.6144 1405355.669 775499.098 1161500.258 1342771.606 1201204.623 1259379.768 1519476.544 930809.5197 1316706.877 1208919.883 1386745.031 1833345.044 827570.9323 1428920.782 1227345.243 1292332.138 1243086.175 1157392.35 1364891.314 978868.7382 922754.3164 1152137.824 1087382.411 1268953.581 1315089.974 1151664.19 1127980.587 
1631830.834 1422642.002 1348604.138 823575.399 1547051.612 1136702.785 1246816.169 1194612.712 688206.1046 928967.6083 1356884.316 1346548.46 1045213.016 985121.8345 1354871.704 1093923.368 1515860.008 1883169.449 1102878.666 1291417.028 1147911.726 1406094.658 1130136.352 1078247.81 1480364.729 1922568.419 1359509.554 1476387.806 1433820.295 1295963.982 1462913.863 1206875.929 902406.1073 1494218.798 1055268.102 1015432.023 1521277.123 1106831.15 1172586.567 1258111.09 1285435.341 1100321.642 1089631.298 862641.4643 949152.4557 986860.3001 860247.3155 1412619.595 1199273.702 1948870.226 1156187.145 1059581.548 1438138.175 1179058.312 1309854.826 1243424.782 1349742.046 1167745.149 1133036.686 1090198.894 
1106547.086 1385363.171 1320113.376 990569.3831 1177643.577 1107159.009 1211271.43 1502011.418 1210455.942 716629.7611 1072035.306 1008945.513 1548452.143 1347158.64 962341.9964 1212079.038 1758709.804 1112541.72 1381621.413 1403632.247 1241357.292 862310.6815 1145135.681 1428734.716 1505402.9 887809.857 1234511.948 1439804.836 950847.9093 690868.583 1166643.256 1196595.715 1099661.326 1662023.511 688849.6444 1616226.388 1031646.953 1116814.491 1458438.898 1328097.325 984816.6626 1157222.651 1684784.466 1073887.249 1278224.503 1216862.416 1312753.913 828076.2877 1353463.088 1009778.917 1243169.343 1331193.965 1070941.088 1179860.843 1271396.704 1105377.009 878460.6462 1373968.813 1289426.771 1267294.658 
1156910.581 1016475.402 1250544.306 986408.9412 1219360.585 1271184.491 1296284.117 1303380.369 945127.5258 1640056.367 946696.4696 1349984.541 1232923.942 1214703.172 1075430.077 1005742.843 1295031.708 1487128.15 1253552.805 1476978.53 1450162.432 1306351.564 1059850.249 1422704.721 1128379.666 1057969.83 1048179.8 999148.7796 1076324.25 981463.8589 1239297.364 1337879.068 1271923.633 1516286.385 1540701.684 941976.6721 882971.6351 1221505.42 1217284.76 1120859.172 1542126.492 1378522.859 1055460.584 1200138.557 1375866.005 1379245.052 1488299.232 1214403.939 1601700.924 1243154.751 1345906.023 1107685.694 1650164.495 1353781.823 1142068.523 1045574.185 979666.3423 1368635.114 749940.3071 1723668.098 
980179.5324 918708.9652 1240432.208 761344.839 794405.3435 1181954.564 1243576.375 1280345.36 964446.9559 1233209.659 1431409.384 1136453.568 1358543.585 962235.6986 1112008.561 958575.3938 915758.2186 1027773.114 991488.6772 1236097.76 1123955.748 968739.1343 1126887.011 1234872.052 1494320.723 1013241.378 1109832.753 1238623.992 1421447.03 1457608.336 1438413.715 1018520.68 1141936.725 954277.2293 1108804.372 1395829.428 1361138.758 634582.3135 865118.0335 1410466.574 926590.1202 1405143.46 1062265.585 1618644.347 1378097.766 1185264.474 1089197.307 1234313.921 1078844.431 1012316.07 1054068.498 1023659.818 996083.2423 1012273.379 1077103.702 1280489.828 1237467.788 1633888.954 981514.2162 1174864.64 
1226821.124 1297385.816 1383722.539 1205783.461 876056.8993 1380308.77 1037866.044 1053599.259 1024561.013 1137015.9 1227610.669 1102816.343 1422969.6 1430232.356 1295572.034 1189267.436 966228.9471 1641796.077 1208759.31 1384215.6 1224659.86 1199319.736 1206484.105 1008368.136 1491357.801 838556.3618 799200.1418 1222483.738 1289462.852 1002173.101 719642.5758 793991.8355 1067754.63 1058102.597 1178676.765 978108.0341 1199518.322 1422612.001 1215076.799 859770.3552 978296.8606 1017116.553 1311148.118 943378.5482 1346305.731 827672.7204 1212158.756 1227998.658 1545586.719 902570.6204 1299952.844 1000688.993 1335351.492 1287772.297 1231547.606 1034893.121 1585952.418 1289066.56 1128842.277 980905.0961 
906390.4262 1431497.779 997122.3229 1081532.866 1243897.134 1296190.305 1478428.662 1115682.342 1139982.698 1095367.474 1069586.203 1040324.531 1152885.425 1228858.838 960875.4156 1285900.211 1203713.37 937853.029 1655474.207 1198076.276 1293251.68 1102250.51 1218106.111 1276319.534 1114624.89 1492834.594 938999.0365 1009176.804 1259328.633 1213026.235 1485194.763 914679.0876 1043159.118 1211006.644 1311394.61 1278683.34 1034043.8 747775.3369 1241310.8 1398862.985 1757094.168 1894734.626 923902.3746 1396279.302 1134415.908 961031.8735 1376075.904 1296489.63 1322315.347 1066484.681 1483602.433 1168683.362 994165.2861 1243263.864 1333927.205 950091.3256 1164305.803 1008182.391 1481277.338 1310226.703 
1022727.208 1171967.774 1070970.12 825943.5966 1390861.492 964280.2733 1708707.854 1126010.611 1271263.375 1334006.406 1284786.583 1297196.587 1323508.623 863557.8837 1000160.124 1298607.224 1215710.351 1020703.381 1171691.789 1068370.342 1207282.642 1184399.363 1035610.016 1400500.608 1029129.913 1208803.61 1175505.441 1189153.145 1124952.405 1628285.63 1231044.253 1539066.195 1364041.49 1303604.304 1445783.709 1516589.473 1198946.528 982574.3834 1437724.026 719756.217 1171723.829 1327225.383 963614.5379 1137043.626 1094125.969 1333467.067 1170694.239 709706.0494 1321548.839 1399881.689 1080554.456 1433630.402 1395186.178 1334498.101 1277304.856 1077419.209 1240044.422 1042907.064 969284.5206 1178758.41 
1168568.366 1162081.673 1063781.098 1344998.131 1148424.29 922239.4341 1362728.912 1030537.857 1274892.832 1096722.286 1002358.392 1149758.282 805472.2434 923969.0606 795357.632 1754865.98 1310896.645 1174989.294 651863.843 928664.7771 1123862.664 1334250.926 1346684.969 1063484.073 1289031.323 1093602.037 1222834.963 1566054.432 971216.7225 894184.8247 1339571.73 1420156.102 1198629.376 1374816.239 1515496.7 1471246.672 1558724.249 1259012.972 1361269.817 1384621.545 1257305.585 1325227.149 1169879.092 1154858.449 1271217.523 1198537.184 1056664.697 1081302.11 1235797.102 1037706.414 1777072.598 1616185.003 936522.8462 942355.4073 979351.9713 937768.2594 1304645.581 1099062.659 1207397.307 1118628.296 
942967.1403 960916.2062 1147809.492 1433336.43 1253164.497 823851.5109 1379896.318 1340579.822 1769337.832 1151732.39 1162534.083 1315496.715 1532745.185 854558.614 1574766.266 1215941.04 1202613.981 1271711.285 740374.5315 1218628.282 1471163.635 1109138.193 1394153.597 916976.528 1237210.257 1435738.164 1011534.153 1191351.18 1078408.279 965986.7203 1687272.465 1346806.615 1455020.726 822180.4527 974778.0456 1318417.346 831080.0182 1641996.925 1353380.781 1239333.888 1339600.523 1012668.43 1424589.424 858474.5604 1396159.819 1080505.524 1456857.634 1330369.666 1055374.705 1171623.34 1052058.57 990631.4527 1416032.565 980140.2655 865557.6216 1223795.053 1282819.172 1265178.048 1187008.589 1573395.237 
851796.1077 1045851.153 610500.1896 1171083.122 1376793.512 1538638.971 1589277.478 1212915.57 1176324.461 1758519.78 919544.5811 1318357.138 969518.8552 1177763.327 1077510.673 1530724.826 1267429.627 1115397.579 1676433.807 1046898.834 1242217.651 1112789.136 1463174.602 940788.2351 928793.1117 1378879.771 999925.0261 1451180.522 1243091.882 1233160.035 1290166.714 1329549.37 1431896.729 1417265.268 1084810.655 1330409.998 1229721.982 1106864.329 1033675.014 1472185.912 991224.1162 1231306.67 1073916.473 1249954.712 1062095.571 1598910.415 980383.7386 1614320.174 972761.5727 1125996.171 1030663.817 1219658.907 1200617.229 1180430.828 1370068.92 1214341.872 1052357.27 1083672.922 1077516.615 1727384.892 
1127473.192 1205673.817 1364536.263 1700632.104 1136635.237 1440699.629 854855.2979 1280569.579 1161305.663 1307088.639 1030892.742 1340352.815 1002629.243 1340645.484 1505897.411 1333445.197 1253106.158 1030544.836 1008630.748 1163948.93 1449651.675 1191243.629 1466850.263 857643.5851 1613037.428 943851.3711 1469425.137 1238074.061 1532767.234 1230451.286 1356010.103 1460786.522 1049547.562 1529355.452 1213456.06 860478.6579 761018.4727 1099424.665 1106963.941 1616401.595 929125.3495 1196152.735 1569372.56 1336561.127 1286815.308 1036648.125 1351412.66 1071050.319 979338.5687 1303340.187 1179651.115 1104967.997 1134750.985 1622205.141 1300125.304 1481765.029 927574.0962 845526.3871 975714.0013 1247715.128 
1238858.286 1011491.911 1596489.854 1177372.901 1026100.753 1156015.518 1254244.549 988702.7994 1134953.056 1101725.706 1090877.993 1303786.44 1659692.282 1313559.089 1199849.237 1173432.497 1461065.07 1479160.759 1293905.381 1055810.404 1333006.303 1152945.655 1289373.68 1013508.699 949626.631 1280863.104 1269785.775 1436193.394 1035973.943 990807.2535 731531.8405 1081694.714 1248904.436 1122489.087 1507733.298 1055648.324 927718.1348 1315025.189 914247.9339 1292263.41 1045178.592 1393017.156 1777541.506 1271867.467 1603796.626 1104166.619 1300449.951 1383930.873 1209863.846 907674.4694 1343081.438 1193206.752 896003.3984 953944.8723 1076060.896 1046304.974 1541949.112 1001199.017 903220.4637 1879327.518 
1390340.47 1137943.023 1459506.727 1339158.33 1239420.954 1270067.43 1255596.167 1098891.071 1299285.317 995479.2833 1482347.912 881674.8639 1307768.26 1261261.333 868654.2472 861142.1533 962718.9138 1393655.034 1357081.318 1367359.07 687771.5352 1147387.117 1068101.049 1053023.839 785978.1662 1171803.392 1076883.588 1753664.514 1369943.109 1256822.842 1189149.077 1131285.453 1212980.318 1471934.326 1068705.922 1164663.255 1245987.022 1050163.595 1245844.284 1084133.945 923011.3056 1364677.94 1258506.11 1113403.442 859240.2842 1080653.302 1336636.63 1291535.995 1182623.036 880318.6007 833456.5021 1427553.758 1255378.654 1068071.044 969037.171 1271176.821 1023238.348 1166308.834 1025383.297 993721.4409 
1086498.288 1038827.487 1466543.991 1282888.734 1174218.582 1357565.204 1477620.945 1415703.009 1082306.92 1337248.788 836427.5235 1587833.331 1332291.879 961122.518 1421767.869 1056718.281 1044650.646 1017304.725 1003361.302 1361827.434 1295144.97 1180083.574 998849.16 797000.0235 1260370.654 1081752.863 1231123.212 675866.774 1252705.524 1181967.224 1072373.597 1208603.675 1092297.383 963745.2141 766560.7321 1108367.208 1063821.337 1277601.828 1342826.332 1051659.465 1167972.442 1499662.001 1426735.972 1123804.658 1150540.813 1545698.473 1051792.781 1318760.444 1207174.424 1286416.38 1046077.782 1104345.756 1725944.195 1414798.841 934414.4394 1356006.696 1403672.635 1293784.44 1289655.541 930661.2996 
1200077.785 1219338.828 1410562.07 1608116.545 932469.5036 1209018.258 738737.2291 1373860.864 1702765.076 1028914.565 1287229.902 1290265.499 1273497.394 1449262.328 1114329.927 955559.6508 1243482.404 1518983.891 1510325.558 1465228.829 971902.7235 1237075.471 1119159.019 907259.275 1106762.65 1313073.778 1129704.375 790953.3378 1356095.018 1247277.102 1245569.9 1638627.334 1423638.152 1109880.675 807980.3771 1014494.807 1350691.409 1390164.1 1363197.606 1167821.352 1265541.882 1437280.901 1457560.65 1280010.85 1376971.787 1249898.463 1235369.786 1161590.12 1190582.207 1366545.418 747361.1269 1306582.22 973461.2947 1247850.715 1452461.317 1342099.173 1084746.697 1276332.693 1133924.537 1324566.676 
1102617.253 1590783.967 1374619.572 1160965.983 1163145.054 1259318.423 1089605.695 918833.8657 1066784.409 899900.2258 1155532.483 1028832.492 1174261.064 1285146.593 962144.6074 1622769.138 1240066.99 1540153.258 1459563.166 1331752.435 1474754.004 841201.4501 1044980.706 815019.4734 1364825.239 1300632.294 1304612.094 1637555.036 903853.2932 1107340.414 1273259.043 1467745.113 1492645.123 1325266.351 903470.794 868344.1175 1254045.201 1332942.619 1526426.313 852480.6981 1358065.274 1450122.745 1225800.622 1543861.485 1456195.505 1185729.219 1452534.993 815770.1843 857018.8764 1214650.414 911059.8656 1063354.142 1253038.005 1137440.044 1225905.48 1104059.996 891898.8338 1560938.547 1092775.275 897165.8399 
1125852.222 1289297.301 1176456.153 1437075.228 1055153.291 812834.0085 1324573.561 1115269.061 1354990.075 1976827.657 1307515.797 1372188.042 995998.8703 1198649.902 1694028.428 1036900.036 1356888.537 1295455.644 1006679.05 1290631.114 1767794.471 1427835.569 1183466.512 892100.3825 1242716.367 1403980.327 1243885.236 1223579.712 1185059.109 1339372.815 1358757.116 1115407.984 1150247.606 1363204.668 889501.6047 1364936.94 1234333.027 894634.774 803051.6774 1429201.539 1418636.952 1214110.946 1067178.391 1634505.408 1354892.509 1064682.852 1280321.934 1022808.283 1143644.979 658157.6909 1219877.569 829155.2713 1072410.822 1018526.588 1364710.258 1374300.455 1080460.229 965972.4352 970500.2111 1378010.847 
1356715.125 1269286.233 1018763.685 1073499.813 1160931.822 1161723.253 1248631.372 972654.4245 1324992.452 1165802.453 1631183.823 1157236.435 1318970.176 1150291.29 1454112.82 1136829.781 810717.2878 1622398.422 1295896.439 1208163.335 1552554.069 1106639.183 1415939.583 1506214.144 1371183.245 1373012.937 1241604.938 1162338.894 800861.978 1056398.182 1319992.045 1059830.214 1039555.319 1171651.456 1525813.875 1340383.094 1143407.642 733372.2186 1090727.396 1328976.236 1286513.611 1420882.578 1193247.156 1284990.651 1296826.761 916442.4777 1199315.277 1697336.891 1482564.778 1215964.807 1216558.653 898272.5146 1354030.896 1292433.858 1584804.245 1315173.738 1347200.295 1334721.011 902134.2039 1296400.406 
946741.5788 957857.72 1049505.283 812339.9792 811898.3374 1496356.359 1491778.047 1176883.022 1435168.437 943770.2125 1116293.409 1195626.348 1149012.709 1204897.76 1017343.665 1360342.396 1024327.917 1433418.646 1219631.787 1170541.327 1083116.49 1144002.163 1482488.308 1177068.698 1389249.763 1348834.624 962320.5593 1135965.974 1456182.068 1402948.449 1077031.259 1349255.317 1301918.227 1196362.35 1181040.923 1755853.216 829388.8554 1396587.857 941057.0161 1248597.229 1528533.949 958201.9145 1249831.288 1094425.15 1460327.286 1158868.417 1621754.999 1304737.077 1296286.2 1354040.188 1464345.967 816304.2311 1242300.112 854173.2654 1351580.121 982239.7833 1123283.685 1102554.456 1215348.63 1345822.043 
1557892.899 1234549.823 859289.0259 1166741.2 1253182.431 1149820.564 1084338.293 1491540.938 1038924.902 1306942.335 839710.9784 1121040.643 1314347.983 841183.3218 1029712.379 1212718.054 1082619.96 1701629.804 516146.4662 943997.0512 1537498.117 1311578.429 1936688.897 1055143.861 1212209.234 1247796.993 1113616.635 1092334.894 1094187.534 1638046.963 1093843.453 1556293.457 1209400.951 1068744.714 1267038.417 1072640.847 1639003.718 1364514.97 1134556.047 1173235.27 900257.9083 1164369.396 1130604.585 979115.3731 1385314.179 1280330.198 1395348.459 1294623.667 1403282.722 1493615.879 1017418.954 1330941.896 1120242.826 1200924.551 1349145.536 1507931.238 1059846.098 1255611.684 1322598.089 1418776.915 
# Errors [PSDGuideExit/psdguide.dat] I_err:
204642.7061 275958.2149 216929.6964 181951.9882 250181.1699 244828.8961 229588.6462 264877.9554 236958.6306 224177.0279 189562.8349 216949.3879 205464.4081 219874.7838 243865.3288 243753.2665 202507.6047 263513.8729 241350.875 270538.3018 213674.0426 208054.7615 246693.8552 213723.3168 229525.5141 231453.9154 235560.0683 213129.792 240374.0427 260905.8669 181100.173 221121.0917 246824.7073 255362.1901 242581.4504 216717.9439 239712.1199 235669.7982 230819.3323 270232.9421 236735.3979 260049.7243 255715.9926 258759.6969 246032.7825 203946.4921 273916.2633 225029.6133 217869.1868 254324.0326 203012.422 200181.5024 235551.0542 240129.6623 229492.7166 215414.2552 231981.8128 205545.9192 287619.2612 260239.7595 
202570.4273 241259.3194 277331.1389 227236.5336 196192.8377 214304.7492 201207.6717 240231.9652 176070.2274 185303.8092 220114.9459 221819.9732 261138.9944 253901.8706 273224.9646 241992.5977 258403.4491 208185.2043 232011.781 232243.7618 218756.9799 257516.016 247221.5867 216428.5874 274452.4335 247658.817 261754.9055 217319.6074 247327.4316 205307.6404 223665.7487 241264.8947 219975.6041 263698.8041 256986.158 294053.4992 204883.2756 202991.042 239301.3112 209868.003 300496.7056 205015.0952 215604.5913 254163.1472 261153.1164 274920.5868 211278.8076 232007.7782 226144.7301 213764.2058 233832.505 245420.2897 245462.3106 245425.3215 251618.9049 271392.151 263663.2464 204606.5737 236863.5201 216332.4367 
232690.6448 250562.565 166420.8266 256217.2096 232308.2956 277311.2469 221173.1759 214526.4333 222598.8661 214525.6554 212479.7191 186557.8534 204903.5244 231034.8641 189719.1822 269524.2477 192038.0291 225819.6889 270606.9897 237701.5905 233231.1655 223923.0322 228607.2121 239650.6381 233021.2306 216039.6539 207947.2271 192714.3119 215649.7756 193975.4462 248382.3658 163987.3175 230889.503 284064.387 240925.4131 251416.5459 230949.4203 173991.6879 222544.8528 188040.7661 258211.9679 235311.8546 258445.2706 236351.6018 252009.66 239719.1824 248205.6428 261425.573 208051.1582 182013.2212 194467.1534 197923.3218 221899.4998 197232.9756 206573.4404 244840.7829 276828.5346 221367.5299 279851.2246 249182.7742 
209955.3888 221681.2289 215490.7865 234135.7525 194851.0634 239974.7405 229641.9673 194253.3223 226859.3888 224635.9953 226725.1886 235387.6538 223586.8254 211409.0421 261057.1638 209367.9005 240061.2379 232441.3613 239984.4619 195455.5525 249245.8781 222143.2341 232869.8633 207376.3759 227257.5364 222468.026 242744.1732 209742.8285 195755.5736 213315.8549 257514.0224 184445.5202 247226.9236 240911.7633 196210.2153 176493.9899 223231.5139 272687.1986 278986.1749 223202.2178 238845.8236 230663.4453 234753.9373 257176.8083 217678.0715 182039.6217 228671.2195 231997.6339 211689.5407 175096.9368 207345.247 177775.1495 220156.2355 213153.6921 178187.1194 280906.798 240287.9018 199194.0355 230682.0955 173695.2682 
228681.5953 229833.4775 239829.7523 256224.896 226812.7582 201896.7614 260557.5498 240518.5719 214806.5362 184458.2285 230119.8669 249945.9836 256353.8056 226151.5276 258344.5759 230199.8812 198225.358 235541.8861 208960.0695 216699.632 190806.6762 239990.9553 232702.9887 201787.8384 271504.8665 206965.0253 287806.007 220911.3515 229771.3381 237650.2517 279945.1985 233225.7557 228432.1726 279509.8006 219525.9129 173927.4526 254353.98 206322.5084 218294.3206 215123.2194 232834.0485 252651.0173 215463.2592 261374.5613 244370.2979 227823.8319 218028.6962 207945.0329 227544.4257 211060.848 261257.2764 221619.764 238325.0709 254469.1095 243290.2592 167240.4273 215971.263 272847.1428 201497.8591 250818.8587 
257143.7883 208960.946 251313.9151 230522.0796 195354.4707 241967.9385 234200.612 207953.4974 225727.7475 226317.5711 225003.5081 178900.1711 204069.4612 254956.3301 203672.0965 217418.1093 196683.2451 220959.4115 242836.5327 221511.2585 251140.2693 210764.8191 263810.1408 224683.3147 232308.6964 245546.0837 229906.0473 216917.4265 238043.4963 249192.4981 273977.4802 264735.8512 205746.4283 263483.0179 234450.7078 215241.5045 233904.9617 235494.2947 208713.7829 238637.179 245709.2102 252003.9361 234234.4947 233869.3555 193635.0565 222035.6871 285849.1399 222048.0697 253712.1749 224437.7936 226636.588 172155.6541 266351.4523 227002.7936 240886.6285 218081.38 256906.072 219475.6675 215078.4133 254185.1668 
209246.7753 239672.7665 240101.6357 256742.4885 224094.1296 190802.9975 220499.8641 235305.7395 235459.3652 185640.6523 212239.6891 241494.1206 218978.5762 210944.6757 208268.9313 224467.8626 248668.9144 208075.2156 250108.5474 201758.1868 189491.1997 242276.2146 242554.563 213653.6759 258380.3584 206198.0166 276795.5905 229623.5126 202803.4827 218173.8991 247875.2401 216081.9002 213375.9921 243711.799 206511.4672 225887.4115 244842.5099 268476.9766 216737.8193 225790.5118 226164.5425 210942.0556 253381.9647 195172.1172 235276.2037 223897.1792 209444.905 233283.562 224151.6622 221048.486 270574.1516 226540.3135 202573.3489 243021.1104 231386.7556 239656.0419 240662.8009 199841.0142 237855.6625 232897.8155 
195680.4812 234352.3261 249606.5903 228641.265 229300.9153 204753.0844 242268.04 228764.2447 240821.3044 184958.957 233167.6006 238137.514 276617.7323 200575.7061 265221.299 229682.5778 223387.8988 215394.4272 149706.0952 245912.1149 252008.4886 238001.0631 267941.7393 224380.3774 191250.8508 200250.1932 180628.5339 233398.8429 227119.0203 218503.7168 216155.6721 233700.1379 270055.5303 251428.479 235791.2966 184326.6496 218117.8102 230933.67 269844.2272 248151.0886 180961.0176 205635.025 192885.8204 240173.17 219089.4045 270028.8311 169321.5173 232390.7599 169895.7138 210509.7108 236679.6538 189380.7921 260648.8953 238233.315 221792.7239 200041.7182 221992.5048 281577.7923 200418.4302 225290.1749 
221088.9546 225349.1445 254303.0321 232538.0065 237845.1752 223942.7904 216654.3389 241604.7719 217417.1712 212005.2389 194753.1312 237549.1947 224720.5986 238603.2241 216083.6729 259376.1777 254918.7059 239411.1601 258449.9296 263736.5453 241235.9454 227449.6278 221990.3075 203281.8556 161534.7562 199231.9872 245820.9564 235752.8555 213853.2544 246755.5468 219225.4167 235986.9533 212504.0253 183100.6978 235970.2361 270716.1755 181422.4494 262354.7156 205827.475 209085.3619 240068.8988 259780.0365 215922.4036 218613.7655 243564.0131 249680.8927 268705.0169 224682.4654 238288.2705 244460.1025 226821.961 218981.3055 166843.2779 262336.9167 223907.4582 240645.2341 225288.957 257058.5787 216885.2926 216213.5761 
189303.9825 243245.7014 225316.6915 184214.6646 239428.3434 204890.9132 213941.0149 186695.6902 185427.093 251307.4366 240834.5347 208872.8455 210301.1532 245915.9907 214414.6061 243194.2776 235818.5687 262859.9552 194189.881 206732.0287 241685.5018 253934.0702 246265.8582 224975.029 242444.2866 242391.9197 210209.3101 273380.5859 258356.8723 183858.9047 212975.0222 199793.726 247118.2577 242803.3186 200094.1437 222328.4413 217752.4799 229150.7586 248215.9456 249329.0282 253528.9154 262504.5477 273297.8211 270341.4234 241455.7566 233142.4244 188077.3757 291160.4448 207396.3136 239662.882 225406.1452 245736.7817 204077.0041 262039.6197 200210.4764 235202.508 218688.7324 201779.4274 199654.433 220678.3049 
197102.6009 200108.0823 201758.4772 222695.3229 220672.1436 266690.0295 237004.8699 223517.227 259290.4359 244761.9657 228197.0806 202831.0872 198933.8107 249131.1954 217717.9712 245283.5711 197206.3251 179543.474 220020.6421 235349.4242 269557.3375 220527.4065 231984.8217 248847.0557 193061.0892 207646.7541 221968.3739 243411.2224 163740.0953 227803.7781 210642.3633 198471.1072 276417.0456 230975.9186 269799.3879 249895.7122 221353.2097 234667.9536 193384.2325 209114.6364 215477.5943 235364.1896 283361.5788 215938.547 191489.048 258701.6843 227453.8253 233103.813 263366.8127 204422.0136 217983.0816 220201.3323 245665.4469 220622.5589 242687.1618 213704.325 273479.8919 221070.671 255837.3285 242618.6188 
238066.1079 180231.4286 208793.3263 243759.8438 207063.6525 242337.49 232402.1743 205362.3766 208508.8748 271389.7785 230975.8339 259690.6842 238401.6115 233056.3897 220235.249 239361.5411 261184.015 256407.1104 236816.8561 223444.0683 257917.7735 215844.1452 217775.5995 267253.0492 210962.3708 197255.857 244930.2963 270142.2864 293579.0996 251807.6019 225301.9933 201192.8151 217593.0952 252619.8104 234360.9185 172677.3284 241463.6275 224318.5579 215051.3887 203398.3331 182427.305 243949.7856 266831.3532 267902.5192 234490.7982 293730.9314 225180.0661 192146.9611 210932.3812 276169.1297 259953.539 239941.5152 252250.4816 243507.3308 232687.6183 248059.8403 243114.9097 215472.956 222928.6498 242063.6261 
202361.9001 251687.9607 205787.804 237588.701 241400.3416 271857.0544 230641.6045 243841.8461 226434.1401 228601.4724 241432.0591 228864.4889 242990.2569 224490.7169 270125.6892 190136.8771 206024.2239 265215.3423 261576.2565 229928.5239 283324.5322 221974.8348 211569.9319 224869.6246 206473.4643 225810.2611 243161.7713 192906.927 195346.2191 242626.0071 195067.0756 260578.0282 200980.9462 239424.6244 247157.9314 284251.4265 243723.8597 197743.726 242336.2985 209895.3818 211568.7133 254889.7545 251741.8485 203526.1091 224110.9873 280951.6299 154695.539 225054.9353 265416.6631 270706.0131 244079.1845 225456.2575 237129.8848 209667.8876 229174.8893 250392.3543 218052.6115 236748.2236 247281.4322 238243.4782 
218010.3746 207196.1125 230014.5451 221989.8513 252698.7327 197029.2978 231986.4734 205855.8295 207257.424 239014.6644 241392.6473 216641.6422 203031.4384 217956.6357 230798.0739 237099.0326 179605.4914 215931.6811 202268.8802 195647.6492 175003.2792 164128.1001 210555.3773 251109.5464 233406.3915 202464.2007 223429.7975 195658.5634 257108.9818 234816.5119 220343.9819 200478.9786 219559.9607 175949.066 210541.7312 230545.7619 211581.138 241952.6094 223769.3453 266854.1231 231588.9503 210307.861 218569.1039 246051.5055 213811.7464 265709.5856 226860.3072 222832.138 177465.184 239455.9533 264312.3213 189529.8248 222863.6734 196775.1244 198613.3237 203471.9317 205292.3901 207771.0159 212333.4999 253742.2648 
239589.858 208870.8446 234374.0435 201805.3649 197426.6458 225311.4809 239467.9497 213717.862 272255.6404 210728.4231 217381.4351 249305.1232 220936.887 223330.8126 207219.5574 252743.9197 235253.9096 166151.2787 235797.3176 186194.1638 239867.5782 180749.9892 213652.3718 215237.8681 212351.1777 268324.9854 279921.0434 220118.9547 275050.2654 246683.3313 230743.5721 199758.7269 282372.9679 233323.0401 192879.9503 248174.613 225586.2332 200030.0003 204781.9568 258169.4071 239346.7926 207167.6033 231199.9431 244997.5891 239210.5147 219387.1443 239373.5039 191902.8832 206417.912 248711.2506 256244.5709 231145.0733 191249.9156 212502.3564 239283.9436 238279.1759 171917.0262 226531.1178 229764.0136 227569.48 
231093.849 240928.4428 249413.0185 220359.0569 246605.6539 228004.6553 259006.2538 239853.2552 212465.0149 249336.8081 234958.232 213710.0835 253766.0698 229757.2838 267287.027 230685.2829 234367.0487 243116.2728 221699.7111 221969.3194 202888.0489 241913.3761 226261.9206 265416.0205 233664.7833 218491.4193 200043.6197 231003.4395 152013.3211 247747.254 225592.0721 214253.3313 251001.2464 222444.0806 203633.2936 247369.6322 234461.5729 257662.6361 219532.6799 213865.4693 216244.0992 197724.4582 211712.675 245623.1491 210969.3258 234280.6859 217530.2809 243028.4568 195869.4771 196818.8768 218216.4232 259922.5204 204202.4418 237469.6717 198114.9097 269714.5592 208138.0176 168975.9983 223739.5388 199993.8967 
210009.0717 203788.1123 184936.9478 214316.813 245848.9301 232742.1216 221107.0263 244951.1579 210000.6742 194761.0158 150961.9371 220752.6696 229691.839 275038.645 195645.6095 214414.2902 244320.9737 248210.8718 257616.5366 241400.4425 220880.009 246203.6649 302938.5576 214643.7604 204801.2899 245440.2638 268444.8131 229437.7578 217760.9511 261658.5872 225113.1516 188364.606 176295.2016 246651.9322 239867.1921 242367.8333 251873.5892 212885.2123 210492.155 185178.7099 254155.7997 226039.8186 187290.5837 257754.6483 276055.7196 216389.6373 240491.4718 233422.6835 225498.9235 210739.7633 270732.4098 251582.9823 203075.6078 264454.0892 190386.4988 209930.1777 244304.4892 271547.9271 220146.9832 205533.2715 
204679.7551 246011.0288 259592.007 182332.2658 208102.9244 203658.0906 241495.0942 231889.7733 227376.8493 255352.3008 229004.4858 239107.932 254170.0205 227665.9351 230911.4456 185397.3554 229473.2671 220806.7086 223678.6179 232343.32 252662.0527 225125.1492 206168.5221 232849.901 255299.0452 236675.4025 187083.3559 200707.1303 217882.415 211762.7906 226228.4817 224537.5692 220989.9921 233562.2726 243279.5424 243999.7522 253725.0427 244665.7122 264956.3151 218510.1309 215288.8735 222495.8422 255576.8868 211605.9589 241194.7967 237710.8554 254568.1159 243597.9271 241849.7001 243835.7554 207707.5198 239900.3612 223369.0726 263032.7625 251375.3943 186527.8583 261935.7545 220392.4268 205960.6772 243065.1509 
239411.1532 234409.275 212708.7962 230698.6156 239487.1984 221281.0595 258757.2145 218936.3998 221807.3145 221727.1798 197684.4513 202675.2135 180255.3625 281761.8315 224898.4218 291022.4961 204574.7775 231825.1455 211612.39 169363.0946 253037.7246 277868.1539 214095.4027 208345.1934 247434.5667 216465.0401 231884.3528 240181.6266 249055.2107 220210.5908 283737.5511 262408.5503 269694.8159 260262.7379 211642.3645 242106.3348 237088.8507 264834.6121 236113.5222 182147.2671 210000.6835 245981.4831 260099.2775 213054.0858 263471.9153 205716.7582 189840.3016 205260.8703 226427.5346 259937.0597 227419.0593 197504.89 233572.0515 176058.0206 240576.1956 256251.5569 209128.8966 228025.9603 170978.4879 241671.6217 
236804.2235 250565.2747 243245.1832 229345.1566 232227.7363 230660.0301 211127.6354 204927.67 257751.5371 258017.1711 237354.1655 222960.2667 204393.5476 243576.9168 220015.1345 234149.8651 246088.0908 231644.8469 206140.006 217147.1057 194959.9284 255791.3635 237454.3279 231040.9136 243045.7977 206214.613 266570.221 213903.5861 221184.5391 240326.4035 212096.7259 230457.769 219199.2744 232847.0207 225118.1092 228861.7655 200187.9699 203118.2041 181167.5356 228458.7803 282120.2851 243237.2852 237504.089 210958.5249 255444.1074 223574.0456 193576.4202 224924.0252 243204.3261 221951.6464 262191.2873 232506.8808 227462.3897 196866.923 164559.8056 231312.6509 220370.0344 261307.2145 219193.8194 254639.8068 
206848.6485 216469.72 232832.6994 219121.1693 212525.6013 218349.2313 264722.3501 237659.5794 230149.7582 246974.1585 228107.8982 233535.8992 202412.071 210836.5224 237353.9672 240080.6146 205553.487 222841.0387 254013.8458 228370.8213 239484.3794 245325.9471 234152.1163 270883.1347 231320.3132 228547.7832 210637.9879 253672.5114 232730.3809 219972.804 215074.6745 234957.5069 234303.9437 221003.36 201267.8477 214910.4492 234119.3709 199020.6223 243390.8045 205443.9477 202909.7697 241653.3982 279333.0464 241985.7145 219296.3799 241301.0417 221461.6038 227604.419 227288.5664 206398.9652 235336.2914 275831.5563 257580.4163 232105.3493 227431.0554 192686.4814 213570.4875 213746.3789 204714.8063 190854.3767 
215273.1919 252055.968 229120.8301 211069.5103 223160.3555 158680.8072 231685.5529 205505.4178 209042.5041 224416.0249 248481.3867 244156.9243 206225.9408 262127.6729 257200.4346 253743.3366 229630.3878 235118.9315 247181.4197 224979.3051 203523.1703 210642.1664 240905.1961 226394.4829 231737.8241 209003.0091 247625.0919 226248.0309 272850.3628 218259.0982 156597.1278 231404.2427 221767.101 193848.7591 212235.5475 247612.1139 254245.3224 232293.9666 183637.5597 214933.7945 239887.829 245718.4269 243962.1226 204088.1355 231430.262 216470.7126 238080.2336 255323.8724 231626.0251 206344.8901 228585.6599 254502.1374 229204.9438 238861.7479 251786.1298 178317.2648 265064.047 205431.234 232239.7397 223383.5542 
233867.637 193459.5361 235151.9937 230838.515 243131.6452 266342.4673 225786.2809 224771.2413 242443.5183 257446.0795 183959.6705 233422.6407 229417.1229 186967.9433 233641.3871 235328.0171 207887.9483 217523.8092 203627.874 205992.1021 252368.9979 247203 232069.3884 185991.3822 203653.9868 236366.083 296431.443 229649.8418 245519.0278 202420.6821 204701.0707 263356.1584 257215.065 212141.6823 211382.9322 200923.0879 229177.6584 250071.8346 218057.1084 207919.8536 178667.9566 225172.3 205594.5082 226235.2374 216300.3864 244453.0275 235435.004 250423.0498 184444.8645 213189.1081 262603.6865 220990.2355 228029.1846 220383.4499 237158.531 190907.2377 231301.2213 233061.0915 253468.9439 231859.5271 
228830.5609 227551.5382 218675.9422 189052.1201 215155.6558 246966.9467 220501.2641 215752.8891 199522.6485 209375.6104 280636.4757 208159.2462 230076.2006 253119.8769 295605.6509 244611.7664 230208.849 211915.153 238341.4444 270771.8812 249891.3546 229559.9314 215765.2915 247624.9027 237928.4708 229032.2454 191435.9176 193541.6965 228736.3188 236231.2151 220423.7471 204222.4851 255273.3624 236640.8326 179598.3759 234407.096 239315.0216 240467.5881 229825.9552 235419.0233 224157.5993 184325.8531 251196.3084 223750.1763 228964.2323 235818.9467 213791.7799 247917.0623 208110.5573 253797.2313 204744.1157 229361.8985 244645.0839 249740.4362 270692.8934 194464.8141 186967.7621 255012.1961 264497.8814 243952.6186 
208456.097 225886.5067 239492.7503 246838.1126 250002.9631 208051.5857 243260.1421 220085.0991 268483.3921 217075.0163 214231.7595 217680.7224 263297.3502 238868.8412 183066.7828 227055.0919 192563.2447 278088.2192 263596.1897 243149.3951 210088.6469 236722.1069 246592.4152 221858.7052 203130.992 218202.7189 266203.8605 211466.4111 178723.672 233880.2444 212994.1702 233110.3257 203250.5779 245422.9194 227701.7053 177423.0395 272441.531 257513.1734 271193.4416 227392.2975 195461.976 181870.653 236312.7643 190190.8451 193620.2127 207979.3725 285642.0038 216871.6823 234265.7227 190098.2941 223243.1825 243402.3271 236195.982 246676.7057 226168.1896 223878.3666 260228.3612 196695.8071 208698.2319 220074.4061 
199776.1746 219129.7246 232632.1844 199647.9822 250924.204 232359.9584 224779.9675 247621.0064 265443.4834 257878.6459 218737.5665 257064.2467 202057.8264 198652.7953 232691.1165 239186.8225 197230.9043 209313.7518 231798.4233 266482.6969 215573.1789 224185.4795 239551.4532 244696.493 229818.5581 276007.2872 220855.9847 213078.8433 266688.0395 244221.3587 239469.0037 195366.5706 237173.9609 227734.2786 240148.3507 202219.3602 247105.5727 266756.1432 182269.74 253078.3738 209476.9324 249073.6109 270177.1216 249897.7717 233321.261 240737.5737 242331.17 269325.1392 214424.419 213487.9925 234617.8881 227206.6578 192976.5217 210319.8659 215845.0755 198908.6276 264047.5251 228422.8153 251379.0546 200175.4935 
226315.7478 209756.1461 252589.5537 209893.5877 219276.7438 238113.3974 220494.7001 230848.0681 238314.9197 229883.5942 232810.9712 193906.5232 253126.8567 247167.1638 244214.5702 207504.6633 195193.8578 226683.9053 186047.662 220046.9273 199655.084 178723.5007 226667.2108 234090.1536 237409.3643 213382.8517 273389.0304 227733.8887 254574.5528 217056.4123 227762.6529 258026.9656 248042.0482 207179.6114 215791.6676 247224.6702 194930.4655 204382.8164 214013.9766 217554.5703 236323.1714 228719.692 248866.6144 234186.5254 196529.8393 213681.6221 189718.3043 255380.0351 222463.442 218607.6438 240147.9229 259435.0185 240021.4296 177839.7772 251623.6831 186072.9335 256273.7677 241573.0191 221091.7019 243083.6391 
239629.3913 210181.5541 223286.0018 224346.5878 219482.4985 239533.4151 231568.2933 251251.4704 218750.3612 198078.4921 189031.8571 201581.6223 208075.2373 214130.9568 240709.1899 242265.7059 244652.8431 197591.2127 251480.1361 225355.4198 226630.2547 257119.0241 248978.0539 183973.8231 258469.222 246404.0116 231924.604 237137.766 222040.4227 215652.1428 211863.5613 258218.0884 238437.3109 216197.6482 233182.0078 243016.154 245223.0957 198445.4831 205748.7354 242846.9564 270317.6057 209915.65 258313.4375 226097.7677 224673.1899 233603.4376 188802.5642 208188.0052 251033.328 228030.5501 265546.289 279328.3718 228505.301 176406.8585 216884.602 213075.6026 214655.415 226287.5023 259437.517 221713.198 
239922.747 255734.6624 278843.3287 232209.065 148252.1114 224890.0272 194578.7299 226522.5143 207359.2216 228150.6665 260695.9917 206044.0028 210795.2452 251574.662 205597.6696 178373.6183 227146.2413 168683.3997 202428.2073 214361.2589 206744.1489 241590.4042 272831.4803 236225.4374 201228.0607 205008.7258 207199.558 191059.4679 210614.1659 189045.6667 201506.5973 218939.9628 253756.8491 242044.1325 228852.8328 217976.1354 241272.2544 234851.8973 251206.9578 202402.0833 235529.318 203483.2543 291150.4977 223978.5654 233533.338 247548.6256 258458.0046 168074.2055 180397.3257 268337.1719 223444.2817 218449.0332 226169.6135 250827.0731 232866.9589 177980.1671 245819.2155 194224.576 167330.0404 190976.4196 
242620.7132 250053.4799 249116.2575 212297.2453 163078.3903 184843.8087 225221.6623 206118.1784 217049.1925 251385.1399 228085.1587 267747.6207 243184.8245 241876.863 217004.8337 245651.7616 151039.0173 248180.8508 211370.5634 237217.7161 276402.013 270241.4809 196238.6625 240501.4727 212199.2097 235076.9334 266093.7936 210029.0953 229398.4089 265695.5853 227609.0394 234175.9458 210162.6377 241454.5891 231944.8216 264747.104 243335.7945 245363.3323 201386.6683 212354.3689 287983.2061 264819.5729 199879.9925 269635.8183 236796.6587 242963.1277 221092.371 237095.5988 223267.8254 233708.1486 217079.9915 295317.7266 226067.8014 222779.4809 203075.7457 231414.0302 204848.8339 192603.9219 252360.6157 247529.5539 
241236.7481 223931.1373 218542.9318 190508.5004 253566.6414 216594.6479 259349.2653 185943.4697 207282.9118 226710.558 232718.8283 224025.8294 237609.3372 203204.0656 213482.0899 260785.9177 237279.2942 217382.8293 247449.3927 271871.0012 238236.1175 225489.7702 193739.1546 231054.7672 227838.3445 206819.6096 210765.7999 211481.7182 181349.7212 234386.6817 201680.5871 206928.6111 232932.7959 265329.0279 216108.8085 198574.3661 231499.8757 213809.0165 259625.6186 252716.5053 232278.4083 228627.0798 244255.8877 275063.5801 231407.7773 239256.9199 207657.3229 267493.3799 281554.5058 222238.7994 217476.9734 233890.2154 224245.2457 169558.6461 226248.1325 196985.3244 251532.5135 235567.6619 249506.9692 195477.2826 
166796.9143 208554.1209 205296.909 239452.004 211086.6468 263679.0174 227816.5969 282627.8352 259895.8861 220496.5972 191758.9377 274856.3954 212876.6569 275859.4059 249966.2436 243109.521 233349.9247 255531.3502 241853.6046 231477.1059 238065.3422 217019.2981 248104.3597 236201.9218 233598.9737 208737.6774 245119.3851 211905.0847 249973.9493 192186.5774 233356.6829 224441.1825 211991.6855 221130.052 210378.3504 249997.9772 211873.8672 230602.3827 236328.0961 224223.0534 236251.8562 175260.2169 176515.1574 183125.2034 191984.0987 228990.4227 188959.7899 247503.821 227421.155 245412.0643 195350.5994 235168.477 222377.9861 222270.4705 253292.4826 205991.998 202943.4726 201598.7747 237943.0476 235623.8601 
233568.7697 240144.3658 217800.3942 230945.9308 234270.3745 234498.7511 244822.7852 216900.0356 224752.8886 221565.2654 225332.4231 221681.3568 271390.1427 214822.2434 261137.1413 243900.133 238708.2 219977.7709 227356.4972 197016.8187 228100.1977 190021.4451 233344.6118 191000.0368 182123.1088 214143.7515 241132.4672 288568.5413 274758.8323 207284.7073 234435.7301 224032.686 243924.5557 243917.7374 258189.8273 233189.9613 257838.9965 204693.4003 224179.235 220984.8948 192618.202 232019.2607 194610.5244 232594.3463 236381.7539 302221.9437 236078.8331 252502.632 208200.6281 239094.2191 235676.6597 240113.8297 183522.7806 190962.4157 208809.6791 271833.949 210844.8175 185478.7329 215917.3431 226256.516 
237294.9823 235861.8233 175549.1048 248997.0683 240919.3787 212863.6895 209277.1754 245658.4697 195626.3345 226304.1644 206721.121 208606.3683 258619.258 249099.2241 259627.6987 228268.4561 229394.7725 263206.4571 242984.8615 270202.6216 229215.8067 216550.7898 213484.7455 202270.9358 238664.31 241550.5132 199856.7938 216835.6788 236848.5839 233216.7303 198323.4719 212272.9093 220878.4205 205229.169 206976.0464 205187.5081 239916.5484 241518.0383 230373.8148 224382.7527 216658.0789 219862.1623 273071.8766 236163.1985 213286.4791 222692.9486 243049.902 199512.2203 227868.5773 226449.4525 252078.5097 182648.2227 230948.4851 203199.6246 242026.0289 226351.9553 218108.8546 231152.9758 212019.0061 203032.6447 
219529.4046 233758.4707 219259.5263 225238.0365 218438.0999 249758.6991 209175.0547 222558.3544 190347.2438 232527.4227 269644.6917 256085.6455 203144.5963 183936.9385 230581.3218 251892.1823 212871.1613 220307.9632 219467.3435 217702.8972 228963.1079 222807.8979 245355.1926 196196.1804 231604.2412 211504.939 207398.606 216524.2551 239624.0881 237697.7736 234259.3372 223657.5868 246602.1038 224449.2071 217524.0033 213301.888 274701.7465 223303.5033 183950.1946 215099.9136 225920.8811 220199.1704 238438.1723 262068.9293 276391.9045 203778.2934 245733.8257 242335.9266 245920.3259 240677.6003 211653.293 239279.1948 233264.1604 247215.3274 245462.8131 210268.4679 225779.0597 227767.4828 248946.3147 227607.66 
184452.7263 232082.0504 249853.4787 209961.4541 231898.6269 254772.6108 177493.3559 207619.7437 234146.1997 234878.2133 234494.8574 240048.9981 182921.4883 218494.2507 226744.4308 215057.4832 230390.2714 225589.0251 237894.7556 226416.9846 215081.9279 251269.7017 256881.7073 248974.7694 221534.8721 227319.4466 187338.5657 269689.1318 218115.4741 263441.212 246454.1183 248317.3744 264671.2064 241059.7015 266437.0455 259724.2023 253020.7209 223943.5657 239239.181 228413.9892 254041.5392 224873.5508 221033.4886 272627.8991 239755.4265 266423.3396 191458.8105 221414.7431 223281.0562 235970.1224 266843.7056 206829.405 200588.1636 262529.9862 223321.6343 228021.9225 174076.579 222146.163 250640.8487 206257.25 
256652.0926 204545.7874 177414.6811 245775.2064 263996.3284 227698.0171 222685.521 256811.19 189582.6362 230567.3993 171614.6717 209174.1537 204391.4952 223108.2999 223272.1768 232519.6974 229647.5548 226461.7715 197777.8554 221805.261 222213.799 239499.9671 242881.0357 238646.0859 227556.6609 238030.9951 224332.4001 220298.1698 202007.7432 187957.1179 253365.6025 196296.7203 237894.0794 253030.9692 229538.8828 217749.7163 181310.1114 240596.7502 221886.0324 217444.987 206748.4712 244425.8555 235605.6438 183393.0968 241651.1295 209041.1843 236398.4372 237108.9132 227313.6349 196644.1088 271082.9501 271457.5041 236837.8206 262758.0748 216381.2287 200601.2351 237514.9573 238960.5693 202209.7225 222547.6907 
210685.3291 216688.7008 226952.6863 230125.022 217708.8464 212359.3531 186734.7731 235421.7308 244732.8571 233224.2641 261683.4395 214617.3234 244631.5481 230969.1776 226811.6113 229647.1629 236250.9811 227883.3954 196899.0864 231481.5961 236852.6309 264190.1271 257391.6857 204994.4038 228519.7456 211884.3236 206745.3488 268288.6057 243599.8227 236226.5357 260466.0383 251443.626 203142.712 225711.3102 194958.9244 180419.7246 232692.4522 250026.8078 207598.7109 257937.5425 211700.4872 198208.3129 231648.216 242107.2711 252835.8549 211836.0694 226637.7648 205039.7426 263692.0758 210895.7848 261293.5615 176110.5822 255036.2747 186051.776 253903.8383 195886.5449 244164.2163 230471.4995 223598.6109 260969.5263 
246156.6628 230651.668 225392.2955 252646.9893 269072.8724 197578.9282 213508.2351 211897.1653 251334.4667 229883.4745 238173.7699 219411.0667 263637.775 205554.6665 262951.5248 244406.9093 199954.3688 247923.7217 201294.641 205998.9215 206926.5558 246166.5336 194083.7461 241321.7588 224157.0355 233197.1967 287692.9757 207483.4176 230795.7385 188015.2673 227225.1052 235779.2365 215416.1249 268248.0294 234547.4674 253078.4559 215497.9798 193468.244 252705.8391 222768.8243 202226.6128 238485.5871 292396.0412 280892.333 180747.7622 235182.3416 216129.6653 231390.2141 169536.6286 250023.3725 294571.2497 206360.919 199298.7143 203505.7192 216814.7189 221330.8678 248662.1576 176101.4865 187664.6608 251376.8425 
239065.2154 203259.1367 178465.8629 238984.1846 270783.7678 255485.3727 220657.0416 225832.0355 232870.3757 185378.0587 246689.9134 201754.9281 191545.9406 235977 254716.8485 223008.8705 219641.5399 209099.4067 251899.6079 169260.9858 235406.4435 247273.8385 191624.7781 244144.3304 216860.5712 226137.0067 191744.4426 209425.5624 283814.939 250284.9352 250994.7772 237688.4827 199134.9667 253777.0841 175765.6889 214366.888 241720.5835 236092.7279 228068.1416 264772.4267 199886.5446 247991.2938 226989.9345 248551.9714 281903.083 185896.6663 254216.9819 227548.2875 230544.4073 234111.9451 217302.8326 237005.2132 204689.5056 195986.9424 221665.2893 203930.6612 236311.62 236344.0268 214810.6569 226652.1378 
273602.7852 259434.6362 247847.2062 185922.0737 259990.6575 211932.2199 241785.4294 225073.8365 168288.3463 185838.6113 236479.1812 237504.3701 203474.2416 209318.281 253993.1403 207728.1239 262879.9963 289069.919 227637.1888 238994.1372 229017.0411 249198.2806 224399.6113 215349.6244 260984.8803 303873.0388 242788.6921 258171.1304 251807.1954 240289.0023 251693.7164 228916.1547 195360.2613 256604.6011 216578.9396 212825.0808 270101.0336 217752.154 234248.3052 233460.2555 224966.0569 208688.069 220316.1067 183374.6945 206149.4663 208781.3409 190682.4471 248853.6855 221366.2556 297720.4466 215073.0298 208642.0755 256220.2512 226627.4947 236740.8854 224477.9292 246707.0069 220636.9114 222367.0584 219954.7997 
220039.9255 246796.524 241530.3812 209350.9995 226169.3366 215990.3156 229839.463 261620.3874 224101.691 168530.5113 213561.7313 224016.2211 262208.0327 249950.318 205786.2596 221876.7171 281531.2875 220734.5843 244772.1098 242383.3351 235387.3565 197974.5355 226112.4406 253424.5145 252585.1271 192918.9249 225714.8254 253467.45 203556.7373 167390.1596 226538.6435 223854.345 218153.3591 264271.333 178247.1494 276585.0512 209793.3991 205987.5417 253437.3738 240312.568 212662.6717 223213.1904 283028.6321 219649.22 227081.6615 235573.4287 235032.3773 190426.1985 237110.2742 207765.8199 232808.3184 229134.8637 218099.7495 224786.9456 238776.0469 209764.9694 189937.4449 249639.3813 237488.868 240025.1485 
227201.165 214562.5243 236524.3292 213574.9447 225666.7224 233920.7827 239356.0715 238986.8005 208150.7948 264446.1097 195529.3189 246009.597 235313.7942 228706.6142 215472.8345 220977.4956 242799.117 250886.9847 239949.2021 252723.667 251089.0742 242273.8275 218023.5357 248031.0509 215954.0399 203723.4708 209008.4554 212377.8374 225581.1176 203394.0991 232381.2981 249088.7719 230473.7091 254586.9799 257793.349 203990.8464 193015.5403 226510.1073 240920.7358 230659.519 258853.566 245736.1784 207965.2368 223592.0565 244478.7887 245202.1633 256188.5502 231295.6749 265527.2091 228035.904 247004.7052 218909.7918 266430.178 244917.1777 225034.1552 203545.2611 199111.4238 238556.1548 166658.3064 275125.0235 
202203.5533 197585.8933 220374.0518 164748.8489 192353.8944 229533.0707 229683.0074 246684.2507 190896.2593 230121.1317 252727.0001 221637.3148 241028.191 214742.683 232800.1539 189415.3861 203777.1247 206323.0938 205994.5259 235281.1872 210772.4689 206816.7786 211884.0161 233589.4302 261940.3899 208704.0475 223497.5233 240114.6207 250947.4483 252053.6079 260520.4343 207232.2395 220145.9295 211656.925 206285.0437 242008.5304 246110.805 160955.4776 194597.2163 248614.5501 201375.0451 251170.0237 217597.1152 274373.5171 237451.7021 233669.9653 210505.3163 232395.6221 207763.2448 209630.8659 210890.893 205575.6508 198192.8621 196169.8934 219757.9392 232090.2911 231442.174 255866.3673 210914.2057 222186.1993 
228982.6344 241355.9029 243779.515 228782.8092 192604.9501 252500.9658 209652.6505 213215.7606 214884.3061 221426.607 222815.6617 212780.3243 253144.0059 257182.2494 236659.8521 228506.7297 206297.814 269580.2036 229205.6907 239200.859 234477.1526 209844.4434 234992.8393 208425.6961 251044.1459 179914.6413 187722.2212 223203.221 245176.6681 212477.2999 170670.4164 174156.1744 218920.4822 218444.8793 218324.7515 214760.161 228588.3794 260884.9691 232924.9797 188456.2445 208712.6115 217613.2381 232120.7272 185269.4275 232822.2725 178749.494 233270.6307 232440.8853 263698.2473 198127.4433 240879.1116 202421.1302 243208.0494 238747.0619 236414.1751 196484.0146 261106.4364 234637.542 225816.8134 211949.6853 
200046.6207 251165.3106 198578.163 217858.9789 231043.8701 231820.4604 263288.5258 227199.1684 219072.3458 231274.1841 218873.8674 210559.5911 225555.9671 231466.0986 211455.4597 236663.4046 232974.7102 199766.7751 270315.4468 236514.7373 236164.9752 221098.4724 235144.8547 229503.4962 222733.8756 257031.1509 203492.6815 200236.6108 234047.1672 230545.8552 265497.8537 195586.6022 197107.7933 236742.8927 240444.7182 228876.8941 217782.1795 169830.1947 237297.5951 250015.8638 282462.4644 293092.2331 196824.0991 242639.001 219676.7622 193218.7083 241650.4378 234394.1135 249038.8101 211008.9587 251916.4845 229605.7081 206458.8646 229704.7199 238880.2482 200697.7403 230352.7114 203709.8829 249903.1976 242713.8394 
208402.0189 221952.8467 207103.1336 186438.8656 243121.6915 205234.5502 276543.9214 215017.3478 232419.7583 230626.9323 231418.9993 252058.836 224238.4536 187426.3093 201575.277 238698.8065 217472.8886 208168.6092 227049.8186 208670.3004 232319.3088 211089.5502 213557.4794 243993.4696 216384.109 229735.9401 225229.1507 222019.9669 227709.9174 266502.3277 236891.5997 262590.2469 242885.4752 234134.5187 256359.2334 270026.8305 219803.582 206297.193 253974.7058 174364.9558 220702.8546 244765.2974 197868.2962 220119.2011 226314.2857 236701.2458 231676.8768 164120.4157 243382.7449 256505.8048 221197.5293 256098.0839 251885.3227 232545.7105 236385.8596 206859.1892 240966.1043 206511.7665 204756.3309 225249.8772 
221496.3622 222150.9376 210253.6078 245396.4644 221880.3094 205092.7548 250659.4932 209097.5122 233490.0173 215830.1638 211593.0316 237223.8259 192271.0286 179334.9729 187811.6977 280972.3087 241812.2178 224200.1807 161332.6268 204159.4363 224455.819 247483.7972 239536.7483 218742.5638 243599.448 217600.1136 241937.3937 265791.0029 203040.9458 190728.3569 240547.2386 245192.743 221668.8294 243697.5325 257215.6644 243267.0788 269742.3054 235071.8683 234154.6563 231195.9242 234405.787 240031.4209 221489.7464 228976.5051 230024.398 232167.128 208170.0299 216606.3396 228138.8744 200104.5857 284464.9072 273125.9329 188244.1588 199245.3453 201664.3883 202807.4093 250779.5782 221883.645 231835.3512 223425.6164 
196713.5182 198430.6246 224755.2517 253858.8397 224297.3336 185629.5626 247706.4966 243526.9305 288371.7859 220610.3907 224881.3389 236696.8402 255692.5996 198295.1786 261602.7607 231489.7619 220699.5316 242441.7596 163669.852 231776.5241 254757.5048 214911.1406 227556.8292 188395.006 220284.2247 257935.2315 204122.1025 227546.5707 215375.6988 201334.776 271072.1313 243017.5436 255341.6637 185296.4488 193385.4564 237457.6536 183717.9635 267236.3264 244961.4673 237795.9274 245081.5525 208188.2911 250118.8799 188218.7641 252181.8321 227136.8417 253537.4099 232646.2785 202600.0139 233770.6107 209876.4994 202418.3545 250665.4805 199921.8624 189813.9829 223819.5072 239304.6764 217449.3909 226127.0464 264559.1216 
184504.0283 214671.5512 161369.021 232855.3672 253988.4233 260694.0276 267249.7178 224140.7373 228339.7886 288663.3734 199811.5152 236235.0773 191758.0739 227545.7839 227731.3992 262317.3657 239846.1097 227908.9618 274818.571 207938.5031 230600.1551 209198.804 261644.0623 205013.2844 200371.8415 246713.7706 205910.1697 254513.5801 238032.8377 228249.0069 233522.0965 238954.0248 253128.2841 253419.5502 209597.8819 244385.1119 230525.0621 214391.1542 211231.511 258507.9036 203412.3905 230203.4789 210481.9907 242791.708 212362.2934 279284.0198 201469.1095 273196.413 195667.4424 224467.7093 215563.2839 222703.4835 226382.9362 224898.2194 249034.7522 239180.4302 201010.5464 218443.1785 217005.371 280668.7637 
209443.5764 217484.62 240412.8698 283762.2843 218072.6364 253061.916 185664.6666 225428.3484 228340.2283 251267.1674 206952.4385 247365.5782 198393.5864 247636.1379 255011.387 238312.4037 245047.282 200000.7027 202727.8324 233775.2179 248298.6595 230937.4858 246180.371 185367.7771 271079.4138 203542.1683 266340.4334 233671.522 265041.7212 226473.0436 251590.5003 259782.5882 215253.941 267726.4677 233279.1013 198157.2381 179863.0243 216254.0044 215586.6777 270769.9449 195215.4129 228211.6591 270191.5037 238261.0487 235361.423 208520.9976 252667.5606 219533.567 207532.2062 240238.37 233211.1354 215254.8993 224050.2907 260239.2947 238004.5425 255851.8712 199699.0029 192471.1471 204997.4732 233091.3267 
239736.5266 200975.1517 275222.5651 223325.2623 208365.7574 226315.9282 232435.3971 208848.0327 226660.783 206083.8231 216103.4114 238238.2254 286065.0345 242797.9134 234029.3926 233260.9896 254383.981 257088.5358 239262.2939 204626.5042 235712.9921 229955.0618 246672.2192 210379.0705 205323.7174 233621.1106 244156.6105 251561.6552 206768.416 212521.8614 169285.3631 217082.0671 224306.0819 215675.6264 260704.0681 210328.2793 192387.6035 241538.5385 194531.4733 242687.335 202386.015 260076.8516 285108.5537 222601.7333 270682.3715 208153.0484 232108.1098 240235.5875 233563.5698 191466.1249 243125.5067 231470.8663 198754.6225 199340.8468 219439.7508 207419.4777 252351.3641 201161.7777 202375.5255 289394.8999 
256701.2113 226192.9954 253984.3473 250766.4732 238092.7875 247613.8531 235707.419 218294.1518 237115.5181 213575.0726 262285.8487 176033.24 237319.2684 243015.9638 189908.1448 192582.5432 208280.9179 247342.0417 251677.9781 238638.9308 172616.9557 225142.6169 210182.4847 201031.05 172686.4976 226364.7648 215655.0143 286971.9256 258328.9263 235814.385 224295.6131 217066.8879 235613.0665 251426.3484 206229.944 223311.2545 241860.5159 206036.1128 229677.797 216923.0513 200061.6808 249000.6443 231997.7451 220793.3962 194948.1504 211706.4661 241610.16 232656.0928 226794.7241 186526.4561 181129.5509 249037.3779 234666.9597 205624.5939 204590.1378 234630.2009 197101.1862 225211.5742 206968.9653 212439.3131 
212438.2877 216956.5221 265135.8353 239176.1786 228020.7461 244803.9622 257323.4543 246784.9959 206213.1878 239728.251 193980.7628 262725.4977 230082.6742 200381.5316 253138.6933 206358.7525 215859.7389 205333.1625 201900.0819 253298.9082 243307.1029 236459.6497 214230.7094 178880.3109 237311.9889 208189.2529 223944.039 162051.8884 228279.3568 221056.8806 212987.0612 215235.1144 222741.6525 202832.3887 174340.6139 214862.8538 219705.8844 244493.8042 237460.0061 210020.4038 218137.347 255070.1139 241107.4534 215576.0676 222231.7314 265025.531 211160.5529 234619.5993 234910.7187 238002.1176 220548.8526 224542.3524 283252.1771 251918.2425 200958.8465 247543.8375 255611.4018 237591.7904 229968.4903 195204.8762 
231831.3117 221582.417 249599.4141 266309.2623 200275.4012 229057.0605 189841.7897 246091.2216 282171.9738 206016.2084 230480.3141 241231.9677 237277.1199 268537.5958 217217.1613 203713.3761 235260.6793 259794.7866 252490.1542 255879.2337 204985.5014 234103.2498 225602.911 187878.9773 224615.3701 233315.1342 218245.1751 178393.6929 240225.6176 237157.0276 234641.3389 280931.2453 251994.7988 221485.8347 192116.5365 214070.9333 248507.8735 248920.34 250442.2536 225566.8912 239931.0824 256104.0259 249662.6576 230173.7808 250468.6965 228177.1507 248846.6939 216245.2109 216298.6997 243777.965 172022.1307 240441.214 202310.4665 222987.3385 249957.0896 237220.0736 209945.9701 237289.4357 221201.5086 247857.1113 
204346.9335 266611.0502 244122.4933 210904.1311 220490.3673 234988.8762 214621.1772 208753.4877 212352.4885 181617.8231 234645.5357 208806.9914 228861.2417 224151.5886 205413.8639 265473.0714 242282.302 265304.0519 248987.0022 241313.0869 252298.3872 177765.0557 205044.8478 182472.5821 234811.302 232290.8214 240273.8338 261879.6772 194151.7937 220552.477 230261.4979 259075.4396 243320.9193 247289.4668 189934.0354 186291.0358 232059.3316 256888.1259 263243.5721 179398.4432 244653.8706 250364.6904 232454.2185 261152.4001 251356.0494 220164.2827 261136.4427 184399.0938 192370.6851 219940.9274 196745.233 214738.15 234654.0804 205273.9421 235582.0354 217134.135 193208.2169 268569.3597 209875.5891 200506.6901 
227088.0535 232095.5305 214266.7497 247880.7412 217021.1953 194488.7134 247426.9232 215037.8252 244487.8169 301582.1903 227535.2317 241774.1679 198421.7483 235199.9051 270811.2534 215257.0353 239394.2534 241076.3982 200413.8011 233099.4556 288542.1578 253195.1628 226320.287 188552.6573 234474.2647 244996.0902 239948.1489 232928.2594 222387.204 235425.5597 246327.6119 221792.0095 222849.2181 254446.3941 207230.9372 250688.7178 239212.8362 188811.4237 176698.082 251188.6538 253982.0492 235007.7126 216412.112 275879.7681 238253.0766 217143.5396 230811.0577 205293.7842 213614.2557 164412.2491 226757.4736 192162.2686 213394.0705 209207.6051 246806.2927 247798.0649 227964.348 203515.9421 204992.2357 245011.7873 
251468.2049 236922.3001 205252.8164 217825.9932 223147.1532 216867.2276 224030.327 207428.8878 243418.8659 228459.6374 268488.6141 221282.7484 243925.1961 213246.7272 250203.8355 220458.84 175010.7864 255541.1968 241181.535 235977.8119 263869.0002 213981.3554 244556.7544 265282.7985 239044.9724 248637.5767 234720.4618 229632.8289 180133.526 209165.038 237101.5987 210065.3672 204459.3601 216847.5632 264472.9522 243179.6666 219826.0658 182867.7581 222494.0428 234060.9589 246343.3503 244850.2617 220439.3986 233388.237 243581.953 191950.6498 236163.4255 274020.5634 267179.2863 235526.7939 240346.372 193772.4085 239718.9362 226177.2224 260238.8809 232564.8506 247551.6551 250837.054 202946.4934 243738.013 
201194.139 204307.747 206806.1752 191673.5217 178921.4392 264954.4438 259928.0509 228056.0277 244830.1592 201695.2392 217186.0579 231789.7009 226716.8536 227724.3846 206667.9318 245818.4677 205279.6404 255925.0234 232757.6148 223473.2792 213926.3418 222411.2986 269916.8968 215387.2049 245160.8508 242847.8768 195630.4859 220740.4084 258139.2603 246580.3113 208558.0907 239267.5922 242099.846 220309.8675 221768.4149 278104.7899 185095.2153 237083.7743 201891.071 239796.4429 262772.3385 190047.0696 234791.7339 222972.6995 259356.393 225154.1783 271157.0166 244069.6904 239614.6284 239669.815 261277.6999 186576.5759 232708.2288 183849.025 249687.7261 206873.2068 229860.5645 220667.0547 231997.4446 243026.6163 
256798.7067 232114.1888 189177.5873 219699.6848 227638.2402 226658.1586 208404.3017 256924.7116 209253.5029 243421.077 179693.5966 224918.4128 247948.9793 185440.7727 201190.3281 221572.8812 211822.994 273610.3304 131217.7328 194696.0543 268832.4826 244126.9962 303672.4446 217440.1081 229849.1801 237243.976 227410.6386 200982.2604 215731.3536 263631.32 212438.6708 254848.1548 228483.135 216142.9914 236287.0567 207778.9262 277947.1152 239953.193 222415.9068 232868.1644 193976.3914 230105.7476 228149.7758 197229.2869 248403.3159 239097.02 248466.0703 231018.5619 255939.2851 251577.3185 212283.3461 239467.515 220175.3261 223762.4301 234409.7632 251807.2479 217181.5145 235055.0466 246147.9114 249616.7566 
# Events [PSDGuideExit/psdguide.dat] N:
112 100 102 96 104 92 105 112 97 87 91 104 103 98 106 87 111 120 128 116 86 105 104 110 123 114 106 114 101 125 77 98 113 121 110 108 93 92 115 93 84 112 112 115 116 97 122 104 101 110 130 107 118 106 115 115 114 86 115 114 
95 117 118 101 82 102 102 118 80 98 100 91 103 89 112 98 116 109 108 115 91 116 131 91 106 100 120 103 122 99 104 94 114 116 111 134 95 88 104 112 131 113 114 104 110 107 94 102 122 104 116 117 94 104 102 101 112 105 107 95 
92 99 82 98 87 113 100 97 118 84 106 108 98 103 84 92 97 108 124 113 122 110 104 100 109 96 99 95 89 108 114 91 124 116 110 109 92 86 99 97 111 100 102 116 98 89 114 103 106 100 101 89 106 114 121 109 120 113 96 92 
90 90 99 96 88 103 101 110 114 96 104 110 95 95 110 87 111 99 97 108 99 105 119 97 102 116 105 128 94 97 99 95 116 117 92 99 79 124 121 113 113 101 108 105 88 112 111 113 95 120 89 90 120 99 97 105 98 101 123 103 
91 95 86 108 88 107 114 99 101 107 123 105 81 95 126 113 89 98 110 116 113 122 114 101 123 96 127 110 107 105 117 122 115 113 82 114 120 96 110 96 130 132 104 93 116 111 110 92 90 88 120 94 100 113 110 102 93 125 127 117 
105 93 111 92 92 94 107 105 92 91 91 103 101 103 105 95 73 112 102 98 106 114 112 105 105 106 104 103 97 93 122 112 90 108 99 106 95 117 110 110 115 105 107 117 114 95 108 84 97 90 101 92 118 106 100 87 105 96 95 113 
88 101 98 115 95 81 101 96 97 83 118 96 102 97 105 99 103 105 126 117 90 117 102 103 105 107 107 107 113 107 104 100 101 102 98 101 105 128 89 105 112 107 118 105 122 111 86 102 111 123 114 102 95 129 84 100 115 105 110 111 
92 112 99 94 114 102 101 113 102 94 93 108 120 107 87 107 98 98 76 117 113 123 121 97 98 118 109 94 108 92 109 109 109 100 118 89 98 106 116 129 107 92 102 97 114 105 88 112 98 93 107 106 125 126 93 91 99 131 106 131 
88 86 107 107 106 104 97 94 89 79 119 114 97 100 73 104 111 110 104 114 102 99 105 102 89 74 116 108 113 111 118 119 103 87 101 108 87 128 93 88 110 118 81 102 96 110 110 113 112 108 112 92 99 115 101 100 123 123 110 109 
78 102 89 84 109 80 80 99 88 101 96 97 94 127 106 103 101 122 94 104 108 122 99 109 107 108 92 103 130 85 123 100 109 114 102 102 111 105 101 101 96 121 107 120 108 105 98 121 108 105 112 102 106 115 100 91 84 128 107 96 
109 95 97 106 82 107 91 98 105 117 105 99 103 95 96 90 98 115 93 116 114 88 103 115 98 87 102 111 89 116 96 97 97 116 96 122 97 98 121 82 95 92 131 117 106 125 113 107 115 103 110 108 106 100 112 109 125 116 117 100 
104 74 92 98 86 100 124 96 95 111 96 114 124 127 115 101 106 108 104 121 106 118 104 111 94 102 114 125 126 93 118 105 96 102 93 98 98 111 108 107 107 116 108 130 105 112 117 93 102 128 110 108 90 110 119 117 122 102 97 114 
92 98 85 97 110 107 112 109 102 105 97 122 103 97 90 96 99 110 88 115 120 118 111 105 96 116 110 95 103 87 91 117 76 118 110 124 108 98 116 105 84 115 102 99 106 110 92 113 128 107 122 99 111 99 108 105 114 127 115 96 
84 78 85 107 114 97 106 106 93 82 100 104 120 95 104 106 95 113 103 94 102 86 110 112 109 97 102 109 106 100 111 91 97 91 100 116 115 106 113 95 108 101 111 102 89 130 102 90 101 107 111 95 99 85 86 108 107 102 105 107 
107 84 92 97 89 114 103 118 117 93 108 107 104 105 94 96 101 101 103 111 111 114 112 101 95 129 117 96 96 102 114 102 118 120 111 116 88 85 107 112 107 92 107 108 94 101 125 98 91 112 111 109 102 95 86 111 93 108 96 91 
106 119 101 104 99 99 112 97 90 101 101 86 98 108 115 113 111 105 110 102 91 106 106 113 114 97 110 122 95 107 117 92 119 89 91 119 99 100 110 103 106 100 115 105 102 110 91 96 82 89 103 114 107 109 108 111 108 109 99 102 
93 83 87 105 100 102 115 91 82 90 87 98 98 120 89 93 119 91 106 118 109 105 112 104 81 119 102 84 115 108 105 98 101 109 119 105 118 98 82 97 108 95 105 108 131 104 108 114 115 94 100 126 101 117 101 102 114 128 101 90 
92 112 115 69 89 101 108 84 84 111 120 91 111 96 125 87 109 94 120 128 121 100 111 100 105 106 106 108 97 103 103 98 105 99 132 131 106 116 112 95 107 101 97 90 101 110 108 89 117 108 105 121 108 105 113 80 120 99 99 118 
112 114 101 99 110 101 114 85 98 101 80 92 99 113 98 107 93 109 95 95 102 129 105 97 105 118 111 134 113 108 136 119 96 111 126 111 116 124 108 88 111 99 102 113 92 82 91 106 103 116 98 82 97 103 112 90 105 113 94 105 
114 114 100 103 112 93 85 100 107 118 100 110 97 111 110 88 119 87 111 97 100 132 108 107 114 115 98 97 108 123 92 97 81 116 102 103 104 100 94 91 113 111 104 95 100 112 82 101 104 110 130 115 111 109 105 117 113 99 105 109 
94 100 95 100 104 92 89 115 101 107 97 100 80 95 95 97 94 97 127 100 112 101 101 121 121 110 116 112 95 99 110 107 115 104 91 107 110 107 108 96 95 99 104 114 107 119 114 112 105 106 94 112 117 112 111 103 98 90 92 98 
87 96 108 105 97 77 91 92 93 98 107 116 109 104 103 97 98 100 113 115 109 100 116 96 107 106 96 119 126 80 93 103 94 103 103 103 101 99 82 106 114 116 93 113 119 94 94 119 127 92 100 92 98 94 122 113 110 105 114 113 
93 94 94 106 98 99 100 102 109 111 93 108 123 95 109 93 104 102 108 102 120 99 118 110 122 105 115 106 109 94 103 117 116 97 112 118 102 96 104 94 81 96 114 93 81 113 106 102 99 109 115 99 87 115 97 106 108 118 119 113 
93 112 103 89 99 93 109 93 116 101 108 90 93 85 92 109 95 99 105 108 105 117 102 108 114 113 97 99 111 106 104 92 124 103 98 112 103 84 102 109 101 115 89 100 127 108 96 115 95 115 93 100 106 106 120 97 103 103 102 107 
106 95 96 97 110 104 106 97 112 95 103 120 117 116 81 112 103 111 115 117 108 104 99 88 89 116 117 105 110 98 99 112 96 92 125 98 114 97 122 102 99 95 110 73 91 88 125 97 112 104 120 90 102 125 91 103 101 114 99 76 
100 97 104 108 101 98 89 102 107 105 107 129 93 99 98 93 92 93 109 114 109 106 112 121 97 130 125 100 125 113 121 102 117 106 103 107 97 113 89 97 87 92 104 123 96 116 109 104 110 102 120 128 92 82 104 89 131 103 100 99 
100 89 96 103 107 106 88 94 104 105 111 87 112 89 101 85 101 98 94 112 110 102 120 100 100 95 110 110 120 104 111 108 118 103 105 99 94 110 102 91 106 110 105 106 102 84 104 106 87 102 93 108 121 91 113 88 97 111 98 95 
101 93 110 104 89 98 102 111 89 98 85 105 102 92 96 110 109 95 101 113 108 114 116 99 112 102 115 107 114 110 87 128 100 118 111 121 112 116 103 112 96 109 115 96 113 97 107 105 112 116 134 136 98 99 92 93 109 110 112 103 
99 111 125 85 85 86 103 107 84 107 107 99 106 114 93 109 120 89 104 98 116 109 125 107 96 97 103 101 106 86 102 95 120 116 99 112 116 107 110 106 119 116 109 104 94 122 115 99 95 96 106 104 104 116 109 95 101 101 106 95 
92 110 106 89 78 83 97 89 109 106 107 129 103 103 82 107 91 95 101 96 120 125 95 101 89 118 117 101 87 115 109 106 120 117 100 113 111 102 100 124 124 118 90 106 103 105 102 101 98 98 106 123 121 87 98 119 93 106 123 119 
99 80 101 85 107 111 105 86 96 114 95 109 93 101 90 106 114 119 110 103 102 102 111 99 119 100 101 117 84 106 109 97 87 102 116 88 119 109 111 110 128 115 110 135 97 104 112 112 111 98 121 116 108 90 110 105 105 103 114 98 
92 99 94 96 86 106 102 111 109 111 96 119 107 106 98 98 98 104 101 99 104 118 98 116 102 114 106 93 111 102 126 127 103 91 99 109 100 101 93 111 110 98 112 93 106 120 89 114 110 113 94 119 106 104 116 109 82 86 108 111 
108 107 87 90 114 106 105 85 89 92 94 102 100 105 126 107 94 93 116 115 117 95 96 101 92 109 113 118 127 120 120 109 109 116 119 105 111 87 108 99 102 106 97 112 109 131 102 120 109 113 99 103 90 104 90 107 112 101 107 107 
114 110 76 103 104 98 102 109 99 102 90 105 109 89 106 97 95 106 109 111 113 111 113 107 113 102 97 96 107 97 95 115 105 94 114 116 113 107 122 114 107 110 133 106 99 128 110 118 112 95 101 101 114 109 105 115 118 111 116 107 
95 95 100 101 93 102 100 106 89 113 99 106 95 102 95 104 86 94 108 106 101 89 100 102 107 107 110 99 116 101 110 107 96 104 95 113 109 98 92 110 85 95 103 125 118 95 100 104 119 103 100 114 74 117 116 117 94 109 115 110 
95 101 107 119 97 92 89 99 123 109 105 111 93 93 105 92 106 95 114 108 115 96 131 109 93 94 101 116 99 120 105 98 97 103 107 116 106 99 123 95 106 104 101 110 112 105 82 106 106 104 111 106 99 105 100 116 73 106 124 119 
93 91 90 97 108 98 94 113 91 105 92 97 99 98 91 79 100 101 94 113 101 106 108 101 118 106 103 102 105 99 103 91 118 118 112 100 103 104 93 95 110 106 110 98 111 109 117 103 104 102 108 126 105 123 108 109 103 93 93 109 
88 100 107 85 101 85 102 107 99 95 90 94 112 103 103 87 111 101 91 101 96 107 103 97 96 107 99 111 100 106 112 108 80 107 92 91 117 112 92 95 92 112 119 93 108 94 103 103 113 92 113 91 123 92 109 86 102 105 104 112 
100 109 93 106 112 103 99 85 102 104 103 101 95 91 111 94 84 113 86 110 106 103 90 118 108 123 131 96 104 113 115 107 100 116 97 105 99 100 96 104 89 129 103 126 85 100 86 106 92 111 135 102 107 112 106 111 105 105 91 107 
114 91 93 94 112 100 117 97 104 87 116 91 113 112 110 88 98 94 96 85 111 108 93 121 106 108 94 92 109 108 114 97 98 105 91 108 98 96 80 107 112 109 100 112 115 87 107 139 100 102 103 119 107 99 105 114 114 126 104 108 
109 99 92 94 114 86 91 94 88 107 113 99 104 101 101 102 103 132 97 104 102 96 98 105 113 120 110 122 105 103 120 93 109 87 101 97 115 117 104 94 114 121 104 96 85 88 97 123 92 126 104 118 95 92 117 109 106 108 98 96 
104 107 107 96 104 98 109 98 91 105 100 110 113 113 112 103 107 80 101 131 104 92 100 111 110 96 103 112 98 84 102 106 118 126 88 106 106 109 104 106 112 107 116 93 128 102 114 102 104 101 102 122 107 115 97 107 92 102 106 114 
93 103 105 80 101 107 112 98 94 114 96 97 101 102 102 85 106 95 108 118 126 104 115 110 105 113 105 103 96 98 105 94 89 112 106 87 90 116 103 91 112 100 89 127 119 97 121 109 114 113 108 97 130 94 101 96 92 112 97 116 
99 85 103 92 85 94 106 94 106 108 108 99 108 70 100 103 87 106 102 99 101 92 111 111 106 84 95 80 106 121 104 100 97 101 105 109 114 80 109 121 93 96 101 116 121 109 109 106 110 108 109 89 115 108 109 110 107 128 86 103 
100 100 102 91 90 110 100 96 97 83 97 109 124 101 94 100 81 117 105 126 102 112 107 88 110 89 96 109 101 103 101 97 114 106 103 82 122 110 98 90 101 82 108 104 119 97 109 91 111 103 101 85 106 96 83 112 120 104 94 103 
91 129 115 91 91 112 103 102 91 88 99 116 85 106 84 111 92 91 114 101 112 88 113 96 112 108 103 120 99 119 99 94 107 99 116 97 104 120 90 104 111 134 112 91 90 109 116 88 112 102 130 117 92 116 103 118 105 103 109 99 
86 100 107 76 106 92 117 106 117 100 108 118 111 92 96 104 113 97 110 107 102 105 94 105 106 105 108 120 89 123 91 112 118 100 119 98 108 102 108 94 106 113 104 102 91 126 101 102 101 91 99 107 114 94 106 111 112 88 88 100 
95 86 84 107 100 93 117 91 93 111 103 83 83 112 105 106 94 89 82 107 91 107 117 100 100 132 95 112 105 100 133 100 103 122 119 110 112 112 132 103 94 117 101 107 107 107 107 102 98 102 124 100 99 103 101 100 103 103 118 102 
99 113 92 110 100 88 95 96 100 101 112 113 110 83 122 106 108 102 107 112 136 95 120 103 114 105 104 106 102 69 116 134 108 90 109 120 93 122 105 117 110 98 110 87 102 99 117 113 112 97 90 90 108 94 93 114 102 118 108 117 
93 86 93 98 98 112 105 102 103 113 99 106 102 91 85 110 91 104 97 103 119 103 105 79 106 125 99 113 120 86 119 104 110 103 105 117 112 106 101 116 101 107 114 90 102 107 99 112 109 99 97 113 117 113 119 116 98 119 90 129 
103 99 101 100 103 111 97 104 108 101 96 108 96 103 102 104 92 105 99 105 106 108 127 97 119 92 104 105 109 108 110 108 81 109 104 90 93 106 98 112 86 91 106 97 99 100 116 98 97 110 93 100 99 134 109 92 106 83 90 111 
97 88 126 97 97 99 92 88 95 109 103 106 103 116 112 97 87 101 111 102 115 101 123 90 105 108 101 101 93 97 90 100 95 95 119 110 105 111 87 107 99 106 121 119 106 99 120 106 116 88 118 110 85 116 103 104 117 107 85 119 
110 92 113 110 97 101 99 88 94 106 105 102 103 96 92 100 106 103 98 106 82 106 106 100 88 103 103 122 97 118 108 100 108 127 105 107 95 98 110 98 94 103 103 99 88 98 106 106 105 80 85 88 102 122 108 92 98 108 101 102 
102 88 111 100 96 107 113 100 96 104 95 101 109 99 115 101 96 87 101 107 93 111 94 108 118 106 124 112 124 117 110 98 96 100 90 98 100 103 102 100 107 114 108 109 118 98 95 127 92 109 117 97 114 102 98 117 101 100 111 106 
87 91 89 118 105 117 82 96 122 97 89 90 105 94 97 110 104 139 98 104 94 86 104 98 93 118 102 108 106 104 112 120 104 119 91 106 109 105 112 96 100 91 110 112 111 104 104 107 115 103 88 102 102 99 107 110 97 108 126 91 
113 100 102 108 109 95 100 88 99 93 96 97 92 105 97 106 93 122 114 111 118 95 102 117 115 121 121 103 101 106 106 119 154 102 93 99 106 93 121 116 100 102 111 112 108 92 101 88 99 98 91 101 111 120 98 105 100 111 100 87 
103 117 103 108 98 86 100 99 105 119 104 107 102 95 111 95 98 105 115 102 118 97 91 85 93 104 117 106 113 114 106 99 114 95 77 96 90 101 102 103 106 98 111 110 96 98 121 101 96 95 111 101 106 91 100 96 96 119 96 115 
94 95 106 101 97 101 93 90 102 101 105 94 116 113 120 99 104 123 112 99 114 119 107 98 113 116 111 123 88 99 112 116 114 122 101 114 109 104 107 120 114 111 109 107 108 98 106 104 97 109 111 94 113 107 113 97 95 106 85 107 
92 102 104 85 81 106 106 99 107 93 91 91 101 96 106 110 104 100 101 106 111 98 109 121 115 119 106 108 98 116 115 111 117 98 112 138 93 108 96 102 108 109 115 99 103 114 121 102 87 111 118 105 102 78 107 99 112 92 105 111 
107 106 102 97 103 96 103 109 99 117 98 85 95 92 104 102 111 119 90 90 114 97 110 88 101 112 107 105 101 132 111 117 101 96 115 108 113 103 98 125 88 114 108 92 110 102 106 112 89 101 89 118 112 113 114 115 100 119 99 106 
