# Format: McCode with text headers
# URL: http://www.mccode.org
# Creator: McStas 2.5 - Dec. 12, 2018
# Instrument: ILL_D4.instr
# Ncount: 1000000
# Trace: no
# Gravitation: no
# Seed: 1570825184
# Directory: ILL_D4/0
# Param: lambda=0.7
# Param: DM=1.807
# Param: sample=SiO2_liq.qSq
# Param: RV=-0.718184
# Param: L1=6.4
# Param: L2=2.61
# Param: L3=1.148
# Param: verbose=1
# Date: Fri Oct 11 20:20:48 2019 (1570818048)
# type: array_2d(20, 20)
# Source: ILL_D4 (ILL_D4.instr)
# component: PSD
# position: 0 0 5.9
# title: PSD monitor
# Ncount: 1000000
# filename: PSD1.dat
# statistics: X0=-0.0013255; dX=0.859453; Y0=-0.000397564; dY=0.863955;
# signal: Min=5.46644e+06; Max=8.27672e+06; Mean=7.03156e+06;
# values: 2.81262e+09 7.25125e+06 150642
# xvar: X 
# yvar: Y 
# xlabel: X position [cm]
# ylabel: Y position [cm]
# zvar: I
# zlabel: Signal per bin
# xylimits: -1.5 1.5 -1.5 1.5
# variables: I I_err N
# Data [PSD/PSD1.dat] I:
6296323.712 7090697.039 7448958.586 7290133.344 7325317.855 6439521.458 7433363.603 6994023.648 6753567.419 7132010.745 6749229.063 7194769.978 7170579.24 6620729.567 6930485.231 7532449.266 7422201.228 6882561.146 6498045.849 6478559.476 
6492104.209 6795737.644 7267453.772 6567742.427 6789826.879 6918041.27 7011954.054 7256649.398 6570093.124 7081403.573 7905391.41 7560929.981 7299750.964 7439101.617 6268848.314 6851073.063 7273587.864 6532519.084 7016864.425 7043984.521 
6717338.707 6820194.008 6972456.724 6669969.773 7167092.645 6700463.547 7087087.324 6754898.793 7035830.086 7144008.464 7002915.876 7752042.626 7323738.655 7372097.579 6691235.998 7342397.872 7506493.512 6740100.555 6909758.522 6321871.529 
7109328.73 6805111.757 8276717.143 6866313.22 7086919.832 7172253.59 7477036.741 7215458.348 7481431.314 7023544.643 6695060.146 6776786.249 6437849.637 7081197.727 7366311.494 6913703.429 6237926.313 6835747.268 7319058.115 7149869.418 
6499454.888 7152839.322 7161085.426 7051823.664 7465684.414 7204046.267 6672523.834 7161078.133 7619654.854 7319503.541 7014094.699 6965657.568 7119205.516 7358736.934 6990575.926 6649589.065 6731499.092 7148123.109 7176858.962 7364486.674 
6272212.986 6497954.526 6917192.895 6779154.273 6688983.935 6768822.181 7301006.375 7252725.791 6614872.099 6924142.28 7060877.851 7075533.741 6652414.772 7045639.773 6954099.369 7329723.991 7195395.719 7265980.865 7190427.742 6948613.193 
6505138.532 6967779.456 7434115.363 6835093.812 7338567.095 7264908.049 7241277.895 7750458.965 6945491.559 7787408.412 7145115.75 7520037.697 7181807.45 7032133.34 7535542.768 6925816.106 6366248.455 7017192.649 7176108.818 6754096.99 
6153071.601 7036134.155 7383735.477 7082127.547 7127569.592 7488972.492 7028073.327 6825814.971 7454577.083 6784331.108 7123226.337 6958111.166 6948883.944 6890951.783 6968813.176 7297018.185 6736998.179 7102316.865 7392980.328 6601822.917 
6986070.888 7428657.37 7329519.67 7367692.448 7713696.661 6674167.613 7201862.587 7214709.537 6677151.835 7218768.958 7979865.807 6537551.54 6961685.004 6974023.171 6962487.625 7297689.869 7961638.381 7408362.062 7416773.711 5466443.463 
6009148.911 6570920.499 7462531.473 7114286.102 7334243.136 6871014.109 7489657.096 7330028.228 6477050.351 7179525.926 7155249.645 7352611.555 6542798.629 6964709.578 7107768.346 6464945.841 7277148.695 7461270.167 6735543.773 6985677.058 
7130937.23 7231609.448 7350686.621 7756102.431 6537615.042 7069719.81 7802884.915 7530675.695 6788934.517 7192275.705 7399722.079 6709265.9 6950376.595 6952480.914 6747132.756 6899072.998 7357418.682 7300056.362 7437555.252 6543715.185 
7130752.359 6768391.004 6953571.155 7029776.844 7150412.581 6931298.827 6770543.576 7143432.859 7022546.596 7210714.377 7661502.852 7436433.009 7273270.182 6942517.046 6598178.929 6941517.671 6993817.03 6621861.699 6625141.627 6190782.474 
6499351.275 6920861.812 6635898.844 7233287.235 7784769.386 7160545.368 7226899.841 7529177.826 7338238.905 6764077.696 7513652.724 7375854.417 6949458.79 6737087.598 7308595.755 6897672.944 7333214.1 6727711.648 6927061.076 6418650.991 
6764358.792 6860751.333 7226821.36 6426315.895 7331574.361 7659123.06 6570790.113 6998605.174 7178937.276 6613631.549 6719189.954 7275794.979 7387131.73 6832720.629 7265954.106 6966903.64 7273631.195 7378042.015 7183828.746 6759390.579 
6567563.956 6127025.671 7571105.663 7036123.871 6931109.314 6807547.136 7197846.512 7162546.36 6777268.37 7103085.1 6645456.489 7405814.599 6913455.265 7513232.972 7460468.061 7104853.013 6771827.184 7410940.903 6713379.175 6197203.319 
6794936.465 7451968.111 7141891.295 7306776.883 6975018.234 7330873.824 6809327.284 7330583.737 7290173.981 7262650.053 7141330.153 7090215.528 6936226.607 6871605.752 7247873.175 6870762.507 7144619.275 7291671.153 6638904.792 5805928.538 
6646727.354 6488822.611 7797504.607 7130180.496 7413341.292 7023649.868 6751076.278 7289719.122 7035470.652 6771554.204 7132418.199 7036171.568 6942124.604 6566731.697 6958575.568 7200610.038 6836473.266 6772385.899 7468349.042 6587646.874 
7069147.899 6453401.038 7082288.723 7366418.956 7265376.82 6725896.638 7657053.639 7321711.181 6827977.175 6705259.353 7421697.003 7503702.28 7150565.514 6874469.594 6549376.439 6940560.946 7378802.135 6938360.897 7217512.459 7287789.899 
6627748.998 7451554.083 6576760.078 6793199.155 6991990.495 6722922.191 7172544.483 7169155.933 7593735.204 6370018.857 7443847.584 7239540.96 6106332.128 6491642.627 6849783.274 7476531.708 6691811.874 6865747.229 6575873.442 6836418.786 
6993704.937 6833624.069 6830750.864 7053492.638 6581361.665 6661458.834 7032041.953 6444918.104 7239316.875 7584509.899 7062263.878 7048752.622 7829341.395 6996414.411 6924446.769 7783864.05 7417194.219 7201651.698 7351503.062 6605547.819 
# Errors [PSD/PSD1.dat] I_err:
343206.9087 364457.1495 373620.7646 369382.0402 370213.208 346909.5136 372348.8518 361412.6619 354698.3807 365148.3468 354942.0297 366452.4932 366623.117 352106.4072 360038.9101 375436.3043 371810.1387 358514.4487 349044.7203 348014.1704 
347730.3568 356408.6247 368701.4958 350289.9322 356602.9951 359898.205 361854.9722 368605.7566 350404.1617 363028.567 384616.201 375949.2766 369400.1062 373136.2866 342223.517 357847.7827 368561.989 349888.1714 362085.8156 363009.1046 
354257.0802 357232.9758 360759.1423 353245.2736 365502.5911 353362.2636 363774.6947 355280.957 362599.2584 365749.4147 361862.3184 380774.1588 370124.0771 371185.8737 353882.2879 370607.8067 374617.9305 355470.3919 359448.2994 343560.2592 
364931.6685 356899.6821 393035.0704 358648.8408 364263.8127 366243.2702 374079.8819 367486.5599 373839.0663 362450.1721 353568.7256 356398.4988 346808.6215 363967.84 370866.7343 359655.8548 342056.2921 357539.5898 369447.263 365552.7331 
349128.521 365250.1859 366137.5919 363409.4246 373543.569 367859.735 353382.5617 366140.4537 377464.4495 369924.8653 361943.4114 360418.2716 364954.9643 370930.5173 361211.4128 352145.6262 354520.6939 365480.823 365511.6015 371250.6097 
342892.9228 348046.3761 358879.5196 356032.7394 353737.5186 356462.0857 370409.3002 368425.3489 351788.4408 360221.925 362911.5266 363677.1041 352791.5432 362601.6686 360290.3981 369974.9529 366946.2637 369087.8584 367165.1531 360490.057 
348437.985 361491.0884 372405.0913 357500.7965 369960.3079 368109.4292 367380.2256 380688.6731 360334.0766 381126.758 364862.3629 375290.7545 366248.7951 362400.2729 375614.4912 359805.4756 344972.7341 362106.6796 365973.0631 355227.9231 
338948.6359 362616.3158 371282.5645 364011.1227 365393.556 374210.8074 362680.665 357013.6228 373420.6016 356299.7137 365166.0071 360488.8207 360502.072 358450.6271 361061.628 368776.9135 354804.0397 364566.4918 371746.8662 351613.2345 
361444.8296 373082.2603 370427.4902 370479.8306 379799.7277 352965.2342 366795.6945 367442.4755 352619.9935 367677.0048 385942.0337 349176.4018 360689.7895 361321.6697 361201.4248 369295.668 385526.3923 371578.5222 371998.6641 319011.3944 
335078.0822 350933.3937 372891.2097 364709.5461 370184.0856 358409.3534 373788.321 370001.128 347956.3702 366133.4694 365387.9303 370645.8334 349960.1945 360830.1137 364374.404 347764.1222 368715.7974 373281.6317 354715.6213 360969.6869 
365097.0054 367834.0251 370542.6503 380971.3383 349674.887 363831.6057 381931.4001 375370.259 356053.2777 366810.6466 372088.3189 354800.753 359610.0689 360687.5903 355334.0635 359373.3448 371366.0852 368943.338 372580.7815 349510.3049 
364611.4151 355962.8033 360743.034 362746.3369 366079.2848 360570.3127 356081.8656 365235.5178 362386.3827 367264.115 378150.4444 372983.9155 369000.5244 360182.3818 351414.8877 359633.491 361382.0508 352172.0371 352337.8833 339973.9196 
348623.5041 359538.6103 352921.2569 367924.9779 380993.6824 366101.2399 367593.0721 375287.4709 370373.1008 356227.9424 374972.2592 370888.0624 361004.5987 354304.4308 369365.765 359330.5492 370165.1941 354307.2808 359372.4234 346800.0133 
355762.5329 358349.4651 367594.3819 346212.2493 370538.0022 378046.6053 350456.2806 361158.1653 366107.734 351744.4103 354355.5592 368650.7938 371938.0088 357367.1258 368638.8241 361440.3091 368541.7549 370994.4927 366361.1125 355980.3332 
350271.1604 338524.9563 376455.0937 362598.0715 360062.5103 356543.9896 367067.3866 366226.6056 355932.6479 364136.2279 352446.6908 371922.6045 359649.8249 374495.5029 372796.7019 364233.8348 355657.5306 372176.0161 354046.3873 340846.0473 
356369.4527 373287.0101 365171.2287 369743.8988 361858.9194 370504.1019 356656.6435 369997.527 368909.6889 369418.7515 364664.4964 364413.4655 360336.9883 358430.2265 367709.1832 358371.1303 365314.3596 368980.1189 352590.3038 329945.032 
352511.9753 348062.5522 381641.2343 365526.0142 372299.7985 362444.0181 355555.045 369360.1851 362076.4577 356126.6434 365170.197 362126.8076 360164.7161 350735.1253 361011.2924 366239.906 357570.9219 355687.0244 374125.8917 350850.8089 
363350.4175 347654.1684 364022.3486 370883.9466 368594.4063 354224.5449 377945.0105 370522.1528 357622.8106 353631.9149 373196.8577 374945.9879 365611.0504 358590.1033 350311.1542 360557.3342 371503.8925 359980.5887 367581.9332 369268.8192 
352484.9239 373279.0333 350754.9827 355802.9154 361775.6329 354051.2757 366716.2755 366556.0354 377131.907 344658.2805 373369.1248 367774.026 337878.3387 348718.0735 357775.1065 374069.401 353419.4967 358149.0023 350708.655 358066.2397 
361383.1846 357905.8025 357749.0568 362558.223 350508.2821 352781.198 362408.8434 347192.8106 368238.7954 376662.5908 362995.4849 362309.5605 382279.5293 361506.5955 359743.5293 381874.6053 371994.0911 366301.771 370600.4191 351283.9778 
# Events [PSD/PSD1.dat] N:
337 379 398 390 392 345 399 375 363 382 362 386 383 354 371 403 399 369 347 347 
349 364 389 352 363 370 376 388 352 381 423 405 391 398 336 367 390 349 376 377 
360 365 374 357 385 360 380 362 377 382 375 415 392 395 358 393 402 360 370 339 
380 364 444 367 379 384 400 386 401 376 359 362 345 379 395 370 333 366 393 383 
347 384 383 377 400 384 357 383 408 392 376 374 381 394 375 357 361 383 386 394 
335 349 372 363 358 361 389 388 354 370 379 379 356 378 373 393 385 388 384 372 
349 372 399 366 394 390 389 415 372 418 384 402 385 377 403 371 341 376 385 362 
330 377 396 379 381 401 376 366 399 363 381 373 372 370 373 392 361 380 396 353 
374 397 392 396 413 358 386 386 359 386 428 351 373 373 372 391 427 398 398 294 
322 351 401 381 393 368 402 393 347 385 384 394 350 373 381 346 390 400 361 375 
382 387 394 415 350 378 418 403 364 385 396 358 374 372 361 369 393 392 399 351 
383 362 372 376 382 370 362 383 376 386 411 398 389 372 353 373 375 354 354 332 
348 371 354 387 418 383 387 403 393 361 402 396 371 362 392 369 393 361 372 343 
362 367 387 345 392 411 352 376 385 354 360 390 395 366 389 372 390 396 385 361 
352 328 405 377 371 365 385 383 363 381 356 397 370 403 401 381 363 397 360 331 
364 399 383 391 372 392 365 393 391 387 384 379 371 368 389 368 383 391 355 310 
356 348 418 381 397 376 361 390 378 362 382 378 372 351 372 387 366 363 399 353 
379 345 379 395 389 361 411 391 365 360 396 401 383 368 350 371 395 372 386 390 
354 399 352 365 374 361 383 383 406 342 398 388 327 347 367 400 359 368 352 365 
375 365 365 379 353 357 377 345 387 406 379 379 420 375 371 416 398 387 394 354 
