# Format: McCode with text headers
# URL: http://www.mccode.org
# Creator: McStas 2.5 - Dec. 12, 2018
# Instrument: FZJ_SANS_KWS2_AnySample.instr
# Ncount: 1000000
# Trace: no
# Gravitation: no
# Seed: 1570825833
# Directory: FZJ_SANS_KWS2_AnySample/2
# Param: lambda=7
# Param: dlambda=0.7
# Param: FLUX=1e+08
# Param: NGblen=0.05
# Param: sample=2
# Param: Clen=10
# Param: Dlen=10
# Date: Fri Oct 11 20:25:24 2019 (1570818324)
# type: array_1d(500)
# Source: SANS_KWS2_AnySample (FZJ_SANS_KWS2_AnySample.instr)
# component: detector2
# position: 0 0 60.01
# title: PSD monitor radial sum
# Ncount: 1000000
# filename: PSDr.dat
# statistics: X0=0.246445; dX=0.0214702;
# signal: Min=0; Max=27.5494; Mean=3.47038;
# values: 1735.19 30.5756 3221
# xvar: r
# yvar: (I,I_err)
# xlabel: Radius [m]
# ylabel: Intensity
# xlimits: 0.00035 0.35035
# variables: r I I_err N
0.0007 0 0 0 
0.0014 0 0 0 
0.0021 0 0 0 
0.0028 0 0 0 
0.0035 0 0 0 
0.0042 0 0 0 
0.0049 0 0 0 
0.0056 0 0 0 
0.0063 0 0 0 
0.007 0 0 0 
0.0077 0 0 0 
0.0084 0 0 0 
0.0091 0 0 0 
0.0098 0 0 0 
0.0105 0 0 0 
0.0112 0 0 0 
0.0119 0 0 0 
0.0126 0 0 0 
0.0133 0 0 0 
0.014 0 0 0 
0.0147 0 0 0 
0.0154 0 0 0 
0.0161 0 0 0 
0.0168 0 0 0 
0.0175 0 0 0 
0.0182 0 0 0 
0.0189 0 0 0 
0.0196 0 0 0 
0.0203 0 0 0 
0.021 0 0 0 
0.0217 0 0 0 
0.0224 0 0 0 
0.0231 0 0 0 
0.0238 0 0 0 
0.0245 0 0 0 
0.0252 0 0 0 
0.0259 0 0 0 
0.0266 0 0 0 
0.0273 0 0 0 
0.028 0 0 0 
0.0287 0 0 0 
0.0294 0 0 0 
0.0301 0 0 0 
0.0308 0 0 0 
0.0315 0 0 0 
0.0322 0 0 0 
0.0329 0 0 0 
0.0336 0 0 0 
0.0343 0 0 0 
0.035 0 0 0 
0.0357 0 0 0 
0.0364 0 0 0 
0.0371 0 0 0 
0.0378 0 0 0 
0.0385 0 0 0 
0.0392 0 0 0 
0.0399 0 0 0 
0.0406 0 0 0 
0.0413 0 0 0 
0.042 0 0 0 
0.0427 0 0 0 
0.0434 0 0 0 
0.0441 0 0 0 
0.0448 0 0 0 
0.0455 0 0 0 
0.0462 0 0 0 
0.0469 0 0 0 
0.0476 0 0 0 
0.0483 0 0 0 
0.049 0 0 0 
0.0497 0 0 0 
0.0504 0 0 0 
0.0511 0 0 0 
0.0518 0 0 0 
0.0525 0 0 0 
0.0532 0 0 0 
0.0539 0 0 0 
0.0546 0 0 0 
0.0553 0 0 0 
0.056 0 0 0 
0.0567 0 0 0 
0.0574 0 0 0 
0.0581 0 0 0 
0.0588 0 0 0 
0.0595 0 0 0 
0.0602 0 0 0 
0.0609 0 0 0 
0.0616 0 0 0 
0.0623 0 0 0 
0.063 0 0 0 
0.0637 0 0 0 
0.0644 0 0 0 
0.0651 0 0 0 
0.0658 0 0 0 
0.0665 0 0 0 
0.0672 0 0 0 
0.0679 0 0 0 
0.0686 0 0 0 
0.0693 0 0 0 
0.07 0 0 0 
0.0707 0 0 0 
0.0714 0 0 0 
0.0721 0 0 0 
0.0728 0 0 0 
0.0735 0 0 0 
0.0742 0 0 0 
0.0749 0 0 0 
0.0756 0 0 0 
0.0763 0 0 0 
0.077 0 0 0 
0.0777 0 0 0 
0.0784 0 0 0 
0.0791 0 0 0 
0.0798 0 0 0 
0.0805 0 0 0 
0.0812 0 0 0 
0.0819 0 0 0 
0.0826 0 0 0 
0.0833 0 0 0 
0.084 0 0 0 
0.0847 0 0 0 
0.0854 0 0 0 
0.0861 0 0 0 
0.0868 0 0 0 
0.0875 0 0 0 
0.0882 0 0 0 
0.0889 0 0 0 
0.0896 0 0 0 
0.0903 0 0 0 
0.091 0 0 0 
0.0917 0 0 0 
0.0924 0 0 0 
0.0931 0 0 0 
0.0938 0 0 0 
0.0945 0 0 0 
0.0952 0 0 0 
0.0959 0 0 0 
0.0966 0 0 0 
0.0973 0 0 0 
0.098 0 0 0 
0.0987 0 0 0 
0.0994 0 0 0 
0.1001 0 0 0 
0.1008 0 0 0 
0.1015 0 0 0 
0.1022 0 0 0 
0.1029 0 0 0 
0.1036 0 0 0 
0.1043 0 0 0 
0.105 0 0 0 
0.1057 0 0 0 
0.1064 0 0 0 
0.1071 0 0 0 
0.1078 0 0 0 
0.1085 0 0 0 
0.1092 0 0 0 
0.1099 0 0 0 
0.1106 0 0 0 
0.1113 0 0 0 
0.112 0 0 0 
0.1127 0 0 0 
0.1134 0 0 0 
0.1141 0 0 0 
0.1148 0 0 0 
0.1155 0 0 0 
0.1162 0 0 0 
0.1169 0 0 0 
0.1176 0 0 0 
0.1183 0 0 0 
0.119 0 0 0 
0.1197 0 0 0 
0.1204 0 0 0 
0.1211 0 0 0 
0.1218 0 0 0 
0.1225 0 0 0 
0.1232 0 0 0 
0.1239 0 0 0 
0.1246 0 0 0 
0.1253 0 0 0 
0.126 0 0 0 
0.1267 0 0 0 
0.1274 0 0 0 
0.1281 0 0 0 
0.1288 0 0 0 
0.1295 0 0 0 
0.1302 0 0 0 
0.1309 0 0 0 
0.1316 0 0 0 
0.1323 0 0 0 
0.133 0 0 0 
0.1337 0 0 0 
0.1344 0 0 0 
0.1351 0 0 0 
0.1358 0 0 0 
0.1365 0 0 0 
0.1372 0 0 0 
0.1379 0 0 0 
0.1386 0 0 0 
0.1393 0 0 0 
0.14 0 0 0 
0.1407 0 0 0 
0.1414 0 0 0 
0.1421 0 0 0 
0.1428 0 0 0 
0.1435 0 0 0 
0.1442 0 0 0 
0.1449 0 0 0 
0.1456 0 0 0 
0.1463 0 0 0 
0.147 0 0 0 
0.1477 0 0 0 
0.1484 0 0 0 
0.1491 0 0 0 
0.1498 0 0 0 
0.1505 0 0 0 
0.1512 0 0 0 
0.1519 0 0 0 
0.1526 0 0 0 
0.1533 0 0 0 
0.154 0 0 0 
0.1547 0 0 0 
0.1554 0 0 0 
0.1561 0 0 0 
0.1568 0 0 0 
0.1575 0 0 0 
0.1582 0 0 0 
0.1589 0 0 0 
0.1596 0 0 0 
0.1603 0 0 0 
0.161 0 0 0 
0.1617 0 0 0 
0.1624 0 0 0 
0.1631 0 0 0 
0.1638 0 0 0 
0.1645 0 0 0 
0.1652 0 0 0 
0.1659 0 0 0 
0.1666 0 0 0 
0.1673 0 0 0 
0.168 0 0 0 
0.1687 0 0 0 
0.1694 0 0 0 
0.1701 0 0 0 
0.1708 0 0 0 
0.1715 0 0 0 
0.1722 0 0 0 
0.1729 0 0 0 
0.1736 0 0 0 
0.1743 0 0 0 
0.175 0 0 0 
0.1757 0 0 0 
0.1764 0 0 0 
0.1771 0 0 0 
0.1778 0 0 0 
0.1785 0 0 0 
0.1792 0 0 0 
0.1799 0 0 0 
0.1806 0 0 0 
0.1813 0 0 0 
0.182 0 0 0 
0.1827 0 0 0 
0.1834 0.5279413892 0.5279413892 1 
0.1841 0 0 0 
0.1848 0 0 0 
0.1855 0.5332764903 0.5332764903 1 
0.1862 0.5279426797 0.5279426797 1 
0.1869 0 0 0 
0.1876 0 0 0 
0.1883 0 0 0 
0.189 0 0 0 
0.1897 0 0 0 
0.1904 0 0 0 
0.1911 1.066607621 0.75428171 2 
0.1918 0.5279444732 0.5279444732 1 
0.1925 0.5279411611 0.5279411611 1 
0.1932 1.077337262 0.7617924838 2 
0.1939 0.5332819835 0.5332819835 1 
0.1946 1.066560379 0.7541720765 2 
0.1953 0.5332800744 0.5332800744 1 
0.196 0.5332786423 0.5332786423 1 
0.1967 1.605229342 0.926795255 3 
0.1974 1.605233124 0.9267974367 3 
0.1981 1.06656204 0.7541732509 2 
0.1988 2.143898481 1.071967313 4 
0.1995 2.127838144 1.063968544 4 
0.2002 1.066610688 0.7542838632 2 
0.2009 2.138560553 1.069329624 4 
0.2016 3.749190631 1.417104922 7 
0.2023 5.327572366 1.684772743 10 
0.203 3.743736575 1.415016535 7 
0.2037 4.293292596 1.517972343 8 
0.2044 6.959760834 1.930364158 13 
0.2051 1.071949418 0.758001864 2 
0.2058 5.35980028 1.694960239 10 
0.2065 8.064052081 2.082192597 15 
0.2072 7.525214991 2.011216623 14 
0.2079 4.298687413 1.519875436 8 
0.2086 2.671843501 1.194926967 5 
0.2093 6.405074034 1.849095703 12 
0.21 9.642495471 2.272869287 18 
0.2107 9.642460931 2.272847422 18 
0.2114 8.058608527 2.08077555 15 
0.2121 6.437321278 1.858388625 12 
0.2128 6.421037378 1.853650387 12 
0.2135 7.520042138 2.009901115 14 
0.2142 8.597386554 2.149426242 16 
0.2149 10.75778953 2.405659291 20 
0.2156 5.914767693 1.783438625 11 
0.2163 6.464368699 1.866204907 12 
0.217 10.78484908 2.411705139 20 
0.2177 9.691064208 2.284306951 18 
0.2184 18.2991734 3.13839179 34 
0.2191 5.359867629 1.695000876 10 
0.2198 10.79012651 2.412851597 20 
0.2205 16.18800187 2.955656825 30 
0.2212 10.22984925 2.347013784 19 
0.2219 9.163347552 2.222570645 17 
0.2226 12.94512842 2.64257975 24 
0.2233 9.685620873 2.283016042 18 
0.224 11.30186283 2.466404893 21 
0.2247 14.52875692 2.796238931 27 
0.2254 15.10531968 2.854804561 28 
0.2261 15.09955168 2.853646355 28 
0.2268 16.69977896 2.999551097 31 
0.2275 11.38350148 2.484264484 21 
0.2282 18.34263336 3.145861929 34 
0.2289 11.85653338 2.527900566 22 
0.2296 18.38072831 3.152412205 34 
0.2303 11.26411841 2.458188806 21 
0.231 17.78303856 3.095898264 33 
0.2317 15.15947655 2.865005107 28 
0.2324 23.72417648 3.576704007 44 
0.2331 16.76978508 3.012020771 31 
0.2338 16.70494022 3.000432701 31 
0.2345 19.41496484 3.236021234 36 
0.2352 16.17716045 2.953679685 30 
0.2359 15.64953594 2.906236329 29 
0.2366 27.5494024 3.857868403 51 
0.2373 18.3596521 3.148915062 34 
0.238 16.16649623 2.951764675 30 
0.2387 17.25979034 3.051245679 32 
0.2394 19.96478406 3.282434022 37 
0.2401 24.79626134 3.656184872 46 
0.2408 25.92778468 3.742511705 48 
0.2415 19.96418753 3.282235607 37 
0.2422 23.25076568 3.545879123 43 
0.2429 17.30327231 3.058942474 32 
0.2436 18.36973411 3.150504875 34 
0.2443 21.54775338 3.40714857 40 
0.245 20.50308032 3.326216262 38 
0.2457 24.27377858 3.618684063 45 
0.2464 19.38758596 3.231408948 36 
0.2471 19.4091986 3.235000841 36 
0.2478 20.51364539 3.327881526 38 
0.2485 18.35390683 3.147869108 34 
0.2492 17.29794436 3.058018725 32 
0.2499 25.38379324 3.702782302 47 
0.2506 15.08883155 2.851643646 28 
0.2513 19.89375306 3.270649039 37 
0.252 21.58041511 3.412335369 40 
0.2527 25.91689329 3.740935978 48 
0.2534 22.09770947 3.451300598 41 
0.2541 26.9781784 3.81547393 50 
0.2548 18.3754507 3.151534579 34 
0.2555 21.11789602 3.381756872 39 
0.2562 14.57730773 2.805538481 27 
0.2569 16.73222531 3.005363201 31 
0.2576 17.26581733 3.052424215 32 
0.2583 15.10527548 2.854786207 28 
0.259 21.00403183 3.363547664 39 
0.2597 16.13970603 2.946927006 30 
0.2604 23.21843918 3.540990897 43 
0.2611 18.26140129 3.131924772 34 
0.2618 18.91401338 3.19720162 35 
0.2625 21.47751876 3.396056324 40 
0.2632 22.11383031 3.453793825 41 
0.2639 16.20440019 2.958669202 30 
0.2646 12.94508775 2.642559886 24 
0.2653 19.39317483 3.232373489 36 
0.266 15.09427 2.852676493 28 
0.2667 13.52164136 2.704453585 25 
0.2674 17.74961502 3.089909794 33 
0.2681 14.02231991 2.750129544 26 
0.2688 14.55566002 2.801379019 27 
0.2695 10.77928875 2.410430835 20 
0.2702 13.48386239 2.696945712 25 
0.2709 14.02267988 2.750277425 26 
0.2716 12.37907548 2.581320843 23 
0.2723 12.35725834 2.576728075 23 
0.273 12.92334598 2.638111795 24 
0.2737 10.70889115 2.394649666 20 
0.2744 8.064212646 2.082279914 15 
0.2751 9.69655616 2.28562177 18 
0.2758 11.84047931 2.524518944 22 
0.2765 8.597548655 2.149510537 16 
0.2772 10.80101833 2.415294608 20 
0.2779 7.519975951 2.009867203 14 
0.2786 9.125171658 2.21323454 17 
0.2793 4.848306689 1.616203729 9 
0.28 5.898589807 1.778569846 11 
0.2807 7.51460473 2.008434543 14 
0.2814 5.376084209 1.700139389 10 
0.2821 6.426585585 1.855305624 12 
0.2828 8.575771412 2.144014884 16 
0.2835 6.976040896 1.934912119 13 
0.2842 5.354467379 1.693291739 10 
0.2849 5.338366462 1.688205026 10 
0.2856 4.293192285 1.517893175 8 
0.2863 3.749238204 1.417147208 7 
0.287 4.282475186 1.514125798 8 
0.2877 4.788905683 1.596337808 9 
0.2884 3.205130661 1.308526525 6 
0.2891 2.14929026 1.074658641 4 
0.2898 3.760015403 1.421216914 7 
0.2905 3.215956007 1.312981577 6 
0.2912 2.688018428 1.20216103 5 
0.2919 3.727684022 1.408966069 7 
0.2926 1.599843417 0.9236700276 3 
0.2933 1.599892546 0.9237451013 3 
0.294 1.599842009 0.9236692144 3 
0.2947 3.738402517 1.413017322 7 
0.2954 1.066614566 0.7542866325 2 
0.2961 3.20512018 1.308522256 6 
0.2968 1.605228262 0.926794624 3 
0.2975 0 0 0 
0.2982 1.589169194 0.9175227708 3 
0.2989 0 0 0 
0.2996 0 0 0 
0.3003 0 0 0 
0.301 0.5332758375 0.5332758375 1 
0.3017 0.52794552 0.52794552 1 
0.3024 0.5279445314 0.5279445314 1 
0.3031 0 0 0 
0.3038 0.5279426544 0.5279426544 1 
0.3045 0 0 0 
0.3052 0 0 0 
0.3059 0.5279432347 0.5279432347 1 
0.3066 0 0 0 
0.3073 0 0 0 
0.308 0 0 0 
0.3087 0 0 0 
0.3094 0.5279414993 0.5279414993 1 
0.3101 0 0 0 
0.3108 0 0 0 
0.3115 0 0 0 
0.3122 0 0 0 
0.3129 0 0 0 
0.3136 0 0 0 
0.3143 0 0 0 
0.315 0 0 0 
0.3157 0 0 0 
0.3164 0 0 0 
0.3171 0 0 0 
0.3178 0 0 0 
0.3185 0 0 0 
0.3192 0 0 0 
0.3199 0 0 0 
0.3206 0 0 0 
0.3213 0 0 0 
0.322 0 0 0 
0.3227 0 0 0 
0.3234 0 0 0 
0.3241 0 0 0 
0.3248 0 0 0 
0.3255 0 0 0 
0.3262 0 0 0 
0.3269 0 0 0 
0.3276 0 0 0 
0.3283 0 0 0 
0.329 0 0 0 
0.3297 0 0 0 
0.3304 0 0 0 
0.3311 0 0 0 
0.3318 0 0 0 
0.3325 0 0 0 
0.3332 0 0 0 
0.3339 0 0 0 
0.3346 0 0 0 
0.3353 0 0 0 
0.336 0 0 0 
0.3367 0 0 0 
0.3374 0 0 0 
0.3381 0 0 0 
0.3388 0 0 0 
0.3395 0 0 0 
0.3402 0 0 0 
0.3409 0 0 0 
0.3416 0 0 0 
0.3423 0 0 0 
0.343 0 0 0 
0.3437 0 0 0 
0.3444 0 0 0 
0.3451 0 0 0 
0.3458 0 0 0 
0.3465 0 0 0 
0.3472 0 0 0 
0.3479 0 0 0 
0.3486 0 0 0 
0.3493 0 0 0 
0.35 0 0 0 
