# Format: McCode with text headers
# URL: http://www.mccode.org
# Creator: McStas 2.5 - Dec. 12, 2018
# Instrument: FZJ_SANS_KWS2_AnySample.instr
# Ncount: 1000000
# Trace: no
# Gravitation: no
# Seed: 1570825833
# Directory: FZJ_SANS_KWS2_AnySample/2
# Param: lambda=7
# Param: dlambda=0.7
# Param: FLUX=1e+08
# Param: NGblen=0.05
# Param: sample=2
# Param: Clen=10
# Param: Dlen=10
# Date: Fri Oct 11 20:25:24 2019 (1570818324)
# type: array_1d(500)
# Source: SANS_KWS2_AnySample (FZJ_SANS_KWS2_AnySample.instr)
# component: detector2
# position: 0 0 60.01
# title: PSD monitor radial average
# Ncount: 1000000
# filename: PSDr_av.dat
# statistics: X0=0.244543; dX=0.021551;
# signal: Min=0; Max=26513.2; Mean=3231.22;
# values: 1.61561e+06 28580.6 3221
# xvar: r
# yvar: (I,I_err)
# xlabel: Radius [m]
# ylabel: Intensity/m^2
# xlimits: 0.00035 0.35035
# variables: r I I_err N
0.0007 0 0 0 
0.0014 0 0 0 
0.0021 0 0 0 
0.0028 0 0 0 
0.0035 0 0 0 
0.0042 0 0 0 
0.0049 0 0 0 
0.0056 0 0 0 
0.0063 0 0 0 
0.007 0 0 0 
0.0077 0 0 0 
0.0084 0 0 0 
0.0091 0 0 0 
0.0098 0 0 0 
0.0105 0 0 0 
0.0112 0 0 0 
0.0119 0 0 0 
0.0126 0 0 0 
0.0133 0 0 0 
0.014 0 0 0 
0.0147 0 0 0 
0.0154 0 0 0 
0.0161 0 0 0 
0.0168 0 0 0 
0.0175 0 0 0 
0.0182 0 0 0 
0.0189 0 0 0 
0.0196 0 0 0 
0.0203 0 0 0 
0.021 0 0 0 
0.0217 0 0 0 
0.0224 0 0 0 
0.0231 0 0 0 
0.0238 0 0 0 
0.0245 0 0 0 
0.0252 0 0 0 
0.0259 0 0 0 
0.0266 0 0 0 
0.0273 0 0 0 
0.028 0 0 0 
0.0287 0 0 0 
0.0294 0 0 0 
0.0301 0 0 0 
0.0308 0 0 0 
0.0315 0 0 0 
0.0322 0 0 0 
0.0329 0 0 0 
0.0336 0 0 0 
0.0343 0 0 0 
0.035 0 0 0 
0.0357 0 0 0 
0.0364 0 0 0 
0.0371 0 0 0 
0.0378 0 0 0 
0.0385 0 0 0 
0.0392 0 0 0 
0.0399 0 0 0 
0.0406 0 0 0 
0.0413 0 0 0 
0.042 0 0 0 
0.0427 0 0 0 
0.0434 0 0 0 
0.0441 0 0 0 
0.0448 0 0 0 
0.0455 0 0 0 
0.0462 0 0 0 
0.0469 0 0 0 
0.0476 0 0 0 
0.0483 0 0 0 
0.049 0 0 0 
0.0497 0 0 0 
0.0504 0 0 0 
0.0511 0 0 0 
0.0518 0 0 0 
0.0525 0 0 0 
0.0532 0 0 0 
0.0539 0 0 0 
0.0546 0 0 0 
0.0553 0 0 0 
0.056 0 0 0 
0.0567 0 0 0 
0.0574 0 0 0 
0.0581 0 0 0 
0.0588 0 0 0 
0.0595 0 0 0 
0.0602 0 0 0 
0.0609 0 0 0 
0.0616 0 0 0 
0.0623 0 0 0 
0.063 0 0 0 
0.0637 0 0 0 
0.0644 0 0 0 
0.0651 0 0 0 
0.0658 0 0 0 
0.0665 0 0 0 
0.0672 0 0 0 
0.0679 0 0 0 
0.0686 0 0 0 
0.0693 0 0 0 
0.07 0 0 0 
0.0707 0 0 0 
0.0714 0 0 0 
0.0721 0 0 0 
0.0728 0 0 0 
0.0735 0 0 0 
0.0742 0 0 0 
0.0749 0 0 0 
0.0756 0 0 0 
0.0763 0 0 0 
0.077 0 0 0 
0.0777 0 0 0 
0.0784 0 0 0 
0.0791 0 0 0 
0.0798 0 0 0 
0.0805 0 0 0 
0.0812 0 0 0 
0.0819 0 0 0 
0.0826 0 0 0 
0.0833 0 0 0 
0.084 0 0 0 
0.0847 0 0 0 
0.0854 0 0 0 
0.0861 0 0 0 
0.0868 0 0 0 
0.0875 0 0 0 
0.0882 0 0 0 
0.0889 0 0 0 
0.0896 0 0 0 
0.0903 0 0 0 
0.091 0 0 0 
0.0917 0 0 0 
0.0924 0 0 0 
0.0931 0 0 0 
0.0938 0 0 0 
0.0945 0 0 0 
0.0952 0 0 0 
0.0959 0 0 0 
0.0966 0 0 0 
0.0973 0 0 0 
0.098 0 0 0 
0.0987 0 0 0 
0.0994 0 0 0 
0.1001 0 0 0 
0.1008 0 0 0 
0.1015 0 0 0 
0.1022 0 0 0 
0.1029 0 0 0 
0.1036 0 0 0 
0.1043 0 0 0 
0.105 0 0 0 
0.1057 0 0 0 
0.1064 0 0 0 
0.1071 0 0 0 
0.1078 0 0 0 
0.1085 0 0 0 
0.1092 0 0 0 
0.1099 0 0 0 
0.1106 0 0 0 
0.1113 0 0 0 
0.112 0 0 0 
0.1127 0 0 0 
0.1134 0 0 0 
0.1141 0 0 0 
0.1148 0 0 0 
0.1155 0 0 0 
0.1162 0 0 0 
0.1169 0 0 0 
0.1176 0 0 0 
0.1183 0 0 0 
0.119 0 0 0 
0.1197 0 0 0 
0.1204 0 0 0 
0.1211 0 0 0 
0.1218 0 0 0 
0.1225 0 0 0 
0.1232 0 0 0 
0.1239 0 0 0 
0.1246 0 0 0 
0.1253 0 0 0 
0.126 0 0 0 
0.1267 0 0 0 
0.1274 0 0 0 
0.1281 0 0 0 
0.1288 0 0 0 
0.1295 0 0 0 
0.1302 0 0 0 
0.1309 0 0 0 
0.1316 0 0 0 
0.1323 0 0 0 
0.133 0 0 0 
0.1337 0 0 0 
0.1344 0 0 0 
0.1351 0 0 0 
0.1358 0 0 0 
0.1365 0 0 0 
0.1372 0 0 0 
0.1379 0 0 0 
0.1386 0 0 0 
0.1393 0 0 0 
0.14 0 0 0 
0.1407 0 0 0 
0.1414 0 0 0 
0.1421 0 0 0 
0.1428 0 0 0 
0.1435 0 0 0 
0.1442 0 0 0 
0.1449 0 0 0 
0.1456 0 0 0 
0.1463 0 0 0 
0.147 0 0 0 
0.1477 0 0 0 
0.1484 0 0 0 
0.1491 0 0 0 
0.1498 0 0 0 
0.1505 0 0 0 
0.1512 0 0 0 
0.1519 0 0 0 
0.1526 0 0 0 
0.1533 0 0 0 
0.154 0 0 0 
0.1547 0 0 0 
0.1554 0 0 0 
0.1561 0 0 0 
0.1568 0 0 0 
0.1575 0 0 0 
0.1582 0 0 0 
0.1589 0 0 0 
0.1596 0 0 0 
0.1603 0 0 0 
0.161 0 0 0 
0.1617 0 0 0 
0.1624 0 0 0 
0.1631 0 0 0 
0.1638 0 0 0 
0.1645 0 0 0 
0.1652 0 0 0 
0.1659 0 0 0 
0.1666 0 0 0 
0.1673 0 0 0 
0.168 0 0 0 
0.1687 0 0 0 
0.1694 0 0 0 
0.1701 0 0 0 
0.1708 0 0 0 
0.1715 0 0 0 
0.1722 0 0 0 
0.1729 0 0 0 
0.1736 0 0 0 
0.1743 0 0 0 
0.175 0 0 0 
0.1757 0 0 0 
0.1764 0 0 0 
0.1771 0 0 0 
0.1778 0 0 0 
0.1785 0 0 0 
0.1792 0 0 0 
0.1799 0 0 0 
0.1806 0 0 0 
0.1813 0 0 0 
0.182 0 0 0 
0.1827 0 0 0 
0.1834 655.7496527 655.7496527 1 
0.1841 0 0 0 
0.1848 0 0 0 
0.1855 654.8635428 654.8635428 1 
0.1862 645.871764 645.871764 1 
0.1869 0 0 0 
0.1876 0 0 0 
0.1883 0 0 0 
0.189 0 0 0 
0.1897 0 0 0 
0.1904 0 0 0 
0.1911 1271.341511 899.0650637 2 
0.1918 626.9818497 626.9818497 1 
0.1925 624.6938437 624.6938437 1 
0.1932 1270.147418 898.1298523 2 
0.1939 626.4491548 626.4491548 1 
0.1946 1248.379161 882.7373702 2 
0.1953 621.948191 621.948191 1 
0.196 619.7213097 619.7213097 1 
0.1967 1858.781218 1073.185973 3 
0.1974 1852.182451 1069.376107 3 
0.1981 1226.285864 867.1150503 2 
0.1988 2456.264915 1228.153164 4 
0.1995 2429.29564 1214.704301 4 
0.2002 1213.455544 858.1293493 2 
0.2009 2424.493237 1212.302564 4 
0.2016 4235.685689 1600.988488 7 
0.2023 5998.01561 1896.791355 10 
0.203 4200.304407 1587.585042 7 
0.2037 4800.300248 1697.234198 8 
0.2044 7754.964396 2150.922377 13 
0.2051 1190.343964 841.7215666 2 
0.2058 5931.500251 1875.752184 10 
0.2065 8893.896608 2296.464047 15 
0.2072 8271.522937 2210.677629 14 
0.2079 4709.070796 1664.973594 8 
0.2086 2917.078377 1304.603214 5 
0.2093 6969.536071 2012.05156 12 
0.21 10457.2302 2464.913509 18 
0.2107 10422.39343 2456.687168 18 
0.2114 8681.540471 2241.619889 15 
0.2121 6912.002035 1995.424091 12 
0.2128 6871.800683 1983.778515 12 
0.2135 8021.526615 2143.934168 14 
0.2142 9140.696535 2285.258768 16 
0.2149 11400.30882 2549.339598 20 
0.2156 6247.649016 1883.810007 11 
0.2163 6806.047911 1964.844612 12 
0.217 11318.20278 2530.973553 20 
0.2177 10137.57121 2389.554325 18 
0.2184 19080.83927 3272.451055 34 
0.2191 5570.935037 1761.748688 10 
0.2198 11179.25965 2499.868233 20 
0.2205 16718.47452 3052.512208 30 
0.2212 10531.58948 2416.241438 19 
0.2219 9403.824085 2280.898247 17 
0.2226 13243.00933 2703.388268 24 
0.2233 9877.387235 2328.217654 18 
0.224 11489.55534 2507.365018 21 
0.2247 14723.9548 2833.807176 27 
0.2254 15260.64871 2884.16071 28 
0.2261 15207.51962 2874.051089 28 
0.2268 16767.19786 3011.660626 31 
0.2275 11394.23622 2486.607167 21 
0.2282 18303.52531 3139.154684 34 
0.2289 11795.01762 2514.784953 22 
0.2296 18229.52964 3126.480667 34 
0.2303 11137.45302 2430.546389 21 
0.231 17529.70481 3051.794692 33 
0.2317 14898.30268 2815.645588 28 
0.2324 23245.11317 3504.47947 44 
0.2331 16381.73509 2942.32312 31 
0.2338 16269.46003 2922.214581 31 
0.2345 18852.3085 3142.239561 36 
0.2352 15661.51678 2859.531751 30 
0.2359 15105.6858 2805.239273 29 
0.2366 26513.21887 3712.7669 51 
0.2373 17616.91367 3021.525925 34 
0.238 15466.78962 2824.008529 30 
0.2387 16464.26893 2910.610641 32 
0.2394 18988.81926 3121.974482 37 
0.2401 23515.25436 3467.301625 46 
0.2408 24516.74001 3538.836333 48 
0.2415 18822.89701 3094.600405 37 
0.2422 21858.14282 3333.495909 43 
0.2429 16219.93297 2867.425364 32 
0.2436 17170.07187 2944.756565 34 
0.2443 20082.75386 3175.501635 40 
0.245 19054.43101 3091.201774 38 
0.2457 22494.3483 3353.410324 45 
0.2464 17915.23291 2986.00579 36 
0.2471 17884.3242 2980.844549 36 
0.2478 18848.52966 3057.753629 38 
0.2485 16816.52801 2884.194058 34 
0.2492 15804.43382 2793.988324 32 
0.2499 23127.09259 3373.593076 47 
0.2506 13708.93179 2590.855899 28 
0.2513 18024.01809 2963.253702 37 
0.252 19497.77037 3083.023709 40 
0.2527 23350.7978 3370.536685 48 
0.2534 19854.68537 3100.97694 41 
0.2541 24172.89485 3418.727861 50 
0.2548 16419.41336 2816.058763 34 
0.2555 18818.16041 3013.484071 39 
0.2562 12954.30125 2493.175785 27 
0.2569 14828.72382 2663.465263 31 
0.2576 15259.97598 2697.81148 32 
0.2583 13314.20408 2516.286857 28 
0.259 18463.42542 2956.69955 39 
0.2597 14149.18612 2583.48068 30 
0.2604 20300.10364 3095.922238 43 
0.2611 15923.2559 2730.920744 34 
0.2618 16448.15301 2780.375608 35 
0.2625 18627.57568 2945.419204 40 
0.2632 19128.37525 2987.51792 41 
0.2639 13979.51265 2552.439648 30 
0.2646 11138.12517 2273.693571 24 
0.2653 16642.05988 2773.829125 36 
0.266 12918.86576 2441.545346 28 
0.2667 11542.4713 2308.601231 25 
0.2674 15111.87829 2630.724141 33 
0.2681 11907.27772 2335.316586 26 
0.2688 12327.94211 2372.632937 27 
0.2695 9105.793838 2036.209136 20 
0.2702 11360.93254 2272.332467 25 
0.2709 11784.34838 2311.271996 26 
0.2716 10376.25308 2163.686488 23 
0.2723 10331.30432 2154.277363 23 
0.273 10776.84312 2199.934676 24 
0.2737 8907.329492 1991.796657 20 
0.2744 6690.43347 1727.553059 15 
0.2751 8024.20301 1891.423387 18 
0.2758 9773.465813 2083.809189 22 
0.2765 7078.670324 1769.769158 16 
0.2772 8870.380856 1983.570659 20 
0.2779 6160.235451 1646.448775 14 
0.2786 7456.378776 1808.482696 17 
0.2793 3951.716771 1317.321653 9 
0.28 4795.738168 1446.032963 11 
0.2807 6094.353936 1628.842953 14 
0.2814 4349.151784 1375.381034 10 
0.2821 5186.071051 1497.178659 12 
0.2828 6903.251706 1725.870909 16 
0.2835 5601.631603 1553.698586 13 
0.2842 4288.935056 1356.328797 10 
0.2849 4265.519042 1348.927755 10 
0.2856 3421.974577 1209.867043 8 
0.2863 2981.089566 1126.800306 7 
0.287 3396.76108 1200.969849 8 
0.2877 3789.196905 1263.094051 9 
0.2884 2529.88017 1032.848785 6 
0.2891 1692.36942 846.1953487 4 
0.2898 2953.508069 1116.371923 7 
0.2905 2520.052659 1028.864421 6 
0.2912 2101.286475 939.7572156 5 
0.2919 2907.020793 1098.777051 7 
0.2926 1244.643715 718.595384 3 
0.2933 1241.707786 716.9365763 3 
0.294 1238.708686 715.1687931 3 
0.2947 2887.647066 1091.454253 7 
0.2954 821.9283929 581.2498902 2 
0.2961 2464.005409 1005.954765 6 
0.2968 1231.139979 710.8110047 3 
0.2975 0 0 0 
0.2982 1213.094475 700.3922606 3 
0.2989 0 0 0 
0.2996 0 0 0 
0.3003 0 0 0 
0.301 403.2856695 403.2856695 1 
0.3017 398.3272379 398.3272379 1 
0.3024 397.4033715 397.4033715 1 
0.3031 0 0 0 
0.3038 395.5685009 395.5685009 1 
0.3045 0 0 0 
0.3052 0 0 0 
0.3059 392.8502489 392.8502489 1 
0.3066 0 0 0 
0.3073 0 0 0 
0.308 0 0 0 
0.3087 0 0 0 
0.3094 388.3999319 388.3999319 1 
0.3101 0 0 0 
0.3108 0 0 0 
0.3115 0 0 0 
0.3122 0 0 0 
0.3129 0 0 0 
0.3136 0 0 0 
0.3143 0 0 0 
0.315 0 0 0 
0.3157 0 0 0 
0.3164 0 0 0 
0.3171 0 0 0 
0.3178 0 0 0 
0.3185 0 0 0 
0.3192 0 0 0 
0.3199 0 0 0 
0.3206 0 0 0 
0.3213 0 0 0 
0.322 0 0 0 
0.3227 0 0 0 
0.3234 0 0 0 
0.3241 0 0 0 
0.3248 0 0 0 
0.3255 0 0 0 
0.3262 0 0 0 
0.3269 0 0 0 
0.3276 0 0 0 
0.3283 0 0 0 
0.329 0 0 0 
0.3297 0 0 0 
0.3304 0 0 0 
0.3311 0 0 0 
0.3318 0 0 0 
0.3325 0 0 0 
0.3332 0 0 0 
0.3339 0 0 0 
0.3346 0 0 0 
0.3353 0 0 0 
0.336 0 0 0 
0.3367 0 0 0 
0.3374 0 0 0 
0.3381 0 0 0 
0.3388 0 0 0 
0.3395 0 0 0 
0.3402 0 0 0 
0.3409 0 0 0 
0.3416 0 0 0 
0.3423 0 0 0 
0.343 0 0 0 
0.3437 0 0 0 
0.3444 0 0 0 
0.3451 0 0 0 
0.3458 0 0 0 
0.3465 0 0 0 
0.3472 0 0 0 
0.3479 0 0 0 
0.3486 0 0 0 
0.3493 0 0 0 
0.35 0 0 0 
