# Format: McCode with text headers
# URL: http://www.mccode.org
# Creator: McStas 2.5 - Dec. 12, 2018
# Instrument: FZJ_SANS_KWS2_AnySample.instr
# Ncount: 1000000
# Trace: no
# Gravitation: no
# Seed: 1570825822
# Directory: FZJ_SANS_KWS2_AnySample/0
# Param: lambda=7
# Param: dlambda=0.7
# Param: FLUX=1e+08
# Param: NGblen=0.05
# Param: sample=0
# Param: Clen=10
# Param: Dlen=10
# Date: Fri Oct 11 20:25:24 2019 (1570818324)
# type: array_1d(500)
# Source: SANS_KWS2_AnySample (FZJ_SANS_KWS2_AnySample.instr)
# component: detector2
# position: 0 0 60.01
# title: PSD monitor radial sum
# Ncount: 1000000
# filename: PSDr.dat
# statistics: X0=0.0209665; dX=0.00849034;
# signal: Min=0; Max=106.947; Mean=6.86885;
# values: 3434.42 43.0098 6377
# xvar: r
# yvar: (I,I_err)
# xlabel: Radius [m]
# ylabel: Intensity
# xlimits: 0.00035 0.35035
# variables: r I I_err N
0.0007 3.841791448 1.452071083 7 
0.0014 3.841791453 1.452071084 7 
0.0021 10.4261485 2.391939349 19 
0.0028 10.42065305 2.390682829 19 
0.0035 14.79006882 2.846383138 27 
0.0042 22.94636653 3.540754069 42 
0.0049 21.34694123 3.418289087 39 
0.0056 36.65391658 4.478079386 67 
0.0063 32.26240008 4.200282305 59 
0.007 33.85637528 4.299849873 62 
0.0077 40.36388555 4.692295968 74 
0.0084 40.93559035 4.72694402 75 
0.0091 55.56100915 5.501463679 102 
0.0098 55.49009347 5.494464293 102 
0.0105 62.01407511 5.808277339 114 
0.0112 65.19113717 5.951215517 120 
0.0119 67.37302176 6.050378819 124 
0.0126 77.60746888 6.489958167 143 
0.0133 79.79474095 6.581447241 147 
0.014 78.0316572 6.502736291 144 
0.0147 84.4850541 6.764338428 156 
0.0154 96.85798251 7.239616796 179 
0.0161 103.295188 7.474315469 191 
0.0168 98.91495206 7.312127319 183 
0.0175 106.9466476 7.600528377 198 
0.0182 102.6641289 7.448182394 190 
0.0189 88.45222537 6.907094402 164 
0.0196 85.68837477 6.79566636 159 
0.0203 100.3250579 7.356348532 186 
0.021 85.04656176 6.766061139 158 
0.0217 93.14857993 7.082095993 173 
0.0224 96.27278137 7.195932223 179 
0.0231 105.920177 7.546659746 197 
0.0238 103.0970314 7.440540045 192 
0.0245 92.73795665 7.050871128 173 
0.0252 97.09044161 7.216813481 181 
0.0259 94.79010274 7.124985249 177 
0.0266 84.07583111 6.710095049 157 
0.0273 89.39784341 6.917924779 167 
0.028 89.33858596 6.913336328 167 
0.0287 89.85048117 6.932237239 168 
0.0294 69.47817653 6.093763063 130 
0.0301 73.20013247 6.254009442 137 
0.0308 67.89421337 6.024746877 127 
0.0315 57.11565367 5.521681436 107 
0.0322 51.68072795 5.24746619 97 
0.0329 42.12461674 4.739490937 79 
0.0336 50.03283753 5.160595745 94 
0.0343 36.17272601 4.386682645 68 
0.035 35.11126434 4.321965459 66 
0.0357 33.45269731 4.214717491 63 
0.0364 21.20310825 3.352547557 40 
0.0371 19.10199389 3.183707014 36 
0.0378 19.60325734 3.222793911 37 
0.0385 12.70798111 2.594034151 24 
0.0392 13.22524182 2.645070773 25 
0.0399 7.401864495 1.978244775 14 
0.0406 8.452412073 2.113109749 16 
0.0413 4.756814984 1.585613965 9 
0.042 3.700925326 1.39882846 7 
0.0427 2.11176806 1.05588403 4 
0.0434 1.583821132 0.9144195567 3 
0.0441 2.639702685 1.180510929 5 
0.0448 0 0 0 
0.0455 0.5279388164 0.5279388164 1 
0.0462 0 0 0 
0.0469 0 0 0 
0.0476 0 0 0 
0.0483 0 0 0 
0.049 0 0 0 
0.0497 0 0 0 
0.0504 0 0 0 
0.0511 0 0 0 
0.0518 0 0 0 
0.0525 0 0 0 
0.0532 0 0 0 
0.0539 0 0 0 
0.0546 0 0 0 
0.0553 0 0 0 
0.056 0 0 0 
0.0567 0 0 0 
0.0574 0 0 0 
0.0581 0 0 0 
0.0588 0 0 0 
0.0595 0 0 0 
0.0602 0 0 0 
0.0609 0 0 0 
0.0616 0 0 0 
0.0623 0 0 0 
0.063 0 0 0 
0.0637 0 0 0 
0.0644 0 0 0 
0.0651 0 0 0 
0.0658 0 0 0 
0.0665 0 0 0 
0.0672 0 0 0 
0.0679 0 0 0 
0.0686 0 0 0 
0.0693 0 0 0 
0.07 0 0 0 
0.0707 0 0 0 
0.0714 0 0 0 
0.0721 0 0 0 
0.0728 0 0 0 
0.0735 0 0 0 
0.0742 0 0 0 
0.0749 0 0 0 
0.0756 0 0 0 
0.0763 0 0 0 
0.077 0 0 0 
0.0777 0 0 0 
0.0784 0 0 0 
0.0791 0 0 0 
0.0798 0 0 0 
0.0805 0 0 0 
0.0812 0 0 0 
0.0819 0 0 0 
0.0826 0 0 0 
0.0833 0 0 0 
0.084 0 0 0 
0.0847 0 0 0 
0.0854 0 0 0 
0.0861 0 0 0 
0.0868 0 0 0 
0.0875 0 0 0 
0.0882 0 0 0 
0.0889 0 0 0 
0.0896 0 0 0 
0.0903 0 0 0 
0.091 0 0 0 
0.0917 0 0 0 
0.0924 0 0 0 
0.0931 0 0 0 
0.0938 0 0 0 
0.0945 0 0 0 
0.0952 0 0 0 
0.0959 0 0 0 
0.0966 0 0 0 
0.0973 0 0 0 
0.098 0 0 0 
0.0987 0 0 0 
0.0994 0 0 0 
0.1001 0 0 0 
0.1008 0 0 0 
0.1015 0 0 0 
0.1022 0 0 0 
0.1029 0 0 0 
0.1036 0 0 0 
0.1043 0 0 0 
0.105 0 0 0 
0.1057 0 0 0 
0.1064 0 0 0 
0.1071 0 0 0 
0.1078 0 0 0 
0.1085 0 0 0 
0.1092 0 0 0 
0.1099 0 0 0 
0.1106 0 0 0 
0.1113 0 0 0 
0.112 0 0 0 
0.1127 0 0 0 
0.1134 0 0 0 
0.1141 0 0 0 
0.1148 0 0 0 
0.1155 0 0 0 
0.1162 0 0 0 
0.1169 0 0 0 
0.1176 0 0 0 
0.1183 0 0 0 
0.119 0 0 0 
0.1197 0 0 0 
0.1204 0 0 0 
0.1211 0 0 0 
0.1218 0 0 0 
0.1225 0 0 0 
0.1232 0 0 0 
0.1239 0 0 0 
0.1246 0 0 0 
0.1253 0 0 0 
0.126 0 0 0 
0.1267 0 0 0 
0.1274 0 0 0 
0.1281 0 0 0 
0.1288 0 0 0 
0.1295 0 0 0 
0.1302 0 0 0 
0.1309 0 0 0 
0.1316 0 0 0 
0.1323 0 0 0 
0.133 0 0 0 
0.1337 0 0 0 
0.1344 0 0 0 
0.1351 0 0 0 
0.1358 0 0 0 
0.1365 0 0 0 
0.1372 0 0 0 
0.1379 0 0 0 
0.1386 0 0 0 
0.1393 0 0 0 
0.14 0 0 0 
0.1407 0 0 0 
0.1414 0 0 0 
0.1421 0 0 0 
0.1428 0 0 0 
0.1435 0 0 0 
0.1442 0 0 0 
0.1449 0 0 0 
0.1456 0 0 0 
0.1463 0 0 0 
0.147 0 0 0 
0.1477 0 0 0 
0.1484 0 0 0 
0.1491 0 0 0 
0.1498 0 0 0 
0.1505 0 0 0 
0.1512 0 0 0 
0.1519 0 0 0 
0.1526 0 0 0 
0.1533 0 0 0 
0.154 0 0 0 
0.1547 0 0 0 
0.1554 0 0 0 
0.1561 0 0 0 
0.1568 0 0 0 
0.1575 0 0 0 
0.1582 0 0 0 
0.1589 0 0 0 
0.1596 0 0 0 
0.1603 0 0 0 
0.161 0 0 0 
0.1617 0 0 0 
0.1624 0 0 0 
0.1631 0 0 0 
0.1638 0 0 0 
0.1645 0 0 0 
0.1652 0 0 0 
0.1659 0 0 0 
0.1666 0 0 0 
0.1673 0 0 0 
0.168 0 0 0 
0.1687 0 0 0 
0.1694 0 0 0 
0.1701 0 0 0 
0.1708 0 0 0 
0.1715 0 0 0 
0.1722 0 0 0 
0.1729 0 0 0 
0.1736 0 0 0 
0.1743 0 0 0 
0.175 0 0 0 
0.1757 0 0 0 
0.1764 0 0 0 
0.1771 0 0 0 
0.1778 0 0 0 
0.1785 0 0 0 
0.1792 0 0 0 
0.1799 0 0 0 
0.1806 0 0 0 
0.1813 0 0 0 
0.182 0 0 0 
0.1827 0 0 0 
0.1834 0 0 0 
0.1841 0 0 0 
0.1848 0 0 0 
0.1855 0 0 0 
0.1862 0 0 0 
0.1869 0 0 0 
0.1876 0 0 0 
0.1883 0 0 0 
0.189 0 0 0 
0.1897 0 0 0 
0.1904 0 0 0 
0.1911 0 0 0 
0.1918 0 0 0 
0.1925 0 0 0 
0.1932 0 0 0 
0.1939 0 0 0 
0.1946 0 0 0 
0.1953 0 0 0 
0.196 0 0 0 
0.1967 0 0 0 
0.1974 0 0 0 
0.1981 0 0 0 
0.1988 0 0 0 
0.1995 0 0 0 
0.2002 0 0 0 
0.2009 0 0 0 
0.2016 0 0 0 
0.2023 0 0 0 
0.203 0 0 0 
0.2037 0 0 0 
0.2044 0 0 0 
0.2051 0 0 0 
0.2058 0 0 0 
0.2065 0 0 0 
0.2072 0 0 0 
0.2079 0 0 0 
0.2086 0 0 0 
0.2093 0 0 0 
0.21 0 0 0 
0.2107 0 0 0 
0.2114 0 0 0 
0.2121 0 0 0 
0.2128 0 0 0 
0.2135 0 0 0 
0.2142 0 0 0 
0.2149 0 0 0 
0.2156 0 0 0 
0.2163 0 0 0 
0.217 0 0 0 
0.2177 0 0 0 
0.2184 0 0 0 
0.2191 0 0 0 
0.2198 0 0 0 
0.2205 0 0 0 
0.2212 0 0 0 
0.2219 0 0 0 
0.2226 0 0 0 
0.2233 0 0 0 
0.224 0 0 0 
0.2247 0 0 0 
0.2254 0 0 0 
0.2261 0 0 0 
0.2268 0 0 0 
0.2275 0 0 0 
0.2282 0 0 0 
0.2289 0 0 0 
0.2296 0 0 0 
0.2303 0 0 0 
0.231 0 0 0 
0.2317 0 0 0 
0.2324 0 0 0 
0.2331 0 0 0 
0.2338 0 0 0 
0.2345 0 0 0 
0.2352 0 0 0 
0.2359 0 0 0 
0.2366 0 0 0 
0.2373 0 0 0 
0.238 0 0 0 
0.2387 0 0 0 
0.2394 0 0 0 
0.2401 0 0 0 
0.2408 0 0 0 
0.2415 0 0 0 
0.2422 0 0 0 
0.2429 0 0 0 
0.2436 0 0 0 
0.2443 0 0 0 
0.245 0 0 0 
0.2457 0 0 0 
0.2464 0 0 0 
0.2471 0 0 0 
0.2478 0 0 0 
0.2485 0 0 0 
0.2492 0 0 0 
0.2499 0 0 0 
0.2506 0 0 0 
0.2513 0 0 0 
0.252 0 0 0 
0.2527 0 0 0 
0.2534 0 0 0 
0.2541 0 0 0 
0.2548 0 0 0 
0.2555 0 0 0 
0.2562 0 0 0 
0.2569 0 0 0 
0.2576 0 0 0 
0.2583 0 0 0 
0.259 0 0 0 
0.2597 0 0 0 
0.2604 0 0 0 
0.2611 0 0 0 
0.2618 0 0 0 
0.2625 0 0 0 
0.2632 0 0 0 
0.2639 0 0 0 
0.2646 0 0 0 
0.2653 0 0 0 
0.266 0 0 0 
0.2667 0 0 0 
0.2674 0 0 0 
0.2681 0 0 0 
0.2688 0 0 0 
0.2695 0 0 0 
0.2702 0 0 0 
0.2709 0 0 0 
0.2716 0 0 0 
0.2723 0 0 0 
0.273 0 0 0 
0.2737 0 0 0 
0.2744 0 0 0 
0.2751 0 0 0 
0.2758 0 0 0 
0.2765 0 0 0 
0.2772 0 0 0 
0.2779 0 0 0 
0.2786 0 0 0 
0.2793 0 0 0 
0.28 0 0 0 
0.2807 0 0 0 
0.2814 0 0 0 
0.2821 0 0 0 
0.2828 0 0 0 
0.2835 0 0 0 
0.2842 0 0 0 
0.2849 0 0 0 
0.2856 0 0 0 
0.2863 0 0 0 
0.287 0 0 0 
0.2877 0 0 0 
0.2884 0 0 0 
0.2891 0 0 0 
0.2898 0 0 0 
0.2905 0 0 0 
0.2912 0 0 0 
0.2919 0 0 0 
0.2926 0 0 0 
0.2933 0 0 0 
0.294 0 0 0 
0.2947 0 0 0 
0.2954 0 0 0 
0.2961 0 0 0 
0.2968 0 0 0 
0.2975 0 0 0 
0.2982 0 0 0 
0.2989 0 0 0 
0.2996 0 0 0 
0.3003 0 0 0 
0.301 0 0 0 
0.3017 0 0 0 
0.3024 0 0 0 
0.3031 0 0 0 
0.3038 0 0 0 
0.3045 0 0 0 
0.3052 0 0 0 
0.3059 0 0 0 
0.3066 0 0 0 
0.3073 0 0 0 
0.308 0 0 0 
0.3087 0 0 0 
0.3094 0 0 0 
0.3101 0 0 0 
0.3108 0 0 0 
0.3115 0 0 0 
0.3122 0 0 0 
0.3129 0 0 0 
0.3136 0 0 0 
0.3143 0 0 0 
0.315 0 0 0 
0.3157 0 0 0 
0.3164 0 0 0 
0.3171 0 0 0 
0.3178 0 0 0 
0.3185 0 0 0 
0.3192 0 0 0 
0.3199 0 0 0 
0.3206 0 0 0 
0.3213 0 0 0 
0.322 0 0 0 
0.3227 0 0 0 
0.3234 0 0 0 
0.3241 0 0 0 
0.3248 0 0 0 
0.3255 0 0 0 
0.3262 0 0 0 
0.3269 0 0 0 
0.3276 0 0 0 
0.3283 0 0 0 
0.329 0 0 0 
0.3297 0 0 0 
0.3304 0 0 0 
0.3311 0 0 0 
0.3318 0 0 0 
0.3325 0 0 0 
0.3332 0 0 0 
0.3339 0 0 0 
0.3346 0 0 0 
0.3353 0 0 0 
0.336 0 0 0 
0.3367 0 0 0 
0.3374 0 0 0 
0.3381 0 0 0 
0.3388 0 0 0 
0.3395 0 0 0 
0.3402 0 0 0 
0.3409 0 0 0 
0.3416 0 0 0 
0.3423 0 0 0 
0.343 0 0 0 
0.3437 0 0 0 
0.3444 0 0 0 
0.3451 0 0 0 
0.3458 0 0 0 
0.3465 0 0 0 
0.3472 0 0 0 
0.3479 0 0 0 
0.3486 0 0 0 
0.3493 0 0 0 
0.35 0 0 0 
