# Format: McCode with text headers
# URL: http://www.mccode.org
# Creator: McStas 2.5 - Nov. 19, 2019
# Instrument: /zhome/89/0/38697/TESTS/2019-11-20/McStas-2.5_CPU_MPICC/ESS_IN5_reprate/ESS_IN5_reprate.instr
# Ncount: 1000000
# Trace: no
# Gravitation: no
# Seed: 1574226575
# Directory: 1
# Nodes: 10
# Param: Lmin=4.9
# Param: Lmax=5.1
# Param: lambda0=5
# Param: Pulse_width=0.002
# Param: Num_pulses=1
# Param: GUI_start=2
# Param: FO1_DIST=6
# Param: L_ballistic_begin=19.5
# Param: L_ballistic_end=17
# Param: Length=100
# Param: SAMPLE_DIST=1.2
# Param: DETECTOR_DIST=4
# Param: GUI_h=0.105
# Param: GUI_w=0.1
# Param: GUI_GAP=0.05
# Param: H1=0.167
# Param: W1=0.116
# Param: H2=0.185
# Param: W2=0.15
# Param: H3=0.19
# Param: W3=0.15
# Param: H4=0.213
# Param: W4=0.14
# Param: H_chop=0.075
# Param: W_chop=0.03
# Param: H_end=0.042
# Param: W_end=0.0215
# Param: ALPHA=3.4
# Param: M=3.5
# Param: F_slow1=16.6667
# Param: F_slow2=0
# Param: F_fast1=0
# Param: F_fast2=200
# Param: N_fast=1
# Param: SLOW1_THETA=120
# Param: FO3=1
# Param: THETA_fast1=180
# Param: FAST_THETA=5
# Param: Gamma=0
# Param: Etun=1
# Param: V_HOLE=0
# Param: FRAC_QUASIEL=0
# Param: FRAC_TUNNEL=0
# Param: TT=50
# Param: RES_DE=0.5
# Param: port=30
# Param: cold=0.95
# Date: Wed Nov 20 00:59:04 2019 (1574207944)
# type: array_1d(200)
# Source: ESS_IN5_reprate (/zhome/89/0/38697/TESTS/2019-11-20/McStas-2.5_CPU_MPICC/ESS_IN5_reprate/ESS_IN5_reprate.instr)
# component: Lmonfast2_zoom
# position: 0 0 99.975
# title: Wavelength monitor
# Ncount: 10000000
# filename: Lmonfast2_zoom.dat
# statistics: X0=4.99888; dX=0.0577372;
# signal: Min=0; Max=3.43241e+08; Mean=1.63861e+08;
# values: 3.27722e+10 2.81866e+07 4.16766e+06
# xvar: L
# yvar: (I,I_err)
# xlabel: Wavelength [AA]
# ylabel: Intensity
# xlimits: 4.8 5.2
# variables: L I I_err N
4.801 0 0 0 
4.803 0 0 0 
4.805 0 0 0 
4.807 0 0 0 
4.809 0 0 0 
4.811 0 0 0 
4.813 0 0 0 
4.815 0 0 0 
4.817 0 0 0 
4.819 0 0 0 
4.821 0 0 0 
4.823 0 0 0 
4.825 0 0 0 
4.827 0 0 0 
4.829 0 0 0 
4.831 0 0 0 
4.833 0 0 0 
4.835 0 0 0 
4.837 0 0 0 
4.839 0 0 0 
4.841 0 0 0 
4.843 0 0 0 
4.845 0 0 0 
4.847 0 0 0 
4.849 0 0 0 
4.851 0 0 0 
4.853 0 0 0 
4.855 0 0 0 
4.857 0 0 0 
4.859 0 0 0 
4.861 0 0 0 
4.863 0 0 0 
4.865 0 0 0 
4.867 0 0 0 
4.869 0 0 0 
4.871 0 0 0 
4.873 0 0 0 
4.875 0 0 0 
4.877 0 0 0 
4.879 0 0 0 
4.881 0 0 0 
4.883 0 0 0 
4.885 0 0 0 
4.887 0 0 0 
4.889 0 0 0 
4.891 0 0 0 
4.893 0 0 0 
4.895 0 0 0 
4.897 0 0 0 
4.899 0 0 0 
4.901 341175095.1 2979076.503 40178 
4.903 333844608.1 2920963.519 40125 
4.905 343241251.6 2977825.733 40700 
4.907 336807589.3 2943222.349 40303 
4.909 332716187.4 2919957.924 40033 
4.911 340458730.5 2945095.121 40601 
4.913 340029535.6 2941285.992 40794 
4.915 335389287.3 2914012.162 40597 
4.917 334169279.7 2923264.73 40455 
4.919 338474018.4 2928758.094 40546 
4.921 341038729.8 2948748.6 40677 
4.923 341867740.2 2955176.126 40415 
4.925 335637772.8 2916128.006 40730 
4.927 336269500.6 2902793.706 40623 
4.929 330173434.2 2885923.971 40230 
4.931 339560974.3 2944048.646 40649 
4.933 336713327.2 2917348.808 40973 
4.935 333553733.6 2909683.88 40817 
4.937 332248897.2 2884108.143 40609 
4.939 334730289.6 2893186.346 40922 
4.941 333269430.8 2896413.916 40776 
4.943 334962961.9 2903442.168 40773 
4.945 334255197.1 2893307.47 40725 
4.947 332342180.5 2873161.292 40551 
4.949 332020481.4 2881697.575 40559 
4.951 331173513 2872981.849 40921 
4.953 337625275 2901182.706 41117 
4.955 328608966.5 2850994.271 40960 
4.957 331904089.4 2868913.816 40941 
4.959 335505026.2 2889333.511 41143 
4.961 332082922.2 2870200.514 41169 
4.963 334734877.9 2877387.549 41595 
4.965 326629656.4 2840649.541 40926 
4.967 329060484.2 2855978.423 40980 
4.969 331799256.2 2862565.478 41158 
4.971 331269005.2 2853207.485 41135 
4.973 333103908.8 2861935.398 41371 
4.975 327964285.5 2843457.873 41119 
4.977 324870111.3 2815809.812 41325 
4.979 334524355 2866788.943 41641 
4.981 332521060.9 2847176.184 41320 
4.983 325564663.4 2819619.876 41307 
4.985 327263692.4 2834580.677 41277 
4.987 328366922.6 2838160.406 41368 
4.989 328448499.4 2829564.577 41527 
4.991 327415755.4 2816469.221 41438 
4.993 328859212.3 2820662.215 41537 
4.995 322225195.6 2789615.128 41422 
4.997 329642140.4 2824865.077 41773 
4.999 326298712.6 2819110.605 41539 
5.001 328055122.7 2797893.245 41838 
5.003 328403676.9 2813341.076 41422 
5.005 325948619.9 2804023.793 41678 
5.007 324078425.9 2799268.088 41458 
5.009 329387090.1 2816060.847 41969 
5.011 326367077.1 2795195.072 42110 
5.013 329261734.9 2809907.116 42068 
5.015 329669558.9 2821504.724 41731 
5.017 324095385.7 2786015.478 42278 
5.019 325067109.9 2796652.407 42071 
5.021 330568068.3 2811610.111 42380 
5.023 325103933.8 2791682.438 42076 
5.025 327407051.6 2790462.22 42405 
5.027 327293090.6 2797359.058 42199 
5.029 327098865 2788652.116 42127 
5.031 324267741.6 2766937.18 42294 
5.033 319836394.5 2743536.933 42328 
5.035 322623345.4 2765765.801 42109 
5.037 323415866.4 2771518.422 42082 
5.039 322766489 2769531.493 42075 
5.041 324629958.5 2768129.434 42263 
5.043 322263339.2 2755751.949 42214 
5.045 320916081.4 2747968.092 42251 
5.047 322048577.8 2763937.271 42281 
5.049 319587655.8 2743007.436 42201 
5.051 324700341.6 2757853.056 42565 
5.053 319956680 2728078.785 42500 
5.055 318258175.3 2726556.545 42254 
5.057 321723932.1 2744406.924 42383 
5.059 318983271.2 2731599.483 42489 
5.061 322931565 2736069.473 42755 
5.063 324152899.8 2760951.405 42461 
5.065 319411390.1 2726450.152 42854 
5.067 321291852.5 2729404.654 42908 
5.069 321030366.5 2727563.897 42746 
5.071 321406829.2 2733819.596 42485 
5.073 320151061.9 2723439.159 42827 
5.075 319630252.5 2717189.833 42849 
5.077 314721415.8 2692042.261 42803 
5.079 320648015.7 2728326.591 42897 
5.081 321287719.3 2729264.733 43036 
5.083 314519738.2 2691489.459 42879 
5.085 319113351.8 2707875.447 43069 
5.087 322771542.6 2725525.146 43213 
5.089 314081221.1 2690731.538 42472 
5.091 316624857.2 2690900.364 42860 
5.093 318313184.1 2698221.89 42913 
5.095 315694577.4 2681832.422 42691 
5.097 317195226.9 2684580.354 42974 
5.099 321033662.5 2709560.816 43499 
5.101 0 0 0 
5.103 0 0 0 
5.105 0 0 0 
5.107 0 0 0 
5.109 0 0 0 
5.111 0 0 0 
5.113 0 0 0 
5.115 0 0 0 
5.117 0 0 0 
5.119 0 0 0 
5.121 0 0 0 
5.123 0 0 0 
5.125 0 0 0 
5.127 0 0 0 
5.129 0 0 0 
5.131 0 0 0 
5.133 0 0 0 
5.135 0 0 0 
5.137 0 0 0 
5.139 0 0 0 
5.141 0 0 0 
5.143 0 0 0 
5.145 0 0 0 
5.147 0 0 0 
5.149 0 0 0 
5.151 0 0 0 
5.153 0 0 0 
5.155 0 0 0 
5.157 0 0 0 
5.159 0 0 0 
5.161 0 0 0 
5.163 0 0 0 
5.165 0 0 0 
5.167 0 0 0 
5.169 0 0 0 
5.171 0 0 0 
5.173 0 0 0 
5.175 0 0 0 
5.177 0 0 0 
5.179 0 0 0 
5.181 0 0 0 
5.183 0 0 0 
5.185 0 0 0 
5.187 0 0 0 
5.189 0 0 0 
5.191 0 0 0 
5.193 0 0 0 
5.195 0 0 0 
5.197 0 0 0 
5.199 0 0 0 
