# Format: McCode with text headers
# URL: http://www.mccode.org
# Creator: McStas 2.5 - Nov. 19, 2019
# Instrument: /zhome/89/0/38697/TESTS/2019-11-20/McStas-2.5_CPU_MPICC/ESS_IN5_reprate/ESS_IN5_reprate.instr
# Ncount: 1000000
# Trace: no
# Gravitation: no
# Seed: 1574226575
# Directory: 1
# Nodes: 10
# Param: Lmin=4.9
# Param: Lmax=5.1
# Param: lambda0=5
# Param: Pulse_width=0.002
# Param: Num_pulses=1
# Param: GUI_start=2
# Param: FO1_DIST=6
# Param: L_ballistic_begin=19.5
# Param: L_ballistic_end=17
# Param: Length=100
# Param: SAMPLE_DIST=1.2
# Param: DETECTOR_DIST=4
# Param: GUI_h=0.105
# Param: GUI_w=0.1
# Param: GUI_GAP=0.05
# Param: H1=0.167
# Param: W1=0.116
# Param: H2=0.185
# Param: W2=0.15
# Param: H3=0.19
# Param: W3=0.15
# Param: H4=0.213
# Param: W4=0.14
# Param: H_chop=0.075
# Param: W_chop=0.03
# Param: H_end=0.042
# Param: W_end=0.0215
# Param: ALPHA=3.4
# Param: M=3.5
# Param: F_slow1=16.6667
# Param: F_slow2=0
# Param: F_fast1=0
# Param: F_fast2=200
# Param: N_fast=1
# Param: SLOW1_THETA=120
# Param: FO3=1
# Param: THETA_fast1=180
# Param: FAST_THETA=5
# Param: Gamma=0
# Param: Etun=1
# Param: V_HOLE=0
# Param: FRAC_QUASIEL=0
# Param: FRAC_TUNNEL=0
# Param: TT=50
# Param: RES_DE=0.5
# Param: port=30
# Param: cold=0.95
# Date: Wed Nov 20 00:59:04 2019 (1574207944)
# type: array_1d(2880)
# Source: ESS_IN5_reprate (/zhome/89/0/38697/TESTS/2019-11-20/McStas-2.5_CPU_MPICC/ESS_IN5_reprate/ESS_IN5_reprate.instr)
# component: Lmon_normalize
# position: 0 0 2
# title: Wavelength monitor
# Ncount: 10000000
# filename: Lmon_guistart_normalize.dat
# statistics: X0=4.99784; dX=0.0577748;
# signal: Min=0; Max=5.06269e+09; Mean=4.76067e+07;
# values: 1.37107e+11 6.44084e+07 8.99846e+06
# xvar: L
# yvar: (I,I_err)
# xlabel: Wavelength [AA]
# ylabel: Intensity
# xlimits: 0 20
# variables: L I I_err N
0.003472222222 0 0 0 
0.01041666667 0 0 0 
0.01736111111 0 0 0 
0.02430555556 0 0 0 
0.03125 0 0 0 
0.03819444444 0 0 0 
0.04513888889 0 0 0 
0.05208333333 0 0 0 
0.05902777778 0 0 0 
0.06597222222 0 0 0 
0.07291666667 0 0 0 
0.07986111111 0 0 0 
0.08680555556 0 0 0 
0.09375 0 0 0 
0.1006944444 0 0 0 
0.1076388889 0 0 0 
0.1145833333 0 0 0 
0.1215277778 0 0 0 
0.1284722222 0 0 0 
0.1354166667 0 0 0 
0.1423611111 0 0 0 
0.1493055556 0 0 0 
0.15625 0 0 0 
0.1631944444 0 0 0 
0.1701388889 0 0 0 
0.1770833333 0 0 0 
0.1840277778 0 0 0 
0.1909722222 0 0 0 
0.1979166667 0 0 0 
0.2048611111 0 0 0 
0.2118055556 0 0 0 
0.21875 0 0 0 
0.2256944444 0 0 0 
0.2326388889 0 0 0 
0.2395833333 0 0 0 
0.2465277778 0 0 0 
0.2534722222 0 0 0 
0.2604166667 0 0 0 
0.2673611111 0 0 0 
0.2743055556 0 0 0 
0.28125 0 0 0 
0.2881944444 0 0 0 
0.2951388889 0 0 0 
0.3020833333 0 0 0 
0.3090277778 0 0 0 
0.3159722222 0 0 0 
0.3229166667 0 0 0 
0.3298611111 0 0 0 
0.3368055556 0 0 0 
0.34375 0 0 0 
0.3506944444 0 0 0 
0.3576388889 0 0 0 
0.3645833333 0 0 0 
0.3715277778 0 0 0 
0.3784722222 0 0 0 
0.3854166667 0 0 0 
0.3923611111 0 0 0 
0.3993055556 0 0 0 
0.40625 0 0 0 
0.4131944444 0 0 0 
0.4201388889 0 0 0 
0.4270833333 0 0 0 
0.4340277778 0 0 0 
0.4409722222 0 0 0 
0.4479166667 0 0 0 
0.4548611111 0 0 0 
0.4618055556 0 0 0 
0.46875 0 0 0 
0.4756944444 0 0 0 
0.4826388889 0 0 0 
0.4895833333 0 0 0 
0.4965277778 0 0 0 
0.5034722222 0 0 0 
0.5104166667 0 0 0 
0.5173611111 0 0 0 
0.5243055556 0 0 0 
0.53125 0 0 0 
0.5381944444 0 0 0 
0.5451388889 0 0 0 
0.5520833333 0 0 0 
0.5590277778 0 0 0 
0.5659722222 0 0 0 
0.5729166667 0 0 0 
0.5798611111 0 0 0 
0.5868055556 0 0 0 
0.59375 0 0 0 
0.6006944444 0 0 0 
0.6076388889 0 0 0 
0.6145833333 0 0 0 
0.6215277778 0 0 0 
0.6284722222 0 0 0 
0.6354166667 0 0 0 
0.6423611111 0 0 0 
0.6493055556 0 0 0 
0.65625 0 0 0 
0.6631944444 0 0 0 
0.6701388889 0 0 0 
0.6770833333 0 0 0 
0.6840277778 0 0 0 
0.6909722222 0 0 0 
0.6979166667 0 0 0 
0.7048611111 0 0 0 
0.7118055556 0 0 0 
0.71875 0 0 0 
0.7256944444 0 0 0 
0.7326388889 0 0 0 
0.7395833333 0 0 0 
0.7465277778 0 0 0 
0.7534722222 0 0 0 
0.7604166667 0 0 0 
0.7673611111 0 0 0 
0.7743055556 0 0 0 
0.78125 0 0 0 
0.7881944444 0 0 0 
0.7951388889 0 0 0 
0.8020833333 0 0 0 
0.8090277778 0 0 0 
0.8159722222 0 0 0 
0.8229166667 0 0 0 
0.8298611111 0 0 0 
0.8368055556 0 0 0 
0.84375 0 0 0 
0.8506944444 0 0 0 
0.8576388889 0 0 0 
0.8645833333 0 0 0 
0.8715277778 0 0 0 
0.8784722222 0 0 0 
0.8854166667 0 0 0 
0.8923611111 0 0 0 
0.8993055556 0 0 0 
0.90625 0 0 0 
0.9131944444 0 0 0 
0.9201388889 0 0 0 
0.9270833333 0 0 0 
0.9340277778 0 0 0 
0.9409722222 0 0 0 
0.9479166667 0 0 0 
0.9548611111 0 0 0 
0.9618055556 0 0 0 
0.96875 0 0 0 
0.9756944444 0 0 0 
0.9826388889 0 0 0 
0.9895833333 0 0 0 
0.9965277778 0 0 0 
1.003472222 0 0 0 
1.010416667 0 0 0 
1.017361111 0 0 0 
1.024305556 0 0 0 
1.03125 0 0 0 
1.038194444 0 0 0 
1.045138889 0 0 0 
1.052083333 0 0 0 
1.059027778 0 0 0 
1.065972222 0 0 0 
1.072916667 0 0 0 
1.079861111 0 0 0 
1.086805556 0 0 0 
1.09375 0 0 0 
1.100694444 0 0 0 
1.107638889 0 0 0 
1.114583333 0 0 0 
1.121527778 0 0 0 
1.128472222 0 0 0 
1.135416667 0 0 0 
1.142361111 0 0 0 
1.149305556 0 0 0 
1.15625 0 0 0 
1.163194444 0 0 0 
1.170138889 0 0 0 
1.177083333 0 0 0 
1.184027778 0 0 0 
1.190972222 0 0 0 
1.197916667 0 0 0 
1.204861111 0 0 0 
1.211805556 0 0 0 
1.21875 0 0 0 
1.225694444 0 0 0 
1.232638889 0 0 0 
1.239583333 0 0 0 
1.246527778 0 0 0 
1.253472222 0 0 0 
1.260416667 0 0 0 
1.267361111 0 0 0 
1.274305556 0 0 0 
1.28125 0 0 0 
1.288194444 0 0 0 
1.295138889 0 0 0 
1.302083333 0 0 0 
1.309027778 0 0 0 
1.315972222 0 0 0 
1.322916667 0 0 0 
1.329861111 0 0 0 
1.336805556 0 0 0 
1.34375 0 0 0 
1.350694444 0 0 0 
1.357638889 0 0 0 
1.364583333 0 0 0 
1.371527778 0 0 0 
1.378472222 0 0 0 
1.385416667 0 0 0 
1.392361111 0 0 0 
1.399305556 0 0 0 
1.40625 0 0 0 
1.413194444 0 0 0 
1.420138889 0 0 0 
1.427083333 0 0 0 
1.434027778 0 0 0 
1.440972222 0 0 0 
1.447916667 0 0 0 
1.454861111 0 0 0 
1.461805556 0 0 0 
1.46875 0 0 0 
1.475694444 0 0 0 
1.482638889 0 0 0 
1.489583333 0 0 0 
1.496527778 0 0 0 
1.503472222 0 0 0 
1.510416667 0 0 0 
1.517361111 0 0 0 
1.524305556 0 0 0 
1.53125 0 0 0 
1.538194444 0 0 0 
1.545138889 0 0 0 
1.552083333 0 0 0 
1.559027778 0 0 0 
1.565972222 0 0 0 
1.572916667 0 0 0 
1.579861111 0 0 0 
1.586805556 0 0 0 
1.59375 0 0 0 
1.600694444 0 0 0 
1.607638889 0 0 0 
1.614583333 0 0 0 
1.621527778 0 0 0 
1.628472222 0 0 0 
1.635416667 0 0 0 
1.642361111 0 0 0 
1.649305556 0 0 0 
1.65625 0 0 0 
1.663194444 0 0 0 
1.670138889 0 0 0 
1.677083333 0 0 0 
1.684027778 0 0 0 
1.690972222 0 0 0 
1.697916667 0 0 0 
1.704861111 0 0 0 
1.711805556 0 0 0 
1.71875 0 0 0 
1.725694444 0 0 0 
1.732638889 0 0 0 
1.739583333 0 0 0 
1.746527778 0 0 0 
1.753472222 0 0 0 
1.760416667 0 0 0 
1.767361111 0 0 0 
1.774305556 0 0 0 
1.78125 0 0 0 
1.788194444 0 0 0 
1.795138889 0 0 0 
1.802083333 0 0 0 
1.809027778 0 0 0 
1.815972222 0 0 0 
1.822916667 0 0 0 
1.829861111 0 0 0 
1.836805556 0 0 0 
1.84375 0 0 0 
1.850694444 0 0 0 
1.857638889 0 0 0 
1.864583333 0 0 0 
1.871527778 0 0 0 
1.878472222 0 0 0 
1.885416667 0 0 0 
1.892361111 0 0 0 
1.899305556 0 0 0 
1.90625 0 0 0 
1.913194444 0 0 0 
1.920138889 0 0 0 
1.927083333 0 0 0 
1.934027778 0 0 0 
1.940972222 0 0 0 
1.947916667 0 0 0 
1.954861111 0 0 0 
1.961805556 0 0 0 
1.96875 0 0 0 
1.975694444 0 0 0 
1.982638889 0 0 0 
1.989583333 0 0 0 
1.996527778 0 0 0 
2.003472222 0 0 0 
2.010416667 0 0 0 
2.017361111 0 0 0 
2.024305556 0 0 0 
2.03125 0 0 0 
2.038194444 0 0 0 
2.045138889 0 0 0 
2.052083333 0 0 0 
2.059027778 0 0 0 
2.065972222 0 0 0 
2.072916667 0 0 0 
2.079861111 0 0 0 
2.086805556 0 0 0 
2.09375 0 0 0 
2.100694444 0 0 0 
2.107638889 0 0 0 
2.114583333 0 0 0 
2.121527778 0 0 0 
2.128472222 0 0 0 
2.135416667 0 0 0 
2.142361111 0 0 0 
2.149305556 0 0 0 
2.15625 0 0 0 
2.163194444 0 0 0 
2.170138889 0 0 0 
2.177083333 0 0 0 
2.184027778 0 0 0 
2.190972222 0 0 0 
2.197916667 0 0 0 
2.204861111 0 0 0 
2.211805556 0 0 0 
2.21875 0 0 0 
2.225694444 0 0 0 
2.232638889 0 0 0 
2.239583333 0 0 0 
2.246527778 0 0 0 
2.253472222 0 0 0 
2.260416667 0 0 0 
2.267361111 0 0 0 
2.274305556 0 0 0 
2.28125 0 0 0 
2.288194444 0 0 0 
2.295138889 0 0 0 
2.302083333 0 0 0 
2.309027778 0 0 0 
2.315972222 0 0 0 
2.322916667 0 0 0 
2.329861111 0 0 0 
2.336805556 0 0 0 
2.34375 0 0 0 
2.350694444 0 0 0 
2.357638889 0 0 0 
2.364583333 0 0 0 
2.371527778 0 0 0 
2.378472222 0 0 0 
2.385416667 0 0 0 
2.392361111 0 0 0 
2.399305556 0 0 0 
2.40625 0 0 0 
2.413194444 0 0 0 
2.420138889 0 0 0 
2.427083333 0 0 0 
2.434027778 0 0 0 
2.440972222 0 0 0 
2.447916667 0 0 0 
2.454861111 0 0 0 
2.461805556 0 0 0 
2.46875 0 0 0 
2.475694444 0 0 0 
2.482638889 0 0 0 
2.489583333 0 0 0 
2.496527778 0 0 0 
2.503472222 0 0 0 
2.510416667 0 0 0 
2.517361111 0 0 0 
2.524305556 0 0 0 
2.53125 0 0 0 
2.538194444 0 0 0 
2.545138889 0 0 0 
2.552083333 0 0 0 
2.559027778 0 0 0 
2.565972222 0 0 0 
2.572916667 0 0 0 
2.579861111 0 0 0 
2.586805556 0 0 0 
2.59375 0 0 0 
2.600694444 0 0 0 
2.607638889 0 0 0 
2.614583333 0 0 0 
2.621527778 0 0 0 
2.628472222 0 0 0 
2.635416667 0 0 0 
2.642361111 0 0 0 
2.649305556 0 0 0 
2.65625 0 0 0 
2.663194444 0 0 0 
2.670138889 0 0 0 
2.677083333 0 0 0 
2.684027778 0 0 0 
2.690972222 0 0 0 
2.697916667 0 0 0 
2.704861111 0 0 0 
2.711805556 0 0 0 
2.71875 0 0 0 
2.725694444 0 0 0 
2.732638889 0 0 0 
2.739583333 0 0 0 
2.746527778 0 0 0 
2.753472222 0 0 0 
2.760416667 0 0 0 
2.767361111 0 0 0 
2.774305556 0 0 0 
2.78125 0 0 0 
2.788194444 0 0 0 
2.795138889 0 0 0 
2.802083333 0 0 0 
2.809027778 0 0 0 
2.815972222 0 0 0 
2.822916667 0 0 0 
2.829861111 0 0 0 
2.836805556 0 0 0 
2.84375 0 0 0 
2.850694444 0 0 0 
2.857638889 0 0 0 
2.864583333 0 0 0 
2.871527778 0 0 0 
2.878472222 0 0 0 
2.885416667 0 0 0 
2.892361111 0 0 0 
2.899305556 0 0 0 
2.90625 0 0 0 
2.913194444 0 0 0 
2.920138889 0 0 0 
2.927083333 0 0 0 
2.934027778 0 0 0 
2.940972222 0 0 0 
2.947916667 0 0 0 
2.954861111 0 0 0 
2.961805556 0 0 0 
2.96875 0 0 0 
2.975694444 0 0 0 
2.982638889 0 0 0 
2.989583333 0 0 0 
2.996527778 0 0 0 
3.003472222 0 0 0 
3.010416667 0 0 0 
3.017361111 0 0 0 
3.024305556 0 0 0 
3.03125 0 0 0 
3.038194444 0 0 0 
3.045138889 0 0 0 
3.052083333 0 0 0 
3.059027778 0 0 0 
3.065972222 0 0 0 
3.072916667 0 0 0 
3.079861111 0 0 0 
3.086805556 0 0 0 
3.09375 0 0 0 
3.100694444 0 0 0 
3.107638889 0 0 0 
3.114583333 0 0 0 
3.121527778 0 0 0 
3.128472222 0 0 0 
3.135416667 0 0 0 
3.142361111 0 0 0 
3.149305556 0 0 0 
3.15625 0 0 0 
3.163194444 0 0 0 
3.170138889 0 0 0 
3.177083333 0 0 0 
3.184027778 0 0 0 
3.190972222 0 0 0 
3.197916667 0 0 0 
3.204861111 0 0 0 
3.211805556 0 0 0 
3.21875 0 0 0 
3.225694444 0 0 0 
3.232638889 0 0 0 
3.239583333 0 0 0 
3.246527778 0 0 0 
3.253472222 0 0 0 
3.260416667 0 0 0 
3.267361111 0 0 0 
3.274305556 0 0 0 
3.28125 0 0 0 
3.288194444 0 0 0 
3.295138889 0 0 0 
3.302083333 0 0 0 
3.309027778 0 0 0 
3.315972222 0 0 0 
3.322916667 0 0 0 
3.329861111 0 0 0 
3.336805556 0 0 0 
3.34375 0 0 0 
3.350694444 0 0 0 
3.357638889 0 0 0 
3.364583333 0 0 0 
3.371527778 0 0 0 
3.378472222 0 0 0 
3.385416667 0 0 0 
3.392361111 0 0 0 
3.399305556 0 0 0 
3.40625 0 0 0 
3.413194444 0 0 0 
3.420138889 0 0 0 
3.427083333 0 0 0 
3.434027778 0 0 0 
3.440972222 0 0 0 
3.447916667 0 0 0 
3.454861111 0 0 0 
3.461805556 0 0 0 
3.46875 0 0 0 
3.475694444 0 0 0 
3.482638889 0 0 0 
3.489583333 0 0 0 
3.496527778 0 0 0 
3.503472222 0 0 0 
3.510416667 0 0 0 
3.517361111 0 0 0 
3.524305556 0 0 0 
3.53125 0 0 0 
3.538194444 0 0 0 
3.545138889 0 0 0 
3.552083333 0 0 0 
3.559027778 0 0 0 
3.565972222 0 0 0 
3.572916667 0 0 0 
3.579861111 0 0 0 
3.586805556 0 0 0 
3.59375 0 0 0 
3.600694444 0 0 0 
3.607638889 0 0 0 
3.614583333 0 0 0 
3.621527778 0 0 0 
3.628472222 0 0 0 
3.635416667 0 0 0 
3.642361111 0 0 0 
3.649305556 0 0 0 
3.65625 0 0 0 
3.663194444 0 0 0 
3.670138889 0 0 0 
3.677083333 0 0 0 
3.684027778 0 0 0 
3.690972222 0 0 0 
3.697916667 0 0 0 
3.704861111 0 0 0 
3.711805556 0 0 0 
3.71875 0 0 0 
3.725694444 0 0 0 
3.732638889 0 0 0 
3.739583333 0 0 0 
3.746527778 0 0 0 
3.753472222 0 0 0 
3.760416667 0 0 0 
3.767361111 0 0 0 
3.774305556 0 0 0 
3.78125 0 0 0 
3.788194444 0 0 0 
3.795138889 0 0 0 
3.802083333 0 0 0 
3.809027778 0 0 0 
3.815972222 0 0 0 
3.822916667 0 0 0 
3.829861111 0 0 0 
3.836805556 0 0 0 
3.84375 0 0 0 
3.850694444 0 0 0 
3.857638889 0 0 0 
3.864583333 0 0 0 
3.871527778 0 0 0 
3.878472222 0 0 0 
3.885416667 0 0 0 
3.892361111 0 0 0 
3.899305556 0 0 0 
3.90625 0 0 0 
3.913194444 0 0 0 
3.920138889 0 0 0 
3.927083333 0 0 0 
3.934027778 0 0 0 
3.940972222 0 0 0 
3.947916667 0 0 0 
3.954861111 0 0 0 
3.961805556 0 0 0 
3.96875 0 0 0 
3.975694444 0 0 0 
3.982638889 0 0 0 
3.989583333 0 0 0 
3.996527778 0 0 0 
4.003472222 0 0 0 
4.010416667 0 0 0 
4.017361111 0 0 0 
4.024305556 0 0 0 
4.03125 0 0 0 
4.038194444 0 0 0 
4.045138889 0 0 0 
4.052083333 0 0 0 
4.059027778 0 0 0 
4.065972222 0 0 0 
4.072916667 0 0 0 
4.079861111 0 0 0 
4.086805556 0 0 0 
4.09375 0 0 0 
4.100694444 0 0 0 
4.107638889 0 0 0 
4.114583333 0 0 0 
4.121527778 0 0 0 
4.128472222 0 0 0 
4.135416667 0 0 0 
4.142361111 0 0 0 
4.149305556 0 0 0 
4.15625 0 0 0 
4.163194444 0 0 0 
4.170138889 0 0 0 
4.177083333 0 0 0 
4.184027778 0 0 0 
4.190972222 0 0 0 
4.197916667 0 0 0 
4.204861111 0 0 0 
4.211805556 0 0 0 
4.21875 0 0 0 
4.225694444 0 0 0 
4.232638889 0 0 0 
4.239583333 0 0 0 
4.246527778 0 0 0 
4.253472222 0 0 0 
4.260416667 0 0 0 
4.267361111 0 0 0 
4.274305556 0 0 0 
4.28125 0 0 0 
4.288194444 0 0 0 
4.295138889 0 0 0 
4.302083333 0 0 0 
4.309027778 0 0 0 
4.315972222 0 0 0 
4.322916667 0 0 0 
4.329861111 0 0 0 
4.336805556 0 0 0 
4.34375 0 0 0 
4.350694444 0 0 0 
4.357638889 0 0 0 
4.364583333 0 0 0 
4.371527778 0 0 0 
4.378472222 0 0 0 
4.385416667 0 0 0 
4.392361111 0 0 0 
4.399305556 0 0 0 
4.40625 0 0 0 
4.413194444 0 0 0 
4.420138889 0 0 0 
4.427083333 0 0 0 
4.434027778 0 0 0 
4.440972222 0 0 0 
4.447916667 0 0 0 
4.454861111 0 0 0 
4.461805556 0 0 0 
4.46875 0 0 0 
4.475694444 0 0 0 
4.482638889 0 0 0 
4.489583333 0 0 0 
4.496527778 0 0 0 
4.503472222 0 0 0 
4.510416667 0 0 0 
4.517361111 0 0 0 
4.524305556 0 0 0 
4.53125 0 0 0 
4.538194444 0 0 0 
4.545138889 0 0 0 
4.552083333 0 0 0 
4.559027778 0 0 0 
4.565972222 0 0 0 
4.572916667 0 0 0 
4.579861111 0 0 0 
4.586805556 0 0 0 
4.59375 0 0 0 
4.600694444 0 0 0 
4.607638889 0 0 0 
4.614583333 0 0 0 
4.621527778 0 0 0 
4.628472222 0 0 0 
4.635416667 0 0 0 
4.642361111 0 0 0 
4.649305556 0 0 0 
4.65625 0 0 0 
4.663194444 0 0 0 
4.670138889 0 0 0 
4.677083333 0 0 0 
4.684027778 0 0 0 
4.690972222 0 0 0 
4.697916667 0 0 0 
4.704861111 0 0 0 
4.711805556 0 0 0 
4.71875 0 0 0 
4.725694444 0 0 0 
4.732638889 0 0 0 
4.739583333 0 0 0 
4.746527778 0 0 0 
4.753472222 0 0 0 
4.760416667 0 0 0 
4.767361111 0 0 0 
4.774305556 0 0 0 
4.78125 0 0 0 
4.788194444 0 0 0 
4.795138889 0 0 0 
4.802083333 0 0 0 
4.809027778 0 0 0 
4.815972222 0 0 0 
4.822916667 0 0 0 
4.829861111 0 0 0 
4.836805556 0 0 0 
4.84375 0 0 0 
4.850694444 0 0 0 
4.857638889 0 0 0 
4.864583333 0 0 0 
4.871527778 0 0 0 
4.878472222 0 0 0 
4.885416667 0 0 0 
4.892361111 0 0 0 
4.899305556 2016620520 8056854.122 124685 
4.90625 5062685094 12748953.44 312532 
4.913194444 5058011092 12701219.2 313481 
4.920138889 5014291612 12627314.31 312268 
4.927083333 4979610914 12543253.94 311804 
4.934027778 4931710175 12465162.45 311631 
4.940972222 4946024130 12453606.22 312965 
4.947916667 4904929211 12362884.84 311926 
4.954861111 4899588450 12344301.02 312562 
4.961805556 4896696356 12296433.49 313692 
4.96875 4848812609 12239229.59 311775 
4.975694444 4832652197 12162927.01 313095 
4.982638889 4808739319 12127399.52 311926 
4.989583333 4794966084 12066714.24 312744 
4.996527778 4763737250 12004268.24 312124 
5.003472222 4736193419 11940951.68 312591 
5.010416667 4736753606 11909280.18 313097 
5.017361111 4720376856 11862016.71 312771 
5.024305556 4700751972 11816157.74 313627 
5.03125 4671145571 11767675.63 312594 
5.038194444 4626329236 11685519.32 311969 
5.045138889 4625297117 11648275.42 312767 
5.052083333 4584951704 11551925.54 311681 
5.059027778 4560140781 11513042.26 311487 
5.065972222 4568097127 11511711.35 312523 
5.072916667 4532851873 11426090.66 311955 
5.079861111 4524691384 11402678.51 312948 
5.086805556 4492792727 11333817.3 312011 
5.09375 4476605782 11290368.05 312023 
5.100694444 1791119792 7141720.983 125211 
5.107638889 0 0 0 
5.114583333 0 0 0 
5.121527778 0 0 0 
5.128472222 0 0 0 
5.135416667 0 0 0 
5.142361111 0 0 0 
5.149305556 0 0 0 
5.15625 0 0 0 
5.163194444 0 0 0 
5.170138889 0 0 0 
5.177083333 0 0 0 
5.184027778 0 0 0 
5.190972222 0 0 0 
5.197916667 0 0 0 
5.204861111 0 0 0 
5.211805556 0 0 0 
5.21875 0 0 0 
5.225694444 0 0 0 
5.232638889 0 0 0 
5.239583333 0 0 0 
5.246527778 0 0 0 
5.253472222 0 0 0 
5.260416667 0 0 0 
5.267361111 0 0 0 
5.274305556 0 0 0 
5.28125 0 0 0 
5.288194444 0 0 0 
5.295138889 0 0 0 
5.302083333 0 0 0 
5.309027778 0 0 0 
5.315972222 0 0 0 
5.322916667 0 0 0 
5.329861111 0 0 0 
5.336805556 0 0 0 
5.34375 0 0 0 
5.350694444 0 0 0 
5.357638889 0 0 0 
5.364583333 0 0 0 
5.371527778 0 0 0 
5.378472222 0 0 0 
5.385416667 0 0 0 
5.392361111 0 0 0 
5.399305556 0 0 0 
5.40625 0 0 0 
5.413194444 0 0 0 
5.420138889 0 0 0 
5.427083333 0 0 0 
5.434027778 0 0 0 
5.440972222 0 0 0 
5.447916667 0 0 0 
5.454861111 0 0 0 
5.461805556 0 0 0 
5.46875 0 0 0 
5.475694444 0 0 0 
5.482638889 0 0 0 
5.489583333 0 0 0 
5.496527778 0 0 0 
5.503472222 0 0 0 
5.510416667 0 0 0 
5.517361111 0 0 0 
5.524305556 0 0 0 
5.53125 0 0 0 
5.538194444 0 0 0 
5.545138889 0 0 0 
5.552083333 0 0 0 
5.559027778 0 0 0 
5.565972222 0 0 0 
5.572916667 0 0 0 
5.579861111 0 0 0 
5.586805556 0 0 0 
5.59375 0 0 0 
5.600694444 0 0 0 
5.607638889 0 0 0 
5.614583333 0 0 0 
5.621527778 0 0 0 
5.628472222 0 0 0 
5.635416667 0 0 0 
5.642361111 0 0 0 
5.649305556 0 0 0 
5.65625 0 0 0 
5.663194444 0 0 0 
5.670138889 0 0 0 
5.677083333 0 0 0 
5.684027778 0 0 0 
5.690972222 0 0 0 
5.697916667 0 0 0 
5.704861111 0 0 0 
5.711805556 0 0 0 
5.71875 0 0 0 
5.725694444 0 0 0 
5.732638889 0 0 0 
5.739583333 0 0 0 
5.746527778 0 0 0 
5.753472222 0 0 0 
5.760416667 0 0 0 
5.767361111 0 0 0 
5.774305556 0 0 0 
5.78125 0 0 0 
5.788194444 0 0 0 
5.795138889 0 0 0 
5.802083333 0 0 0 
5.809027778 0 0 0 
5.815972222 0 0 0 
5.822916667 0 0 0 
5.829861111 0 0 0 
5.836805556 0 0 0 
5.84375 0 0 0 
5.850694444 0 0 0 
5.857638889 0 0 0 
5.864583333 0 0 0 
5.871527778 0 0 0 
5.878472222 0 0 0 
5.885416667 0 0 0 
5.892361111 0 0 0 
5.899305556 0 0 0 
5.90625 0 0 0 
5.913194444 0 0 0 
5.920138889 0 0 0 
5.927083333 0 0 0 
5.934027778 0 0 0 
5.940972222 0 0 0 
5.947916667 0 0 0 
5.954861111 0 0 0 
5.961805556 0 0 0 
5.96875 0 0 0 
5.975694444 0 0 0 
5.982638889 0 0 0 
5.989583333 0 0 0 
5.996527778 0 0 0 
6.003472222 0 0 0 
6.010416667 0 0 0 
6.017361111 0 0 0 
6.024305556 0 0 0 
6.03125 0 0 0 
6.038194444 0 0 0 
6.045138889 0 0 0 
6.052083333 0 0 0 
6.059027778 0 0 0 
6.065972222 0 0 0 
6.072916667 0 0 0 
6.079861111 0 0 0 
6.086805556 0 0 0 
6.09375 0 0 0 
6.100694444 0 0 0 
6.107638889 0 0 0 
6.114583333 0 0 0 
6.121527778 0 0 0 
6.128472222 0 0 0 
6.135416667 0 0 0 
6.142361111 0 0 0 
6.149305556 0 0 0 
6.15625 0 0 0 
6.163194444 0 0 0 
6.170138889 0 0 0 
6.177083333 0 0 0 
6.184027778 0 0 0 
6.190972222 0 0 0 
6.197916667 0 0 0 
6.204861111 0 0 0 
6.211805556 0 0 0 
6.21875 0 0 0 
6.225694444 0 0 0 
6.232638889 0 0 0 
6.239583333 0 0 0 
6.246527778 0 0 0 
6.253472222 0 0 0 
6.260416667 0 0 0 
6.267361111 0 0 0 
6.274305556 0 0 0 
6.28125 0 0 0 
6.288194444 0 0 0 
6.295138889 0 0 0 
6.302083333 0 0 0 
6.309027778 0 0 0 
6.315972222 0 0 0 
6.322916667 0 0 0 
6.329861111 0 0 0 
6.336805556 0 0 0 
6.34375 0 0 0 
6.350694444 0 0 0 
6.357638889 0 0 0 
6.364583333 0 0 0 
6.371527778 0 0 0 
6.378472222 0 0 0 
6.385416667 0 0 0 
6.392361111 0 0 0 
6.399305556 0 0 0 
6.40625 0 0 0 
6.413194444 0 0 0 
6.420138889 0 0 0 
6.427083333 0 0 0 
6.434027778 0 0 0 
6.440972222 0 0 0 
6.447916667 0 0 0 
6.454861111 0 0 0 
6.461805556 0 0 0 
6.46875 0 0 0 
6.475694444 0 0 0 
6.482638889 0 0 0 
6.489583333 0 0 0 
6.496527778 0 0 0 
6.503472222 0 0 0 
6.510416667 0 0 0 
6.517361111 0 0 0 
6.524305556 0 0 0 
6.53125 0 0 0 
6.538194444 0 0 0 
6.545138889 0 0 0 
6.552083333 0 0 0 
6.559027778 0 0 0 
6.565972222 0 0 0 
6.572916667 0 0 0 
6.579861111 0 0 0 
6.586805556 0 0 0 
6.59375 0 0 0 
6.600694444 0 0 0 
6.607638889 0 0 0 
6.614583333 0 0 0 
6.621527778 0 0 0 
6.628472222 0 0 0 
6.635416667 0 0 0 
6.642361111 0 0 0 
6.649305556 0 0 0 
6.65625 0 0 0 
6.663194444 0 0 0 
6.670138889 0 0 0 
6.677083333 0 0 0 
6.684027778 0 0 0 
6.690972222 0 0 0 
6.697916667 0 0 0 
6.704861111 0 0 0 
6.711805556 0 0 0 
6.71875 0 0 0 
6.725694444 0 0 0 
6.732638889 0 0 0 
6.739583333 0 0 0 
6.746527778 0 0 0 
6.753472222 0 0 0 
6.760416667 0 0 0 
6.767361111 0 0 0 
6.774305556 0 0 0 
6.78125 0 0 0 
6.788194444 0 0 0 
6.795138889 0 0 0 
6.802083333 0 0 0 
6.809027778 0 0 0 
6.815972222 0 0 0 
6.822916667 0 0 0 
6.829861111 0 0 0 
6.836805556 0 0 0 
6.84375 0 0 0 
6.850694444 0 0 0 
6.857638889 0 0 0 
6.864583333 0 0 0 
6.871527778 0 0 0 
6.878472222 0 0 0 
6.885416667 0 0 0 
6.892361111 0 0 0 
6.899305556 0 0 0 
6.90625 0 0 0 
6.913194444 0 0 0 
6.920138889 0 0 0 
6.927083333 0 0 0 
6.934027778 0 0 0 
6.940972222 0 0 0 
6.947916667 0 0 0 
6.954861111 0 0 0 
6.961805556 0 0 0 
6.96875 0 0 0 
6.975694444 0 0 0 
6.982638889 0 0 0 
6.989583333 0 0 0 
6.996527778 0 0 0 
7.003472222 0 0 0 
7.010416667 0 0 0 
7.017361111 0 0 0 
7.024305556 0 0 0 
7.03125 0 0 0 
7.038194444 0 0 0 
7.045138889 0 0 0 
7.052083333 0 0 0 
7.059027778 0 0 0 
7.065972222 0 0 0 
7.072916667 0 0 0 
7.079861111 0 0 0 
7.086805556 0 0 0 
7.09375 0 0 0 
7.100694444 0 0 0 
7.107638889 0 0 0 
7.114583333 0 0 0 
7.121527778 0 0 0 
7.128472222 0 0 0 
7.135416667 0 0 0 
7.142361111 0 0 0 
7.149305556 0 0 0 
7.15625 0 0 0 
7.163194444 0 0 0 
7.170138889 0 0 0 
7.177083333 0 0 0 
7.184027778 0 0 0 
7.190972222 0 0 0 
7.197916667 0 0 0 
7.204861111 0 0 0 
7.211805556 0 0 0 
7.21875 0 0 0 
7.225694444 0 0 0 
7.232638889 0 0 0 
7.239583333 0 0 0 
7.246527778 0 0 0 
7.253472222 0 0 0 
7.260416667 0 0 0 
7.267361111 0 0 0 
7.274305556 0 0 0 
7.28125 0 0 0 
7.288194444 0 0 0 
7.295138889 0 0 0 
7.302083333 0 0 0 
7.309027778 0 0 0 
7.315972222 0 0 0 
7.322916667 0 0 0 
7.329861111 0 0 0 
7.336805556 0 0 0 
7.34375 0 0 0 
7.350694444 0 0 0 
7.357638889 0 0 0 
7.364583333 0 0 0 
7.371527778 0 0 0 
7.378472222 0 0 0 
7.385416667 0 0 0 
7.392361111 0 0 0 
7.399305556 0 0 0 
7.40625 0 0 0 
7.413194444 0 0 0 
7.420138889 0 0 0 
7.427083333 0 0 0 
7.434027778 0 0 0 
7.440972222 0 0 0 
7.447916667 0 0 0 
7.454861111 0 0 0 
7.461805556 0 0 0 
7.46875 0 0 0 
7.475694444 0 0 0 
7.482638889 0 0 0 
7.489583333 0 0 0 
7.496527778 0 0 0 
7.503472222 0 0 0 
7.510416667 0 0 0 
7.517361111 0 0 0 
7.524305556 0 0 0 
7.53125 0 0 0 
7.538194444 0 0 0 
7.545138889 0 0 0 
7.552083333 0 0 0 
7.559027778 0 0 0 
7.565972222 0 0 0 
7.572916667 0 0 0 
7.579861111 0 0 0 
7.586805556 0 0 0 
7.59375 0 0 0 
7.600694444 0 0 0 
7.607638889 0 0 0 
7.614583333 0 0 0 
7.621527778 0 0 0 
7.628472222 0 0 0 
7.635416667 0 0 0 
7.642361111 0 0 0 
7.649305556 0 0 0 
7.65625 0 0 0 
7.663194444 0 0 0 
7.670138889 0 0 0 
7.677083333 0 0 0 
7.684027778 0 0 0 
7.690972222 0 0 0 
7.697916667 0 0 0 
7.704861111 0 0 0 
7.711805556 0 0 0 
7.71875 0 0 0 
7.725694444 0 0 0 
7.732638889 0 0 0 
7.739583333 0 0 0 
7.746527778 0 0 0 
7.753472222 0 0 0 
7.760416667 0 0 0 
7.767361111 0 0 0 
7.774305556 0 0 0 
7.78125 0 0 0 
7.788194444 0 0 0 
7.795138889 0 0 0 
7.802083333 0 0 0 
7.809027778 0 0 0 
7.815972222 0 0 0 
7.822916667 0 0 0 
7.829861111 0 0 0 
7.836805556 0 0 0 
7.84375 0 0 0 
7.850694444 0 0 0 
7.857638889 0 0 0 
7.864583333 0 0 0 
7.871527778 0 0 0 
7.878472222 0 0 0 
7.885416667 0 0 0 
7.892361111 0 0 0 
7.899305556 0 0 0 
7.90625 0 0 0 
7.913194444 0 0 0 
7.920138889 0 0 0 
7.927083333 0 0 0 
7.934027778 0 0 0 
7.940972222 0 0 0 
7.947916667 0 0 0 
7.954861111 0 0 0 
7.961805556 0 0 0 
7.96875 0 0 0 
7.975694444 0 0 0 
7.982638889 0 0 0 
7.989583333 0 0 0 
7.996527778 0 0 0 
8.003472222 0 0 0 
8.010416667 0 0 0 
8.017361111 0 0 0 
8.024305556 0 0 0 
8.03125 0 0 0 
8.038194444 0 0 0 
8.045138889 0 0 0 
8.052083333 0 0 0 
8.059027778 0 0 0 
8.065972222 0 0 0 
8.072916667 0 0 0 
8.079861111 0 0 0 
8.086805556 0 0 0 
8.09375 0 0 0 
8.100694444 0 0 0 
8.107638889 0 0 0 
8.114583333 0 0 0 
8.121527778 0 0 0 
8.128472222 0 0 0 
8.135416667 0 0 0 
8.142361111 0 0 0 
8.149305556 0 0 0 
8.15625 0 0 0 
8.163194444 0 0 0 
8.170138889 0 0 0 
8.177083333 0 0 0 
8.184027778 0 0 0 
8.190972222 0 0 0 
8.197916667 0 0 0 
8.204861111 0 0 0 
8.211805556 0 0 0 
8.21875 0 0 0 
8.225694444 0 0 0 
8.232638889 0 0 0 
8.239583333 0 0 0 
8.246527778 0 0 0 
8.253472222 0 0 0 
8.260416667 0 0 0 
8.267361111 0 0 0 
8.274305556 0 0 0 
8.28125 0 0 0 
8.288194444 0 0 0 
8.295138889 0 0 0 
8.302083333 0 0 0 
8.309027778 0 0 0 
8.315972222 0 0 0 
8.322916667 0 0 0 
8.329861111 0 0 0 
8.336805556 0 0 0 
8.34375 0 0 0 
8.350694444 0 0 0 
8.357638889 0 0 0 
8.364583333 0 0 0 
8.371527778 0 0 0 
8.378472222 0 0 0 
8.385416667 0 0 0 
8.392361111 0 0 0 
8.399305556 0 0 0 
8.40625 0 0 0 
8.413194444 0 0 0 
8.420138889 0 0 0 
8.427083333 0 0 0 
8.434027778 0 0 0 
8.440972222 0 0 0 
8.447916667 0 0 0 
8.454861111 0 0 0 
8.461805556 0 0 0 
8.46875 0 0 0 
8.475694444 0 0 0 
8.482638889 0 0 0 
8.489583333 0 0 0 
8.496527778 0 0 0 
8.503472222 0 0 0 
8.510416667 0 0 0 
8.517361111 0 0 0 
8.524305556 0 0 0 
8.53125 0 0 0 
8.538194444 0 0 0 
8.545138889 0 0 0 
8.552083333 0 0 0 
8.559027778 0 0 0 
8.565972222 0 0 0 
8.572916667 0 0 0 
8.579861111 0 0 0 
8.586805556 0 0 0 
8.59375 0 0 0 
8.600694444 0 0 0 
8.607638889 0 0 0 
8.614583333 0 0 0 
8.621527778 0 0 0 
8.628472222 0 0 0 
8.635416667 0 0 0 
8.642361111 0 0 0 
8.649305556 0 0 0 
8.65625 0 0 0 
8.663194444 0 0 0 
8.670138889 0 0 0 
8.677083333 0 0 0 
8.684027778 0 0 0 
8.690972222 0 0 0 
8.697916667 0 0 0 
8.704861111 0 0 0 
8.711805556 0 0 0 
8.71875 0 0 0 
8.725694444 0 0 0 
8.732638889 0 0 0 
8.739583333 0 0 0 
8.746527778 0 0 0 
8.753472222 0 0 0 
8.760416667 0 0 0 
8.767361111 0 0 0 
8.774305556 0 0 0 
8.78125 0 0 0 
8.788194444 0 0 0 
8.795138889 0 0 0 
8.802083333 0 0 0 
8.809027778 0 0 0 
8.815972222 0 0 0 
8.822916667 0 0 0 
8.829861111 0 0 0 
8.836805556 0 0 0 
8.84375 0 0 0 
8.850694444 0 0 0 
8.857638889 0 0 0 
8.864583333 0 0 0 
8.871527778 0 0 0 
8.878472222 0 0 0 
8.885416667 0 0 0 
8.892361111 0 0 0 
8.899305556 0 0 0 
8.90625 0 0 0 
8.913194444 0 0 0 
8.920138889 0 0 0 
8.927083333 0 0 0 
8.934027778 0 0 0 
8.940972222 0 0 0 
8.947916667 0 0 0 
8.954861111 0 0 0 
8.961805556 0 0 0 
8.96875 0 0 0 
8.975694444 0 0 0 
8.982638889 0 0 0 
8.989583333 0 0 0 
8.996527778 0 0 0 
9.003472222 0 0 0 
9.010416667 0 0 0 
9.017361111 0 0 0 
9.024305556 0 0 0 
9.03125 0 0 0 
9.038194444 0 0 0 
9.045138889 0 0 0 
9.052083333 0 0 0 
9.059027778 0 0 0 
9.065972222 0 0 0 
9.072916667 0 0 0 
9.079861111 0 0 0 
9.086805556 0 0 0 
9.09375 0 0 0 
9.100694444 0 0 0 
9.107638889 0 0 0 
9.114583333 0 0 0 
9.121527778 0 0 0 
9.128472222 0 0 0 
9.135416667 0 0 0 
9.142361111 0 0 0 
9.149305556 0 0 0 
9.15625 0 0 0 
9.163194444 0 0 0 
9.170138889 0 0 0 
9.177083333 0 0 0 
9.184027778 0 0 0 
9.190972222 0 0 0 
9.197916667 0 0 0 
9.204861111 0 0 0 
9.211805556 0 0 0 
9.21875 0 0 0 
9.225694444 0 0 0 
9.232638889 0 0 0 
9.239583333 0 0 0 
9.246527778 0 0 0 
9.253472222 0 0 0 
9.260416667 0 0 0 
9.267361111 0 0 0 
9.274305556 0 0 0 
9.28125 0 0 0 
9.288194444 0 0 0 
9.295138889 0 0 0 
9.302083333 0 0 0 
9.309027778 0 0 0 
9.315972222 0 0 0 
9.322916667 0 0 0 
9.329861111 0 0 0 
9.336805556 0 0 0 
9.34375 0 0 0 
9.350694444 0 0 0 
9.357638889 0 0 0 
9.364583333 0 0 0 
9.371527778 0 0 0 
9.378472222 0 0 0 
9.385416667 0 0 0 
9.392361111 0 0 0 
9.399305556 0 0 0 
9.40625 0 0 0 
9.413194444 0 0 0 
9.420138889 0 0 0 
9.427083333 0 0 0 
9.434027778 0 0 0 
9.440972222 0 0 0 
9.447916667 0 0 0 
9.454861111 0 0 0 
9.461805556 0 0 0 
9.46875 0 0 0 
9.475694444 0 0 0 
9.482638889 0 0 0 
9.489583333 0 0 0 
9.496527778 0 0 0 
9.503472222 0 0 0 
9.510416667 0 0 0 
9.517361111 0 0 0 
9.524305556 0 0 0 
9.53125 0 0 0 
9.538194444 0 0 0 
9.545138889 0 0 0 
9.552083333 0 0 0 
9.559027778 0 0 0 
9.565972222 0 0 0 
9.572916667 0 0 0 
9.579861111 0 0 0 
9.586805556 0 0 0 
9.59375 0 0 0 
9.600694444 0 0 0 
9.607638889 0 0 0 
9.614583333 0 0 0 
9.621527778 0 0 0 
9.628472222 0 0 0 
9.635416667 0 0 0 
9.642361111 0 0 0 
9.649305556 0 0 0 
9.65625 0 0 0 
9.663194444 0 0 0 
9.670138889 0 0 0 
9.677083333 0 0 0 
9.684027778 0 0 0 
9.690972222 0 0 0 
9.697916667 0 0 0 
9.704861111 0 0 0 
9.711805556 0 0 0 
9.71875 0 0 0 
9.725694444 0 0 0 
9.732638889 0 0 0 
9.739583333 0 0 0 
9.746527778 0 0 0 
9.753472222 0 0 0 
9.760416667 0 0 0 
9.767361111 0 0 0 
9.774305556 0 0 0 
9.78125 0 0 0 
9.788194444 0 0 0 
9.795138889 0 0 0 
9.802083333 0 0 0 
9.809027778 0 0 0 
9.815972222 0 0 0 
9.822916667 0 0 0 
9.829861111 0 0 0 
9.836805556 0 0 0 
9.84375 0 0 0 
9.850694444 0 0 0 
9.857638889 0 0 0 
9.864583333 0 0 0 
9.871527778 0 0 0 
9.878472222 0 0 0 
9.885416667 0 0 0 
9.892361111 0 0 0 
9.899305556 0 0 0 
9.90625 0 0 0 
9.913194444 0 0 0 
9.920138889 0 0 0 
9.927083333 0 0 0 
9.934027778 0 0 0 
9.940972222 0 0 0 
9.947916667 0 0 0 
9.954861111 0 0 0 
9.961805556 0 0 0 
9.96875 0 0 0 
9.975694444 0 0 0 
9.982638889 0 0 0 
9.989583333 0 0 0 
9.996527778 0 0 0 
10.00347222 0 0 0 
10.01041667 0 0 0 
10.01736111 0 0 0 
10.02430556 0 0 0 
10.03125 0 0 0 
10.03819444 0 0 0 
10.04513889 0 0 0 
10.05208333 0 0 0 
10.05902778 0 0 0 
10.06597222 0 0 0 
10.07291667 0 0 0 
10.07986111 0 0 0 
10.08680556 0 0 0 
10.09375 0 0 0 
10.10069444 0 0 0 
10.10763889 0 0 0 
10.11458333 0 0 0 
10.12152778 0 0 0 
10.12847222 0 0 0 
10.13541667 0 0 0 
10.14236111 0 0 0 
10.14930556 0 0 0 
10.15625 0 0 0 
10.16319444 0 0 0 
10.17013889 0 0 0 
10.17708333 0 0 0 
10.18402778 0 0 0 
10.19097222 0 0 0 
10.19791667 0 0 0 
10.20486111 0 0 0 
10.21180556 0 0 0 
10.21875 0 0 0 
10.22569444 0 0 0 
10.23263889 0 0 0 
10.23958333 0 0 0 
10.24652778 0 0 0 
10.25347222 0 0 0 
10.26041667 0 0 0 
10.26736111 0 0 0 
10.27430556 0 0 0 
10.28125 0 0 0 
10.28819444 0 0 0 
10.29513889 0 0 0 
10.30208333 0 0 0 
10.30902778 0 0 0 
10.31597222 0 0 0 
10.32291667 0 0 0 
10.32986111 0 0 0 
10.33680556 0 0 0 
10.34375 0 0 0 
10.35069444 0 0 0 
10.35763889 0 0 0 
10.36458333 0 0 0 
10.37152778 0 0 0 
10.37847222 0 0 0 
10.38541667 0 0 0 
10.39236111 0 0 0 
10.39930556 0 0 0 
10.40625 0 0 0 
10.41319444 0 0 0 
10.42013889 0 0 0 
10.42708333 0 0 0 
10.43402778 0 0 0 
10.44097222 0 0 0 
10.44791667 0 0 0 
10.45486111 0 0 0 
10.46180556 0 0 0 
10.46875 0 0 0 
10.47569444 0 0 0 
10.48263889 0 0 0 
10.48958333 0 0 0 
10.49652778 0 0 0 
10.50347222 0 0 0 
10.51041667 0 0 0 
10.51736111 0 0 0 
10.52430556 0 0 0 
10.53125 0 0 0 
10.53819444 0 0 0 
10.54513889 0 0 0 
10.55208333 0 0 0 
10.55902778 0 0 0 
10.56597222 0 0 0 
10.57291667 0 0 0 
10.57986111 0 0 0 
10.58680556 0 0 0 
10.59375 0 0 0 
10.60069444 0 0 0 
10.60763889 0 0 0 
10.61458333 0 0 0 
10.62152778 0 0 0 
10.62847222 0 0 0 
10.63541667 0 0 0 
10.64236111 0 0 0 
10.64930556 0 0 0 
10.65625 0 0 0 
10.66319444 0 0 0 
10.67013889 0 0 0 
10.67708333 0 0 0 
10.68402778 0 0 0 
10.69097222 0 0 0 
10.69791667 0 0 0 
10.70486111 0 0 0 
10.71180556 0 0 0 
10.71875 0 0 0 
10.72569444 0 0 0 
10.73263889 0 0 0 
10.73958333 0 0 0 
10.74652778 0 0 0 
10.75347222 0 0 0 
10.76041667 0 0 0 
10.76736111 0 0 0 
10.77430556 0 0 0 
10.78125 0 0 0 
10.78819444 0 0 0 
10.79513889 0 0 0 
10.80208333 0 0 0 
10.80902778 0 0 0 
10.81597222 0 0 0 
10.82291667 0 0 0 
10.82986111 0 0 0 
10.83680556 0 0 0 
10.84375 0 0 0 
10.85069444 0 0 0 
10.85763889 0 0 0 
10.86458333 0 0 0 
10.87152778 0 0 0 
10.87847222 0 0 0 
10.88541667 0 0 0 
10.89236111 0 0 0 
10.89930556 0 0 0 
10.90625 0 0 0 
10.91319444 0 0 0 
10.92013889 0 0 0 
10.92708333 0 0 0 
10.93402778 0 0 0 
10.94097222 0 0 0 
10.94791667 0 0 0 
10.95486111 0 0 0 
10.96180556 0 0 0 
10.96875 0 0 0 
10.97569444 0 0 0 
10.98263889 0 0 0 
10.98958333 0 0 0 
10.99652778 0 0 0 
11.00347222 0 0 0 
11.01041667 0 0 0 
11.01736111 0 0 0 
11.02430556 0 0 0 
11.03125 0 0 0 
11.03819444 0 0 0 
11.04513889 0 0 0 
11.05208333 0 0 0 
11.05902778 0 0 0 
11.06597222 0 0 0 
11.07291667 0 0 0 
11.07986111 0 0 0 
11.08680556 0 0 0 
11.09375 0 0 0 
11.10069444 0 0 0 
11.10763889 0 0 0 
11.11458333 0 0 0 
11.12152778 0 0 0 
11.12847222 0 0 0 
11.13541667 0 0 0 
11.14236111 0 0 0 
11.14930556 0 0 0 
11.15625 0 0 0 
11.16319444 0 0 0 
11.17013889 0 0 0 
11.17708333 0 0 0 
11.18402778 0 0 0 
11.19097222 0 0 0 
11.19791667 0 0 0 
11.20486111 0 0 0 
11.21180556 0 0 0 
11.21875 0 0 0 
11.22569444 0 0 0 
11.23263889 0 0 0 
11.23958333 0 0 0 
11.24652778 0 0 0 
11.25347222 0 0 0 
11.26041667 0 0 0 
11.26736111 0 0 0 
11.27430556 0 0 0 
11.28125 0 0 0 
11.28819444 0 0 0 
11.29513889 0 0 0 
11.30208333 0 0 0 
11.30902778 0 0 0 
11.31597222 0 0 0 
11.32291667 0 0 0 
11.32986111 0 0 0 
11.33680556 0 0 0 
11.34375 0 0 0 
11.35069444 0 0 0 
11.35763889 0 0 0 
11.36458333 0 0 0 
11.37152778 0 0 0 
11.37847222 0 0 0 
11.38541667 0 0 0 
11.39236111 0 0 0 
11.39930556 0 0 0 
11.40625 0 0 0 
11.41319444 0 0 0 
11.42013889 0 0 0 
11.42708333 0 0 0 
11.43402778 0 0 0 
11.44097222 0 0 0 
11.44791667 0 0 0 
11.45486111 0 0 0 
11.46180556 0 0 0 
11.46875 0 0 0 
11.47569444 0 0 0 
11.48263889 0 0 0 
11.48958333 0 0 0 
11.49652778 0 0 0 
11.50347222 0 0 0 
11.51041667 0 0 0 
11.51736111 0 0 0 
11.52430556 0 0 0 
11.53125 0 0 0 
11.53819444 0 0 0 
11.54513889 0 0 0 
11.55208333 0 0 0 
11.55902778 0 0 0 
11.56597222 0 0 0 
11.57291667 0 0 0 
11.57986111 0 0 0 
11.58680556 0 0 0 
11.59375 0 0 0 
11.60069444 0 0 0 
11.60763889 0 0 0 
11.61458333 0 0 0 
11.62152778 0 0 0 
11.62847222 0 0 0 
11.63541667 0 0 0 
11.64236111 0 0 0 
11.64930556 0 0 0 
11.65625 0 0 0 
11.66319444 0 0 0 
11.67013889 0 0 0 
11.67708333 0 0 0 
11.68402778 0 0 0 
11.69097222 0 0 0 
11.69791667 0 0 0 
11.70486111 0 0 0 
11.71180556 0 0 0 
11.71875 0 0 0 
11.72569444 0 0 0 
11.73263889 0 0 0 
11.73958333 0 0 0 
11.74652778 0 0 0 
11.75347222 0 0 0 
11.76041667 0 0 0 
11.76736111 0 0 0 
11.77430556 0 0 0 
11.78125 0 0 0 
11.78819444 0 0 0 
11.79513889 0 0 0 
11.80208333 0 0 0 
11.80902778 0 0 0 
11.81597222 0 0 0 
11.82291667 0 0 0 
11.82986111 0 0 0 
11.83680556 0 0 0 
11.84375 0 0 0 
11.85069444 0 0 0 
11.85763889 0 0 0 
11.86458333 0 0 0 
11.87152778 0 0 0 
11.87847222 0 0 0 
11.88541667 0 0 0 
11.89236111 0 0 0 
11.89930556 0 0 0 
11.90625 0 0 0 
11.91319444 0 0 0 
11.92013889 0 0 0 
11.92708333 0 0 0 
11.93402778 0 0 0 
11.94097222 0 0 0 
11.94791667 0 0 0 
11.95486111 0 0 0 
11.96180556 0 0 0 
11.96875 0 0 0 
11.97569444 0 0 0 
11.98263889 0 0 0 
11.98958333 0 0 0 
11.99652778 0 0 0 
12.00347222 0 0 0 
12.01041667 0 0 0 
12.01736111 0 0 0 
12.02430556 0 0 0 
12.03125 0 0 0 
12.03819444 0 0 0 
12.04513889 0 0 0 
12.05208333 0 0 0 
12.05902778 0 0 0 
12.06597222 0 0 0 
12.07291667 0 0 0 
12.07986111 0 0 0 
12.08680556 0 0 0 
12.09375 0 0 0 
12.10069444 0 0 0 
12.10763889 0 0 0 
12.11458333 0 0 0 
12.12152778 0 0 0 
12.12847222 0 0 0 
12.13541667 0 0 0 
12.14236111 0 0 0 
12.14930556 0 0 0 
12.15625 0 0 0 
12.16319444 0 0 0 
12.17013889 0 0 0 
12.17708333 0 0 0 
12.18402778 0 0 0 
12.19097222 0 0 0 
12.19791667 0 0 0 
12.20486111 0 0 0 
12.21180556 0 0 0 
12.21875 0 0 0 
12.22569444 0 0 0 
12.23263889 0 0 0 
12.23958333 0 0 0 
12.24652778 0 0 0 
12.25347222 0 0 0 
12.26041667 0 0 0 
12.26736111 0 0 0 
12.27430556 0 0 0 
12.28125 0 0 0 
12.28819444 0 0 0 
12.29513889 0 0 0 
12.30208333 0 0 0 
12.30902778 0 0 0 
12.31597222 0 0 0 
12.32291667 0 0 0 
12.32986111 0 0 0 
12.33680556 0 0 0 
12.34375 0 0 0 
12.35069444 0 0 0 
12.35763889 0 0 0 
12.36458333 0 0 0 
12.37152778 0 0 0 
12.37847222 0 0 0 
12.38541667 0 0 0 
12.39236111 0 0 0 
12.39930556 0 0 0 
12.40625 0 0 0 
12.41319444 0 0 0 
12.42013889 0 0 0 
12.42708333 0 0 0 
12.43402778 0 0 0 
12.44097222 0 0 0 
12.44791667 0 0 0 
12.45486111 0 0 0 
12.46180556 0 0 0 
12.46875 0 0 0 
12.47569444 0 0 0 
12.48263889 0 0 0 
12.48958333 0 0 0 
12.49652778 0 0 0 
12.50347222 0 0 0 
12.51041667 0 0 0 
12.51736111 0 0 0 
12.52430556 0 0 0 
12.53125 0 0 0 
12.53819444 0 0 0 
12.54513889 0 0 0 
12.55208333 0 0 0 
12.55902778 0 0 0 
12.56597222 0 0 0 
12.57291667 0 0 0 
12.57986111 0 0 0 
12.58680556 0 0 0 
12.59375 0 0 0 
12.60069444 0 0 0 
12.60763889 0 0 0 
12.61458333 0 0 0 
12.62152778 0 0 0 
12.62847222 0 0 0 
12.63541667 0 0 0 
12.64236111 0 0 0 
12.64930556 0 0 0 
12.65625 0 0 0 
12.66319444 0 0 0 
12.67013889 0 0 0 
12.67708333 0 0 0 
12.68402778 0 0 0 
12.69097222 0 0 0 
12.69791667 0 0 0 
12.70486111 0 0 0 
12.71180556 0 0 0 
12.71875 0 0 0 
12.72569444 0 0 0 
12.73263889 0 0 0 
12.73958333 0 0 0 
12.74652778 0 0 0 
12.75347222 0 0 0 
12.76041667 0 0 0 
12.76736111 0 0 0 
12.77430556 0 0 0 
12.78125 0 0 0 
12.78819444 0 0 0 
12.79513889 0 0 0 
12.80208333 0 0 0 
12.80902778 0 0 0 
12.81597222 0 0 0 
12.82291667 0 0 0 
12.82986111 0 0 0 
12.83680556 0 0 0 
12.84375 0 0 0 
12.85069444 0 0 0 
12.85763889 0 0 0 
12.86458333 0 0 0 
12.87152778 0 0 0 
12.87847222 0 0 0 
12.88541667 0 0 0 
12.89236111 0 0 0 
12.89930556 0 0 0 
12.90625 0 0 0 
12.91319444 0 0 0 
12.92013889 0 0 0 
12.92708333 0 0 0 
12.93402778 0 0 0 
12.94097222 0 0 0 
12.94791667 0 0 0 
12.95486111 0 0 0 
12.96180556 0 0 0 
12.96875 0 0 0 
12.97569444 0 0 0 
12.98263889 0 0 0 
12.98958333 0 0 0 
12.99652778 0 0 0 
13.00347222 0 0 0 
13.01041667 0 0 0 
13.01736111 0 0 0 
13.02430556 0 0 0 
13.03125 0 0 0 
13.03819444 0 0 0 
13.04513889 0 0 0 
13.05208333 0 0 0 
13.05902778 0 0 0 
13.06597222 0 0 0 
13.07291667 0 0 0 
13.07986111 0 0 0 
13.08680556 0 0 0 
13.09375 0 0 0 
13.10069444 0 0 0 
13.10763889 0 0 0 
13.11458333 0 0 0 
13.12152778 0 0 0 
13.12847222 0 0 0 
13.13541667 0 0 0 
13.14236111 0 0 0 
13.14930556 0 0 0 
13.15625 0 0 0 
13.16319444 0 0 0 
13.17013889 0 0 0 
13.17708333 0 0 0 
13.18402778 0 0 0 
13.19097222 0 0 0 
13.19791667 0 0 0 
13.20486111 0 0 0 
13.21180556 0 0 0 
13.21875 0 0 0 
13.22569444 0 0 0 
13.23263889 0 0 0 
13.23958333 0 0 0 
13.24652778 0 0 0 
13.25347222 0 0 0 
13.26041667 0 0 0 
13.26736111 0 0 0 
13.27430556 0 0 0 
13.28125 0 0 0 
13.28819444 0 0 0 
13.29513889 0 0 0 
13.30208333 0 0 0 
13.30902778 0 0 0 
13.31597222 0 0 0 
13.32291667 0 0 0 
13.32986111 0 0 0 
13.33680556 0 0 0 
13.34375 0 0 0 
13.35069444 0 0 0 
13.35763889 0 0 0 
13.36458333 0 0 0 
13.37152778 0 0 0 
13.37847222 0 0 0 
13.38541667 0 0 0 
13.39236111 0 0 0 
13.39930556 0 0 0 
13.40625 0 0 0 
13.41319444 0 0 0 
13.42013889 0 0 0 
13.42708333 0 0 0 
13.43402778 0 0 0 
13.44097222 0 0 0 
13.44791667 0 0 0 
13.45486111 0 0 0 
13.46180556 0 0 0 
13.46875 0 0 0 
13.47569444 0 0 0 
13.48263889 0 0 0 
13.48958333 0 0 0 
13.49652778 0 0 0 
13.50347222 0 0 0 
13.51041667 0 0 0 
13.51736111 0 0 0 
13.52430556 0 0 0 
13.53125 0 0 0 
13.53819444 0 0 0 
13.54513889 0 0 0 
13.55208333 0 0 0 
13.55902778 0 0 0 
13.56597222 0 0 0 
13.57291667 0 0 0 
13.57986111 0 0 0 
13.58680556 0 0 0 
13.59375 0 0 0 
13.60069444 0 0 0 
13.60763889 0 0 0 
13.61458333 0 0 0 
13.62152778 0 0 0 
13.62847222 0 0 0 
13.63541667 0 0 0 
13.64236111 0 0 0 
13.64930556 0 0 0 
13.65625 0 0 0 
13.66319444 0 0 0 
13.67013889 0 0 0 
13.67708333 0 0 0 
13.68402778 0 0 0 
13.69097222 0 0 0 
13.69791667 0 0 0 
13.70486111 0 0 0 
13.71180556 0 0 0 
13.71875 0 0 0 
13.72569444 0 0 0 
13.73263889 0 0 0 
13.73958333 0 0 0 
13.74652778 0 0 0 
13.75347222 0 0 0 
13.76041667 0 0 0 
13.76736111 0 0 0 
13.77430556 0 0 0 
13.78125 0 0 0 
13.78819444 0 0 0 
13.79513889 0 0 0 
13.80208333 0 0 0 
13.80902778 0 0 0 
13.81597222 0 0 0 
13.82291667 0 0 0 
13.82986111 0 0 0 
13.83680556 0 0 0 
13.84375 0 0 0 
13.85069444 0 0 0 
13.85763889 0 0 0 
13.86458333 0 0 0 
13.87152778 0 0 0 
13.87847222 0 0 0 
13.88541667 0 0 0 
13.89236111 0 0 0 
13.89930556 0 0 0 
13.90625 0 0 0 
13.91319444 0 0 0 
13.92013889 0 0 0 
13.92708333 0 0 0 
13.93402778 0 0 0 
13.94097222 0 0 0 
13.94791667 0 0 0 
13.95486111 0 0 0 
13.96180556 0 0 0 
13.96875 0 0 0 
13.97569444 0 0 0 
13.98263889 0 0 0 
13.98958333 0 0 0 
13.99652778 0 0 0 
14.00347222 0 0 0 
14.01041667 0 0 0 
14.01736111 0 0 0 
14.02430556 0 0 0 
14.03125 0 0 0 
14.03819444 0 0 0 
14.04513889 0 0 0 
14.05208333 0 0 0 
14.05902778 0 0 0 
14.06597222 0 0 0 
14.07291667 0 0 0 
14.07986111 0 0 0 
14.08680556 0 0 0 
14.09375 0 0 0 
14.10069444 0 0 0 
14.10763889 0 0 0 
14.11458333 0 0 0 
14.12152778 0 0 0 
14.12847222 0 0 0 
14.13541667 0 0 0 
14.14236111 0 0 0 
14.14930556 0 0 0 
14.15625 0 0 0 
14.16319444 0 0 0 
14.17013889 0 0 0 
14.17708333 0 0 0 
14.18402778 0 0 0 
14.19097222 0 0 0 
14.19791667 0 0 0 
14.20486111 0 0 0 
14.21180556 0 0 0 
14.21875 0 0 0 
14.22569444 0 0 0 
14.23263889 0 0 0 
14.23958333 0 0 0 
14.24652778 0 0 0 
14.25347222 0 0 0 
14.26041667 0 0 0 
14.26736111 0 0 0 
14.27430556 0 0 0 
14.28125 0 0 0 
14.28819444 0 0 0 
14.29513889 0 0 0 
14.30208333 0 0 0 
14.30902778 0 0 0 
14.31597222 0 0 0 
14.32291667 0 0 0 
14.32986111 0 0 0 
14.33680556 0 0 0 
14.34375 0 0 0 
14.35069444 0 0 0 
14.35763889 0 0 0 
14.36458333 0 0 0 
14.37152778 0 0 0 
14.37847222 0 0 0 
14.38541667 0 0 0 
14.39236111 0 0 0 
14.39930556 0 0 0 
14.40625 0 0 0 
14.41319444 0 0 0 
14.42013889 0 0 0 
14.42708333 0 0 0 
14.43402778 0 0 0 
14.44097222 0 0 0 
14.44791667 0 0 0 
14.45486111 0 0 0 
14.46180556 0 0 0 
14.46875 0 0 0 
14.47569444 0 0 0 
14.48263889 0 0 0 
14.48958333 0 0 0 
14.49652778 0 0 0 
14.50347222 0 0 0 
14.51041667 0 0 0 
14.51736111 0 0 0 
14.52430556 0 0 0 
14.53125 0 0 0 
14.53819444 0 0 0 
14.54513889 0 0 0 
14.55208333 0 0 0 
14.55902778 0 0 0 
14.56597222 0 0 0 
14.57291667 0 0 0 
14.57986111 0 0 0 
14.58680556 0 0 0 
14.59375 0 0 0 
14.60069444 0 0 0 
14.60763889 0 0 0 
14.61458333 0 0 0 
14.62152778 0 0 0 
14.62847222 0 0 0 
14.63541667 0 0 0 
14.64236111 0 0 0 
14.64930556 0 0 0 
14.65625 0 0 0 
14.66319444 0 0 0 
14.67013889 0 0 0 
14.67708333 0 0 0 
14.68402778 0 0 0 
14.69097222 0 0 0 
14.69791667 0 0 0 
14.70486111 0 0 0 
14.71180556 0 0 0 
14.71875 0 0 0 
14.72569444 0 0 0 
14.73263889 0 0 0 
14.73958333 0 0 0 
14.74652778 0 0 0 
14.75347222 0 0 0 
14.76041667 0 0 0 
14.76736111 0 0 0 
14.77430556 0 0 0 
14.78125 0 0 0 
14.78819444 0 0 0 
14.79513889 0 0 0 
14.80208333 0 0 0 
14.80902778 0 0 0 
14.81597222 0 0 0 
14.82291667 0 0 0 
14.82986111 0 0 0 
14.83680556 0 0 0 
14.84375 0 0 0 
14.85069444 0 0 0 
14.85763889 0 0 0 
14.86458333 0 0 0 
14.87152778 0 0 0 
14.87847222 0 0 0 
14.88541667 0 0 0 
14.89236111 0 0 0 
14.89930556 0 0 0 
14.90625 0 0 0 
14.91319444 0 0 0 
14.92013889 0 0 0 
14.92708333 0 0 0 
14.93402778 0 0 0 
14.94097222 0 0 0 
14.94791667 0 0 0 
14.95486111 0 0 0 
14.96180556 0 0 0 
14.96875 0 0 0 
14.97569444 0 0 0 
14.98263889 0 0 0 
14.98958333 0 0 0 
14.99652778 0 0 0 
15.00347222 0 0 0 
15.01041667 0 0 0 
15.01736111 0 0 0 
15.02430556 0 0 0 
15.03125 0 0 0 
15.03819444 0 0 0 
15.04513889 0 0 0 
15.05208333 0 0 0 
15.05902778 0 0 0 
15.06597222 0 0 0 
15.07291667 0 0 0 
15.07986111 0 0 0 
15.08680556 0 0 0 
15.09375 0 0 0 
15.10069444 0 0 0 
15.10763889 0 0 0 
15.11458333 0 0 0 
15.12152778 0 0 0 
15.12847222 0 0 0 
15.13541667 0 0 0 
15.14236111 0 0 0 
15.14930556 0 0 0 
15.15625 0 0 0 
15.16319444 0 0 0 
15.17013889 0 0 0 
15.17708333 0 0 0 
15.18402778 0 0 0 
15.19097222 0 0 0 
15.19791667 0 0 0 
15.20486111 0 0 0 
15.21180556 0 0 0 
15.21875 0 0 0 
15.22569444 0 0 0 
15.23263889 0 0 0 
15.23958333 0 0 0 
15.24652778 0 0 0 
15.25347222 0 0 0 
15.26041667 0 0 0 
15.26736111 0 0 0 
15.27430556 0 0 0 
15.28125 0 0 0 
15.28819444 0 0 0 
15.29513889 0 0 0 
15.30208333 0 0 0 
15.30902778 0 0 0 
15.31597222 0 0 0 
15.32291667 0 0 0 
15.32986111 0 0 0 
15.33680556 0 0 0 
15.34375 0 0 0 
15.35069444 0 0 0 
15.35763889 0 0 0 
15.36458333 0 0 0 
15.37152778 0 0 0 
15.37847222 0 0 0 
15.38541667 0 0 0 
15.39236111 0 0 0 
15.39930556 0 0 0 
15.40625 0 0 0 
15.41319444 0 0 0 
15.42013889 0 0 0 
15.42708333 0 0 0 
15.43402778 0 0 0 
15.44097222 0 0 0 
15.44791667 0 0 0 
15.45486111 0 0 0 
15.46180556 0 0 0 
15.46875 0 0 0 
15.47569444 0 0 0 
15.48263889 0 0 0 
15.48958333 0 0 0 
15.49652778 0 0 0 
15.50347222 0 0 0 
15.51041667 0 0 0 
15.51736111 0 0 0 
15.52430556 0 0 0 
15.53125 0 0 0 
15.53819444 0 0 0 
15.54513889 0 0 0 
15.55208333 0 0 0 
15.55902778 0 0 0 
15.56597222 0 0 0 
15.57291667 0 0 0 
15.57986111 0 0 0 
15.58680556 0 0 0 
15.59375 0 0 0 
15.60069444 0 0 0 
15.60763889 0 0 0 
15.61458333 0 0 0 
15.62152778 0 0 0 
15.62847222 0 0 0 
15.63541667 0 0 0 
15.64236111 0 0 0 
15.64930556 0 0 0 
15.65625 0 0 0 
15.66319444 0 0 0 
15.67013889 0 0 0 
15.67708333 0 0 0 
15.68402778 0 0 0 
15.69097222 0 0 0 
15.69791667 0 0 0 
15.70486111 0 0 0 
15.71180556 0 0 0 
15.71875 0 0 0 
15.72569444 0 0 0 
15.73263889 0 0 0 
15.73958333 0 0 0 
15.74652778 0 0 0 
15.75347222 0 0 0 
15.76041667 0 0 0 
15.76736111 0 0 0 
15.77430556 0 0 0 
15.78125 0 0 0 
15.78819444 0 0 0 
15.79513889 0 0 0 
15.80208333 0 0 0 
15.80902778 0 0 0 
15.81597222 0 0 0 
15.82291667 0 0 0 
15.82986111 0 0 0 
15.83680556 0 0 0 
15.84375 0 0 0 
15.85069444 0 0 0 
15.85763889 0 0 0 
15.86458333 0 0 0 
15.87152778 0 0 0 
15.87847222 0 0 0 
15.88541667 0 0 0 
15.89236111 0 0 0 
15.89930556 0 0 0 
15.90625 0 0 0 
15.91319444 0 0 0 
15.92013889 0 0 0 
15.92708333 0 0 0 
15.93402778 0 0 0 
15.94097222 0 0 0 
15.94791667 0 0 0 
15.95486111 0 0 0 
15.96180556 0 0 0 
15.96875 0 0 0 
15.97569444 0 0 0 
15.98263889 0 0 0 
15.98958333 0 0 0 
15.99652778 0 0 0 
16.00347222 0 0 0 
16.01041667 0 0 0 
16.01736111 0 0 0 
16.02430556 0 0 0 
16.03125 0 0 0 
16.03819444 0 0 0 
16.04513889 0 0 0 
16.05208333 0 0 0 
16.05902778 0 0 0 
16.06597222 0 0 0 
16.07291667 0 0 0 
16.07986111 0 0 0 
16.08680556 0 0 0 
16.09375 0 0 0 
16.10069444 0 0 0 
16.10763889 0 0 0 
16.11458333 0 0 0 
16.12152778 0 0 0 
16.12847222 0 0 0 
16.13541667 0 0 0 
16.14236111 0 0 0 
16.14930556 0 0 0 
16.15625 0 0 0 
16.16319444 0 0 0 
16.17013889 0 0 0 
16.17708333 0 0 0 
16.18402778 0 0 0 
16.19097222 0 0 0 
16.19791667 0 0 0 
16.20486111 0 0 0 
16.21180556 0 0 0 
16.21875 0 0 0 
16.22569444 0 0 0 
16.23263889 0 0 0 
16.23958333 0 0 0 
16.24652778 0 0 0 
16.25347222 0 0 0 
16.26041667 0 0 0 
16.26736111 0 0 0 
16.27430556 0 0 0 
16.28125 0 0 0 
16.28819444 0 0 0 
16.29513889 0 0 0 
16.30208333 0 0 0 
16.30902778 0 0 0 
16.31597222 0 0 0 
16.32291667 0 0 0 
16.32986111 0 0 0 
16.33680556 0 0 0 
16.34375 0 0 0 
16.35069444 0 0 0 
16.35763889 0 0 0 
16.36458333 0 0 0 
16.37152778 0 0 0 
16.37847222 0 0 0 
16.38541667 0 0 0 
16.39236111 0 0 0 
16.39930556 0 0 0 
16.40625 0 0 0 
16.41319444 0 0 0 
16.42013889 0 0 0 
16.42708333 0 0 0 
16.43402778 0 0 0 
16.44097222 0 0 0 
16.44791667 0 0 0 
16.45486111 0 0 0 
16.46180556 0 0 0 
16.46875 0 0 0 
16.47569444 0 0 0 
16.48263889 0 0 0 
16.48958333 0 0 0 
16.49652778 0 0 0 
16.50347222 0 0 0 
16.51041667 0 0 0 
16.51736111 0 0 0 
16.52430556 0 0 0 
16.53125 0 0 0 
16.53819444 0 0 0 
16.54513889 0 0 0 
16.55208333 0 0 0 
16.55902778 0 0 0 
16.56597222 0 0 0 
16.57291667 0 0 0 
16.57986111 0 0 0 
16.58680556 0 0 0 
16.59375 0 0 0 
16.60069444 0 0 0 
16.60763889 0 0 0 
16.61458333 0 0 0 
16.62152778 0 0 0 
16.62847222 0 0 0 
16.63541667 0 0 0 
16.64236111 0 0 0 
16.64930556 0 0 0 
16.65625 0 0 0 
16.66319444 0 0 0 
16.67013889 0 0 0 
16.67708333 0 0 0 
16.68402778 0 0 0 
16.69097222 0 0 0 
16.69791667 0 0 0 
16.70486111 0 0 0 
16.71180556 0 0 0 
16.71875 0 0 0 
16.72569444 0 0 0 
16.73263889 0 0 0 
16.73958333 0 0 0 
16.74652778 0 0 0 
16.75347222 0 0 0 
16.76041667 0 0 0 
16.76736111 0 0 0 
16.77430556 0 0 0 
16.78125 0 0 0 
16.78819444 0 0 0 
16.79513889 0 0 0 
16.80208333 0 0 0 
16.80902778 0 0 0 
16.81597222 0 0 0 
16.82291667 0 0 0 
16.82986111 0 0 0 
16.83680556 0 0 0 
16.84375 0 0 0 
16.85069444 0 0 0 
16.85763889 0 0 0 
16.86458333 0 0 0 
16.87152778 0 0 0 
16.87847222 0 0 0 
16.88541667 0 0 0 
16.89236111 0 0 0 
16.89930556 0 0 0 
16.90625 0 0 0 
16.91319444 0 0 0 
16.92013889 0 0 0 
16.92708333 0 0 0 
16.93402778 0 0 0 
16.94097222 0 0 0 
16.94791667 0 0 0 
16.95486111 0 0 0 
16.96180556 0 0 0 
16.96875 0 0 0 
16.97569444 0 0 0 
16.98263889 0 0 0 
16.98958333 0 0 0 
16.99652778 0 0 0 
17.00347222 0 0 0 
17.01041667 0 0 0 
17.01736111 0 0 0 
17.02430556 0 0 0 
17.03125 0 0 0 
17.03819444 0 0 0 
17.04513889 0 0 0 
17.05208333 0 0 0 
17.05902778 0 0 0 
17.06597222 0 0 0 
17.07291667 0 0 0 
17.07986111 0 0 0 
17.08680556 0 0 0 
17.09375 0 0 0 
17.10069444 0 0 0 
17.10763889 0 0 0 
17.11458333 0 0 0 
17.12152778 0 0 0 
17.12847222 0 0 0 
17.13541667 0 0 0 
17.14236111 0 0 0 
17.14930556 0 0 0 
17.15625 0 0 0 
17.16319444 0 0 0 
17.17013889 0 0 0 
17.17708333 0 0 0 
17.18402778 0 0 0 
17.19097222 0 0 0 
17.19791667 0 0 0 
17.20486111 0 0 0 
17.21180556 0 0 0 
17.21875 0 0 0 
17.22569444 0 0 0 
17.23263889 0 0 0 
17.23958333 0 0 0 
17.24652778 0 0 0 
17.25347222 0 0 0 
17.26041667 0 0 0 
17.26736111 0 0 0 
17.27430556 0 0 0 
17.28125 0 0 0 
17.28819444 0 0 0 
17.29513889 0 0 0 
17.30208333 0 0 0 
17.30902778 0 0 0 
17.31597222 0 0 0 
17.32291667 0 0 0 
17.32986111 0 0 0 
17.33680556 0 0 0 
17.34375 0 0 0 
17.35069444 0 0 0 
17.35763889 0 0 0 
17.36458333 0 0 0 
17.37152778 0 0 0 
17.37847222 0 0 0 
17.38541667 0 0 0 
17.39236111 0 0 0 
17.39930556 0 0 0 
17.40625 0 0 0 
17.41319444 0 0 0 
17.42013889 0 0 0 
17.42708333 0 0 0 
17.43402778 0 0 0 
17.44097222 0 0 0 
17.44791667 0 0 0 
17.45486111 0 0 0 
17.46180556 0 0 0 
17.46875 0 0 0 
17.47569444 0 0 0 
17.48263889 0 0 0 
17.48958333 0 0 0 
17.49652778 0 0 0 
17.50347222 0 0 0 
17.51041667 0 0 0 
17.51736111 0 0 0 
17.52430556 0 0 0 
17.53125 0 0 0 
17.53819444 0 0 0 
17.54513889 0 0 0 
17.55208333 0 0 0 
17.55902778 0 0 0 
17.56597222 0 0 0 
17.57291667 0 0 0 
17.57986111 0 0 0 
17.58680556 0 0 0 
17.59375 0 0 0 
17.60069444 0 0 0 
17.60763889 0 0 0 
17.61458333 0 0 0 
17.62152778 0 0 0 
17.62847222 0 0 0 
17.63541667 0 0 0 
17.64236111 0 0 0 
17.64930556 0 0 0 
17.65625 0 0 0 
17.66319444 0 0 0 
17.67013889 0 0 0 
17.67708333 0 0 0 
17.68402778 0 0 0 
17.69097222 0 0 0 
17.69791667 0 0 0 
17.70486111 0 0 0 
17.71180556 0 0 0 
17.71875 0 0 0 
17.72569444 0 0 0 
17.73263889 0 0 0 
17.73958333 0 0 0 
17.74652778 0 0 0 
17.75347222 0 0 0 
17.76041667 0 0 0 
17.76736111 0 0 0 
17.77430556 0 0 0 
17.78125 0 0 0 
17.78819444 0 0 0 
17.79513889 0 0 0 
17.80208333 0 0 0 
17.80902778 0 0 0 
17.81597222 0 0 0 
17.82291667 0 0 0 
17.82986111 0 0 0 
17.83680556 0 0 0 
17.84375 0 0 0 
17.85069444 0 0 0 
17.85763889 0 0 0 
17.86458333 0 0 0 
17.87152778 0 0 0 
17.87847222 0 0 0 
17.88541667 0 0 0 
17.89236111 0 0 0 
17.89930556 0 0 0 
17.90625 0 0 0 
17.91319444 0 0 0 
17.92013889 0 0 0 
17.92708333 0 0 0 
17.93402778 0 0 0 
17.94097222 0 0 0 
17.94791667 0 0 0 
17.95486111 0 0 0 
17.96180556 0 0 0 
17.96875 0 0 0 
17.97569444 0 0 0 
17.98263889 0 0 0 
17.98958333 0 0 0 
17.99652778 0 0 0 
18.00347222 0 0 0 
18.01041667 0 0 0 
18.01736111 0 0 0 
18.02430556 0 0 0 
18.03125 0 0 0 
18.03819444 0 0 0 
18.04513889 0 0 0 
18.05208333 0 0 0 
18.05902778 0 0 0 
18.06597222 0 0 0 
18.07291667 0 0 0 
18.07986111 0 0 0 
18.08680556 0 0 0 
18.09375 0 0 0 
18.10069444 0 0 0 
18.10763889 0 0 0 
18.11458333 0 0 0 
18.12152778 0 0 0 
18.12847222 0 0 0 
18.13541667 0 0 0 
18.14236111 0 0 0 
18.14930556 0 0 0 
18.15625 0 0 0 
18.16319444 0 0 0 
18.17013889 0 0 0 
18.17708333 0 0 0 
18.18402778 0 0 0 
18.19097222 0 0 0 
18.19791667 0 0 0 
18.20486111 0 0 0 
18.21180556 0 0 0 
18.21875 0 0 0 
18.22569444 0 0 0 
18.23263889 0 0 0 
18.23958333 0 0 0 
18.24652778 0 0 0 
18.25347222 0 0 0 
18.26041667 0 0 0 
18.26736111 0 0 0 
18.27430556 0 0 0 
18.28125 0 0 0 
18.28819444 0 0 0 
18.29513889 0 0 0 
18.30208333 0 0 0 
18.30902778 0 0 0 
18.31597222 0 0 0 
18.32291667 0 0 0 
18.32986111 0 0 0 
18.33680556 0 0 0 
18.34375 0 0 0 
18.35069444 0 0 0 
18.35763889 0 0 0 
18.36458333 0 0 0 
18.37152778 0 0 0 
18.37847222 0 0 0 
18.38541667 0 0 0 
18.39236111 0 0 0 
18.39930556 0 0 0 
18.40625 0 0 0 
18.41319444 0 0 0 
18.42013889 0 0 0 
18.42708333 0 0 0 
18.43402778 0 0 0 
18.44097222 0 0 0 
18.44791667 0 0 0 
18.45486111 0 0 0 
18.46180556 0 0 0 
18.46875 0 0 0 
18.47569444 0 0 0 
18.48263889 0 0 0 
18.48958333 0 0 0 
18.49652778 0 0 0 
18.50347222 0 0 0 
18.51041667 0 0 0 
18.51736111 0 0 0 
18.52430556 0 0 0 
18.53125 0 0 0 
18.53819444 0 0 0 
18.54513889 0 0 0 
18.55208333 0 0 0 
18.55902778 0 0 0 
18.56597222 0 0 0 
18.57291667 0 0 0 
18.57986111 0 0 0 
18.58680556 0 0 0 
18.59375 0 0 0 
18.60069444 0 0 0 
18.60763889 0 0 0 
18.61458333 0 0 0 
18.62152778 0 0 0 
18.62847222 0 0 0 
18.63541667 0 0 0 
18.64236111 0 0 0 
18.64930556 0 0 0 
18.65625 0 0 0 
18.66319444 0 0 0 
18.67013889 0 0 0 
18.67708333 0 0 0 
18.68402778 0 0 0 
18.69097222 0 0 0 
18.69791667 0 0 0 
18.70486111 0 0 0 
18.71180556 0 0 0 
18.71875 0 0 0 
18.72569444 0 0 0 
18.73263889 0 0 0 
18.73958333 0 0 0 
18.74652778 0 0 0 
18.75347222 0 0 0 
18.76041667 0 0 0 
18.76736111 0 0 0 
18.77430556 0 0 0 
18.78125 0 0 0 
18.78819444 0 0 0 
18.79513889 0 0 0 
18.80208333 0 0 0 
18.80902778 0 0 0 
18.81597222 0 0 0 
18.82291667 0 0 0 
18.82986111 0 0 0 
18.83680556 0 0 0 
18.84375 0 0 0 
18.85069444 0 0 0 
18.85763889 0 0 0 
18.86458333 0 0 0 
18.87152778 0 0 0 
18.87847222 0 0 0 
18.88541667 0 0 0 
18.89236111 0 0 0 
18.89930556 0 0 0 
18.90625 0 0 0 
18.91319444 0 0 0 
18.92013889 0 0 0 
18.92708333 0 0 0 
18.93402778 0 0 0 
18.94097222 0 0 0 
18.94791667 0 0 0 
18.95486111 0 0 0 
18.96180556 0 0 0 
18.96875 0 0 0 
18.97569444 0 0 0 
18.98263889 0 0 0 
18.98958333 0 0 0 
18.99652778 0 0 0 
19.00347222 0 0 0 
19.01041667 0 0 0 
19.01736111 0 0 0 
19.02430556 0 0 0 
19.03125 0 0 0 
19.03819444 0 0 0 
19.04513889 0 0 0 
19.05208333 0 0 0 
19.05902778 0 0 0 
19.06597222 0 0 0 
19.07291667 0 0 0 
19.07986111 0 0 0 
19.08680556 0 0 0 
19.09375 0 0 0 
19.10069444 0 0 0 
19.10763889 0 0 0 
19.11458333 0 0 0 
19.12152778 0 0 0 
19.12847222 0 0 0 
19.13541667 0 0 0 
19.14236111 0 0 0 
19.14930556 0 0 0 
19.15625 0 0 0 
19.16319444 0 0 0 
19.17013889 0 0 0 
19.17708333 0 0 0 
19.18402778 0 0 0 
19.19097222 0 0 0 
19.19791667 0 0 0 
19.20486111 0 0 0 
19.21180556 0 0 0 
19.21875 0 0 0 
19.22569444 0 0 0 
19.23263889 0 0 0 
19.23958333 0 0 0 
19.24652778 0 0 0 
19.25347222 0 0 0 
19.26041667 0 0 0 
19.26736111 0 0 0 
19.27430556 0 0 0 
19.28125 0 0 0 
19.28819444 0 0 0 
19.29513889 0 0 0 
19.30208333 0 0 0 
19.30902778 0 0 0 
19.31597222 0 0 0 
19.32291667 0 0 0 
19.32986111 0 0 0 
19.33680556 0 0 0 
19.34375 0 0 0 
19.35069444 0 0 0 
19.35763889 0 0 0 
19.36458333 0 0 0 
19.37152778 0 0 0 
19.37847222 0 0 0 
19.38541667 0 0 0 
19.39236111 0 0 0 
19.39930556 0 0 0 
19.40625 0 0 0 
19.41319444 0 0 0 
19.42013889 0 0 0 
19.42708333 0 0 0 
19.43402778 0 0 0 
19.44097222 0 0 0 
19.44791667 0 0 0 
19.45486111 0 0 0 
19.46180556 0 0 0 
19.46875 0 0 0 
19.47569444 0 0 0 
19.48263889 0 0 0 
19.48958333 0 0 0 
19.49652778 0 0 0 
19.50347222 0 0 0 
19.51041667 0 0 0 
19.51736111 0 0 0 
19.52430556 0 0 0 
19.53125 0 0 0 
19.53819444 0 0 0 
19.54513889 0 0 0 
19.55208333 0 0 0 
19.55902778 0 0 0 
19.56597222 0 0 0 
19.57291667 0 0 0 
19.57986111 0 0 0 
19.58680556 0 0 0 
19.59375 0 0 0 
19.60069444 0 0 0 
19.60763889 0 0 0 
19.61458333 0 0 0 
19.62152778 0 0 0 
19.62847222 0 0 0 
19.63541667 0 0 0 
19.64236111 0 0 0 
19.64930556 0 0 0 
19.65625 0 0 0 
19.66319444 0 0 0 
19.67013889 0 0 0 
19.67708333 0 0 0 
19.68402778 0 0 0 
19.69097222 0 0 0 
19.69791667 0 0 0 
19.70486111 0 0 0 
19.71180556 0 0 0 
19.71875 0 0 0 
19.72569444 0 0 0 
19.73263889 0 0 0 
19.73958333 0 0 0 
19.74652778 0 0 0 
19.75347222 0 0 0 
19.76041667 0 0 0 
19.76736111 0 0 0 
19.77430556 0 0 0 
19.78125 0 0 0 
19.78819444 0 0 0 
19.79513889 0 0 0 
19.80208333 0 0 0 
19.80902778 0 0 0 
19.81597222 0 0 0 
19.82291667 0 0 0 
19.82986111 0 0 0 
19.83680556 0 0 0 
19.84375 0 0 0 
19.85069444 0 0 0 
19.85763889 0 0 0 
19.86458333 0 0 0 
19.87152778 0 0 0 
19.87847222 0 0 0 
19.88541667 0 0 0 
19.89236111 0 0 0 
19.89930556 0 0 0 
19.90625 0 0 0 
19.91319444 0 0 0 
19.92013889 0 0 0 
19.92708333 0 0 0 
19.93402778 0 0 0 
19.94097222 0 0 0 
19.94791667 0 0 0 
19.95486111 0 0 0 
19.96180556 0 0 0 
19.96875 0 0 0 
19.97569444 0 0 0 
19.98263889 0 0 0 
19.98958333 0 0 0 
19.99652778 0 0 0 
