# Format: McCode with text headers
# URL: http://www.mccode.org
# Creator: McStas 2.5 - Dec. 12, 2018
# Instrument: FZJ_SANS_KWS2_AnySample.instr
# Ncount: 1000000
# Trace: no
# Gravitation: no
# Seed: 1570825836
# Directory: FZJ_SANS_KWS2_AnySample/3
# Param: lambda=7
# Param: dlambda=0.7
# Param: FLUX=1e+08
# Param: NGblen=0.05
# Param: sample=3
# Param: Clen=10
# Param: Dlen=10
# Date: Fri Oct 11 20:25:25 2019 (1570818325)
# type: array_1d(500)
# Source: SANS_KWS2_AnySample (FZJ_SANS_KWS2_AnySample.instr)
# component: detector2
# position: 0 0 60.01
# title: PSD monitor radial sum
# Ncount: 1000000
# filename: PSDr.dat
# statistics: X0=0.0759885; dX=0.0259288;
# signal: Min=0; Max=18.8652; Mean=2.40074;
# values: 1200.37 25.4262 2229
# xvar: r
# yvar: (I,I_err)
# xlabel: Radius [m]
# ylabel: Intensity
# xlimits: 0.00035 0.35035
# variables: r I I_err N
0.0007 0 0 0 
0.0014 0 0 0 
0.0021 0 0 0 
0.0028 0 0 0 
0.0035 0 0 0 
0.0042 0 0 0 
0.0049 0 0 0 
0.0056 0 0 0 
0.0063 0 0 0 
0.007 0 0 0 
0.0077 0 0 0 
0.0084 0 0 0 
0.0091 0 0 0 
0.0098 0 0 0 
0.0105 0 0 0 
0.0112 0 0 0 
0.0119 0 0 0 
0.0126 0 0 0 
0.0133 0 0 0 
0.014 0 0 0 
0.0147 0 0 0 
0.0154 0 0 0 
0.0161 0 0 0 
0.0168 0 0 0 
0.0175 0 0 0 
0.0182 0 0 0 
0.0189 0 0 0 
0.0196 0 0 0 
0.0203 0 0 0 
0.021 0 0 0 
0.0217 0 0 0 
0.0224 0 0 0 
0.0231 0 0 0 
0.0238 0 0 0 
0.0245 0 0 0 
0.0252 0 0 0 
0.0259 0 0 0 
0.0266 0 0 0 
0.0273 0 0 0 
0.028 0 0 0 
0.0287 0 0 0 
0.0294 0 0 0 
0.0301 0 0 0 
0.0308 0 0 0 
0.0315 0 0 0 
0.0322 0 0 0 
0.0329 0 0 0 
0.0336 0 0 0 
0.0343 0 0 0 
0.035 0 0 0 
0.0357 0 0 0 
0.0364 0 0 0 
0.0371 0 0 0 
0.0378 1.077341856 0.7617957318 2 
0.0385 5.381435982 1.701806363 10 
0.0392 5.376415594 1.700358859 10 
0.0399 7.541759306 2.01572973 14 
0.0406 8.619048868 2.154848939 16 
0.0413 5.920205881 1.78509031 11 
0.042 10.21350931 2.343239094 19 
0.0427 10.74156704 2.402030606 20 
0.0434 12.36848337 2.579157216 23 
0.0441 8.635228696 2.158868863 16 
0.0448 12.37924131 2.581391465 23 
0.0455 10.24601513 2.350700725 19 
0.0462 9.701893333 2.286859727 18 
0.0469 9.141622395 2.217284889 17 
0.0476 17.24927643 3.04944794 32 
0.0483 15.10494175 2.854658631 28 
0.049 12.98265093 2.650129903 24 
0.0497 17.28145283 3.055067864 32 
0.0504 12.39556925 2.584814821 23 
0.0511 13.51081322 2.702295528 25 
0.0518 15.07814987 2.84965841 28 
0.0525 12.3737553 2.580229526 23 
0.0532 12.9558042 2.644720262 24 
0.0539 16.67232084 2.994548609 31 
0.0546 14.55048199 2.800432404 27 
0.0553 16.13888687 2.946623374 30 
0.056 16.71567553 3.002339269 31 
0.0567 16.18232939 2.954575996 30 
0.0574 18.31038771 3.140384419 34 
0.0581 13.49496474 2.699220258 25 
0.0588 15.10510052 2.854721215 28 
0.0595 9.125340567 2.213317539 17 
0.0602 18.86522832 3.188966095 35 
0.0609 14.02775333 2.751197485 26 
0.0616 15.05643199 2.845538105 28 
0.0623 11.32862718 2.472175104 21 
0.063 13.48391193 2.696966957 25 
0.0637 11.86769021 2.530350127 22 
0.0644 11.81891884 2.519938748 22 
0.0651 11.8622974 2.529207191 22 
0.0658 11.28013304 2.461640506 21 
0.0665 16.16604754 2.951600827 30 
0.0672 15.65481973 2.9071881 29 
0.0679 8.096879959 2.090759598 15 
0.0686 16.71048472 3.001452643 31 
0.0693 14.01169633 2.748091981 26 
0.07 14.53393172 2.797185688 27 
0.0707 11.84633989 2.52587308 22 
0.0714 15.63848936 2.904145292 29 
0.0721 14.03337659 2.752339035 26 
0.0728 17.76600353 3.092790542 33 
0.0735 10.77418205 2.409360199 20 
0.0742 14.06042492 2.757621485 26 
0.0749 12.93927361 2.641286465 24 
0.0756 14.51766457 2.794045833 27 
0.0763 7.013883459 1.94539728 13 
0.077 16.14449559 2.947684355 30 
0.0777 10.19716837 2.339459307 19 
0.0784 9.696349891 2.28551955 18 
0.0791 10.21906574 2.344550443 19 
0.0798 8.63005768 2.157643138 16 
0.0805 12.33063197 2.57125558 23 
0.0812 13.43512791 2.687198503 25 
0.0819 9.125540925 2.21342178 17 
0.0826 9.712681381 2.289385833 18 
0.0833 9.130940635 2.214728393 17 
0.084 11.8456429 2.525566553 22 
0.0847 8.581334813 2.145448729 16 
0.0854 12.39547075 2.584770884 23 
0.0861 8.11848824 2.096303417 15 
0.0868 8.58677741 2.146822569 16 
0.0875 8.075159868 2.085140524 15 
0.0882 5.40864691 1.710444954 10 
0.0889 7.531309532 2.013043914 14 
0.0896 3.77629835 1.427389585 7 
0.0903 3.743917334 1.415156504 7 
0.091 7.013876536 1.945395379 13 
0.0917 8.080275228 2.086378365 15 
0.0924 7.547110377 2.017136178 14 
0.0931 8.085879485 2.087877992 15 
0.0938 4.842696512 1.614261636 9 
0.0945 7.536279915 2.014240759 14 
0.0952 4.293356685 1.518017205 8 
0.0959 8.053277044 2.079417203 15 
0.0966 4.842917226 1.614417096 9 
0.0973 9.152287087 2.219832893 17 
0.098 4.309583078 1.523756411 8 
0.0987 8.635339258 2.158925873 16 
0.0994 6.976149864 1.934975822 13 
0.1001 5.925650828 1.786741791 11 
0.1008 4.298704529 1.519882187 8 
0.1015 4.848259321 1.616168734 9 
0.1022 7.493040554 2.002671593 14 
0.1029 8.064486753 2.082425452 15 
0.1036 4.832042417 1.610761571 9 
0.1043 6.458932209 1.864626306 12 
0.105 5.914708569 1.783402651 11 
0.1057 5.925484974 1.786637081 11 
0.1064 3.749186348 1.417104015 7 
0.1071 4.826536254 1.608887991 9 
0.1078 4.848258743 1.616168552 9 
0.1085 4.33125532 1.531396341 8 
0.1092 4.853637611 1.617948922 9 
0.1099 4.325695746 1.529385173 8 
0.1106 5.936373559 1.789934852 11 
0.1113 5.349142714 1.691624566 10 
0.112 3.776408511 1.427478382 7 
0.1127 5.903985195 1.780196494 11 
0.1134 3.78708477 1.43142801 7 
0.1141 2.726125705 1.219203489 5 
0.1148 5.893201323 1.776945819 11 
0.1155 5.381476262 1.701838274 10 
0.1162 4.30419582 1.521861483 8 
0.1169 1.621457748 0.9361648822 3 
0.1176 4.837525499 1.612626833 9 
0.1183 2.704300034 1.209448316 5 
0.119 1.626955455 0.9393868836 3 
0.1197 2.14390791 1.07197203 4 
0.1204 4.87008638 1.623487363 9 
0.1211 2.682569378 1.199699664 5 
0.1218 2.160181394 1.080140535 4 
0.1225 4.287858981 1.516030561 8 
0.1232 3.210625265 1.310829506 6 
0.1239 2.160232028 1.080203084 4 
0.1246 2.154899967 1.077595184 4 
0.1253 2.671842231 1.19492634 5 
0.126 1.066619463 0.754290121 2 
0.1267 0.5332809621 0.5332809621 1 
0.1274 4.832184002 1.610871054 9 
0.1281 1.621564748 0.9363217814 3 
0.1288 1.60523237 0.9267969913 3 
0.1295 1.616009674 0.9330036201 3 
0.1302 0 0 0 
0.1309 0 0 0 
0.1316 3.738408865 1.413019741 7 
0.1323 0.5386703913 0.5386703913 1 
0.133 2.704293159 1.209445269 5 
0.1337 0 0 0 
0.1344 2.687961434 1.202104991 5 
0.1351 1.632396002 0.942511908 3 
0.1358 1.621564837 0.9363218465 3 
0.1365 0.5332783234 0.5332783234 1 
0.1372 2.165567696 1.082802119 4 
0.1379 1.066613446 0.7542859523 2 
0.1386 1.077340324 0.7617946485 2 
0.1393 0.5441152494 0.5441152494 1 
0.14 0.5279437599 0.5279437599 1 
0.1407 0 0 0 
0.1414 1.071951022 0.7580030339 2 
0.1421 2.688016429 1.20216013 5 
0.1428 1.610674593 0.9299865036 3 
0.1435 0.5386691403 0.5386691403 1 
0.1442 2.154741243 1.077406928 4 
0.1449 2.143903971 1.071970059 4 
0.1456 0.5441154721 0.5441154721 1 
0.1463 1.082786529 0.7656650608 2 
0.147 0.5332784948 0.5332784948 1 
0.1477 1.077339938 0.7617943762 2 
0.1484 0.5332780196 0.5332780196 1 
0.1491 1.066562393 0.7541735006 2 
0.1498 0.5332808266 0.5332808266 1 
0.1505 0 0 0 
0.1512 0.5386691651 0.5386691651 1 
0.1519 0.5332797275 0.5332797275 1 
0.1526 1.077342194 0.761795971 2 
0.1533 0 0 0 
0.154 0.5332799585 0.5332799585 1 
0.1547 0 0 0 
0.1554 1.071947339 0.7580003936 2 
0.1561 1.072061883 0.758234597 2 
0.1568 0 0 0 
0.1575 0.5496126569 0.5496126569 1 
0.1582 0 0 0 
0.1589 0.5386706991 0.5386706991 1 
0.1596 0 0 0 
0.1603 0 0 0 
0.161 0 0 0 
0.1617 0 0 0 
0.1624 0 0 0 
0.1631 1.082785646 0.7656644262 2 
0.1638 0 0 0 
0.1645 0 0 0 
0.1652 0.5332793042 0.5332793042 1 
0.1659 0 0 0 
0.1666 0 0 0 
0.1673 0 0 0 
0.168 0 0 0 
0.1687 0 0 0 
0.1694 0.5332813793 0.5332813793 1 
0.1701 0 0 0 
0.1708 0 0 0 
0.1715 0 0 0 
0.1722 0 0 0 
0.1729 0 0 0 
0.1736 0.5332805644 0.5332805644 1 
0.1743 0 0 0 
0.175 0 0 0 
0.1757 0 0 0 
0.1764 0 0 0 
0.1771 0 0 0 
0.1778 0.5332791856 0.5332791856 1 
0.1785 1.077394797 0.7619102064 2 
0.1792 0 0 0 
0.1799 0 0 0 
0.1806 0.5332811878 0.5332811878 1 
0.1813 0 0 0 
0.182 0.5332793647 0.5332793647 1 
0.1827 0 0 0 
0.1834 0 0 0 
0.1841 0 0 0 
0.1848 0 0 0 
0.1855 0 0 0 
0.1862 0 0 0 
0.1869 0 0 0 
0.1876 0 0 0 
0.1883 0 0 0 
0.189 0 0 0 
0.1897 0 0 0 
0.1904 0 0 0 
0.1911 0 0 0 
0.1918 0 0 0 
0.1925 0 0 0 
0.1932 0 0 0 
0.1939 0 0 0 
0.1946 0 0 0 
0.1953 0 0 0 
0.196 0 0 0 
0.1967 0 0 0 
0.1974 0 0 0 
0.1981 0 0 0 
0.1988 0 0 0 
0.1995 0 0 0 
0.2002 0 0 0 
0.2009 0 0 0 
0.2016 0 0 0 
0.2023 0 0 0 
0.203 0 0 0 
0.2037 0 0 0 
0.2044 0 0 0 
0.2051 0 0 0 
0.2058 0.5386701475 0.5386701475 1 
0.2065 0 0 0 
0.2072 0 0 0 
0.2079 0 0 0 
0.2086 0 0 0 
0.2093 0 0 0 
0.21 0 0 0 
0.2107 0 0 0 
0.2114 0 0 0 
0.2121 0 0 0 
0.2128 0 0 0 
0.2135 0 0 0 
0.2142 0 0 0 
0.2149 0 0 0 
0.2156 0 0 0 
0.2163 0 0 0 
0.217 0 0 0 
0.2177 0 0 0 
0.2184 0 0 0 
0.2191 0 0 0 
0.2198 0 0 0 
0.2205 0 0 0 
0.2212 0 0 0 
0.2219 0 0 0 
0.2226 0 0 0 
0.2233 0 0 0 
0.224 0 0 0 
0.2247 0 0 0 
0.2254 0 0 0 
0.2261 0 0 0 
0.2268 0 0 0 
0.2275 0 0 0 
0.2282 0 0 0 
0.2289 0 0 0 
0.2296 0 0 0 
0.2303 0 0 0 
0.231 0 0 0 
0.2317 0 0 0 
0.2324 0 0 0 
0.2331 0 0 0 
0.2338 0 0 0 
0.2345 0 0 0 
0.2352 0 0 0 
0.2359 0 0 0 
0.2366 0 0 0 
0.2373 0 0 0 
0.238 0 0 0 
0.2387 0 0 0 
0.2394 0 0 0 
0.2401 0 0 0 
0.2408 0 0 0 
0.2415 0 0 0 
0.2422 0 0 0 
0.2429 0 0 0 
0.2436 0 0 0 
0.2443 0 0 0 
0.245 0 0 0 
0.2457 0 0 0 
0.2464 0 0 0 
0.2471 0 0 0 
0.2478 0 0 0 
0.2485 0 0 0 
0.2492 0 0 0 
0.2499 0 0 0 
0.2506 0 0 0 
0.2513 0 0 0 
0.252 0 0 0 
0.2527 0 0 0 
0.2534 0 0 0 
0.2541 0 0 0 
0.2548 0 0 0 
0.2555 0 0 0 
0.2562 0 0 0 
0.2569 0 0 0 
0.2576 0 0 0 
0.2583 0 0 0 
0.259 0 0 0 
0.2597 0 0 0 
0.2604 0 0 0 
0.2611 0 0 0 
0.2618 0 0 0 
0.2625 0 0 0 
0.2632 0 0 0 
0.2639 0 0 0 
0.2646 0 0 0 
0.2653 0 0 0 
0.266 0 0 0 
0.2667 0 0 0 
0.2674 0 0 0 
0.2681 0 0 0 
0.2688 0 0 0 
0.2695 0 0 0 
0.2702 0 0 0 
0.2709 0 0 0 
0.2716 0 0 0 
0.2723 0 0 0 
0.273 0 0 0 
0.2737 0 0 0 
0.2744 0 0 0 
0.2751 0 0 0 
0.2758 0 0 0 
0.2765 0 0 0 
0.2772 0 0 0 
0.2779 0 0 0 
0.2786 0 0 0 
0.2793 0 0 0 
0.28 0 0 0 
0.2807 0 0 0 
0.2814 0 0 0 
0.2821 0 0 0 
0.2828 0 0 0 
0.2835 0 0 0 
0.2842 0 0 0 
0.2849 0 0 0 
0.2856 0 0 0 
0.2863 0 0 0 
0.287 0 0 0 
0.2877 0 0 0 
0.2884 0 0 0 
0.2891 0 0 0 
0.2898 0 0 0 
0.2905 0 0 0 
0.2912 0 0 0 
0.2919 0 0 0 
0.2926 0 0 0 
0.2933 0 0 0 
0.294 0 0 0 
0.2947 0 0 0 
0.2954 0 0 0 
0.2961 0 0 0 
0.2968 0 0 0 
0.2975 0 0 0 
0.2982 0 0 0 
0.2989 0 0 0 
0.2996 0 0 0 
0.3003 0 0 0 
0.301 0 0 0 
0.3017 0 0 0 
0.3024 0 0 0 
0.3031 0 0 0 
0.3038 0 0 0 
0.3045 0 0 0 
0.3052 0 0 0 
0.3059 0 0 0 
0.3066 0 0 0 
0.3073 0 0 0 
0.308 0 0 0 
0.3087 0 0 0 
0.3094 0 0 0 
0.3101 0 0 0 
0.3108 0 0 0 
0.3115 0 0 0 
0.3122 0 0 0 
0.3129 0 0 0 
0.3136 0 0 0 
0.3143 0 0 0 
0.315 0 0 0 
0.3157 0 0 0 
0.3164 0 0 0 
0.3171 0 0 0 
0.3178 0 0 0 
0.3185 0 0 0 
0.3192 0 0 0 
0.3199 0 0 0 
0.3206 0 0 0 
0.3213 0 0 0 
0.322 0 0 0 
0.3227 0 0 0 
0.3234 0 0 0 
0.3241 0 0 0 
0.3248 0 0 0 
0.3255 0 0 0 
0.3262 0 0 0 
0.3269 0 0 0 
0.3276 0 0 0 
0.3283 0 0 0 
0.329 0 0 0 
0.3297 0 0 0 
0.3304 0 0 0 
0.3311 0 0 0 
0.3318 0 0 0 
0.3325 0 0 0 
0.3332 0 0 0 
0.3339 0 0 0 
0.3346 0 0 0 
0.3353 0 0 0 
0.336 0 0 0 
0.3367 0 0 0 
0.3374 0 0 0 
0.3381 0 0 0 
0.3388 0 0 0 
0.3395 0 0 0 
0.3402 0 0 0 
0.3409 0 0 0 
0.3416 0 0 0 
0.3423 0 0 0 
0.343 0 0 0 
0.3437 0 0 0 
0.3444 0 0 0 
0.3451 0 0 0 
0.3458 0 0 0 
0.3465 0 0 0 
0.3472 0 0 0 
0.3479 0 0 0 
0.3486 0 0 0 
0.3493 0 0 0 
0.35 0 0 0 
