# Format: McCode with text headers
# URL: http://www.mccode.org
# Creator: McStas 2.5 - Dec. 12, 2018
# Instrument: FZJ_SANS_KWS2_AnySample.instr
# Ncount: 1000000
# Trace: no
# Gravitation: no
# Seed: 1570825836
# Directory: FZJ_SANS_KWS2_AnySample/3
# Param: lambda=7
# Param: dlambda=0.7
# Param: FLUX=1e+08
# Param: NGblen=0.05
# Param: sample=3
# Param: Clen=10
# Param: Dlen=10
# Date: Fri Oct 11 20:25:25 2019 (1570818325)
# type: array_1d(500)
# Source: SANS_KWS2_AnySample (FZJ_SANS_KWS2_AnySample.instr)
# component: detector2
# position: 0 0 60.01
# title: PSD monitor radial average
# Ncount: 1000000
# filename: PSDr_av.dat
# statistics: X0=0.0683417; dX=0.0228018;
# signal: Min=0; Max=83002.5; Mean=8028.09;
# values: 4.01404e+06 89198.6 2229
# xvar: r
# yvar: (I,I_err)
# xlabel: Radius [m]
# ylabel: Intensity/m^2
# xlimits: 0.00035 0.35035
# variables: r I I_err N
0.0007 0 0 0 
0.0014 0 0 0 
0.0021 0 0 0 
0.0028 0 0 0 
0.0035 0 0 0 
0.0042 0 0 0 
0.0049 0 0 0 
0.0056 0 0 0 
0.0063 0 0 0 
0.007 0 0 0 
0.0077 0 0 0 
0.0084 0 0 0 
0.0091 0 0 0 
0.0098 0 0 0 
0.0105 0 0 0 
0.0112 0 0 0 
0.0119 0 0 0 
0.0126 0 0 0 
0.0133 0 0 0 
0.014 0 0 0 
0.0147 0 0 0 
0.0154 0 0 0 
0.0161 0 0 0 
0.0168 0 0 0 
0.0175 0 0 0 
0.0182 0 0 0 
0.0189 0 0 0 
0.0196 0 0 0 
0.0203 0 0 0 
0.021 0 0 0 
0.0217 0 0 0 
0.0224 0 0 0 
0.0231 0 0 0 
0.0238 0 0 0 
0.0245 0 0 0 
0.0252 0 0 0 
0.0259 0 0 0 
0.0266 0 0 0 
0.0273 0 0 0 
0.028 0 0 0 
0.0287 0 0 0 
0.0294 0 0 0 
0.0301 0 0 0 
0.0308 0 0 0 
0.0315 0 0 0 
0.0322 0 0 0 
0.0329 0 0 0 
0.0336 0 0 0 
0.0343 0 0 0 
0.035 0 0 0 
0.0357 0 0 0 
0.0364 0 0 0 
0.0371 0 0 0 
0.0378 6540.693562 4624.968771 2 
0.0385 32071.97669 10142.32896 10 
0.0392 31464.72211 9951.112979 10 
0.0399 43355.90656 11587.98449 14 
0.0406 48687.28419 12172.31092 16 
0.0413 32870.40049 9911.248793 11 
0.042 55754.77598 12791.56525 19 
0.0427 57668.18995 12895.76807 20 
0.0434 65322.88922 13621.55699 23 
0.0441 44876.38634 11219.41718 16 
0.0448 63320.50283 13203.95988 23 
0.0455 51596.39153 11837.54596 19 
0.0462 48110.43095 11340.24084 18 
0.0469 44650.434 10829.88646 17 
0.0476 83002.49763 14673.76306 32 
0.0483 71623.00446 13535.91634 28 
0.049 60674.00001 12385.29655 24 
0.0497 79618.71884 14075.2396 32 
0.0504 56309.86495 11742.14516 23 
0.0511 60529.56255 12106.50784 25 
0.0518 66632.29444 12593.00908 28 
0.0525 53947.24887 11249.31608 23 
0.0532 55736.72876 11377.76194 24 
0.0539 70787.84248 12714.34476 31 
0.0546 60981.72831 11736.7389 27 
0.0553 66777.16422 12192.11427 30 
0.056 68293.73347 12266.38777 31 
0.0567 65293.38861 11921.29229 30 
0.0574 72973.29945 12515.53032 34 
0.0581 53130.24975 10626.94488 25 
0.0588 58757.21408 11104.55805 28 
0.0595 35076.51391 8507.678469 17 
0.0602 71667.1283 12114.5654 35 
0.0609 52673.97152 10330.69905 26 
0.0616 55890.50908 10562.83277 28 
0.0623 41577.47065 9073.190086 21 
0.063 48934.69925 9787.609683 25 
0.0637 42593.33771 9081.468723 22 
0.0644 41954.70849 8945.259464 22 
0.0651 41653.46426 8881.099317 22 
0.0658 39185.6146 8551.397024 21 
0.0665 55564.33162 10144.94896 30 
0.0672 53243.76416 9887.666559 29 
0.0679 27253.0077 7037.215289 15 
0.0686 55668.36722 9998.870218 31 
0.0693 46203.88963 9061.896258 26 
0.07 47444.30469 9131.082534 27 
0.0707 38286.19251 8163.370622 22 
0.0714 50044.09138 9293.43679 29 
0.0721 44469.51224 8721.719511 26 
0.0728 55753.66816 9705.864195 33 
0.0735 33488.22051 7488.752764 20 
0.0742 43288.25086 8489.971768 26 
0.0749 39462.47685 8055.452658 24 
0.0756 43864.41534 8442.073194 27 
0.0763 20996.78779 5823.748583 13 
0.077 47888.85055 8743.612633 30 
0.0777 29973.76953 6876.655515 19 
0.0784 28246.03304 6657.851814 18 
0.0791 29504.12383 6769.102808 19 
0.0798 24696.86845 6174.58547 16 
0.0805 34978.719 7293.967302 23 
0.0812 37781.90684 7556.867654 25 
0.0819 25442.32192 6171.09604 17 
0.0826 26848.82766 6328.563994 18 
0.0833 25027.71613 6070.523918 17 
0.084 32196.95366 6864.595696 22 
0.0847 23130.86381 5783.026002 16 
0.0854 33136.81769 6909.869202 23 
0.0861 21525.98974 5558.301557 15 
0.0868 22583.29456 5646.160849 16 
0.0875 21067.15202 5439.888885 15 
0.0882 13998.09564 4426.795175 10 
0.0889 19337.6646 5168.764856 14 
0.0896 9620.112828 3636.272239 7 
0.0903 9463.399512 3577.053171 7 
0.091 17591.88592 4879.352152 13 
0.0917 20111.27913 5192.859956 15 
0.0924 18641.42039 4982.341797 14 
0.0931 19821.45074 5118.1533 15 
0.0938 11782.29898 3927.504683 9 
0.0945 18199.47198 4864.219307 14 
0.0952 10291.57224 3638.827349 8 
0.0959 19163.02384 4948.038075 15 
0.0966 11440.06257 3813.617232 9 
0.0973 21463.66655 5205.884885 17 
0.098 10034.25425 3547.851143 8 
0.0987 19963.06091 4990.975735 16 
0.0994 16013.39489 4441.637944 13 
0.1001 13506.5753 4072.59274 11 
0.1008 9729.930666 3440.1872 8 
0.1015 10897.88061 3632.811847 9 
0.1022 16727.04177 4470.651285 14 
0.1029 17879.82072 4616.957642 15 
0.1036 10640.51797 3547.017174 9 
0.1043 14127.27256 4078.39612 12 
0.105 12850.38708 3874.648111 11 
0.1057 12788.25987 3855.883421 11 
0.1064 8038.008216 3038.177529 7 
0.1071 10279.92108 3426.731036 9 
0.1078 10258.9157 3419.812723 9 
0.1085 9105.616458 3219.461034 8 
0.1092 10138.20353 3379.546803 9 
0.1099 8977.712203 3174.143706 8 
0.1106 12242.34786 3691.311688 11 
0.1113 10961.7267 3466.560376 10 
0.112 7690.283177 2906.918823 7 
0.1127 11947.97416 3602.607561 11 
0.1134 7616.519379 2878.863252 7 
0.1141 5448.996942 2436.951485 5 
0.1148 11707.32224 3530.046941 11 
0.1155 10625.74962 3360.287496 10 
0.1162 8447.30305 2986.765863 8 
0.1169 3163.118411 1826.258118 3 
0.1176 9380.640823 3127.109739 9 
0.1183 5212.895513 2331.371379 5 
0.119 3117.669048 1800.109157 3 
0.1197 4084.188658 2042.128761 4 
0.1204 9223.517828 3074.743129 9 
0.1211 5051.099398 2258.954531 5 
0.1218 4044.033956 2022.110279 4 
0.1225 7981.216913 2821.867232 8 
0.1232 5942.053391 2426.013088 6 
0.1239 3975.390016 1987.855239 4 
0.1246 3943.236351 1971.883877 4 
0.1253 4861.794983 2174.337548 5 
0.126 1930.052412 1364.891152 2 
0.1267 959.6280307 959.6280307 1 
0.1274 8647.506267 2882.758092 9 
0.1281 2885.994354 1666.42706 3 
0.1288 2841.357577 1640.486264 3 
0.1295 2844.930343 1642.521299 3 
0.1302 0 0 0 
0.1309 0 0 0 
0.1316 6476.040818 2447.772262 7 
0.1323 928.1876844 928.1876844 1 
0.133 4635.201377 2073.008377 5 
0.1337 0 0 0 
0.1344 4559.09148 2038.908206 5 
0.1351 2754.348188 1590.304045 3 
0.1358 2721.932809 1571.694882 3 
0.1365 890.5501412 890.5501412 1 
0.1372 3597.899718 1798.980214 4 
0.1379 1763.065922 1246.802075 2 
0.1386 1771.780293 1252.83786 2 
0.1393 890.3370334 890.3370334 1 
0.14 859.5453845 859.5453845 1 
0.1407 0 0 0 
0.1414 1727.921243 1221.855773 2 
0.1421 4311.52534 1928.24114 5 
0.1428 2570.794998 1484.349888 3 
0.1435 855.5646562 855.5646562 1 
0.1442 3405.707531 1702.911151 4 
0.1449 3372.168943 1686.1129 4 
0.1456 851.720354 851.720354 1 
0.1463 1686.789296 1192.770314 2 
0.147 826.787867 826.787867 1 
0.1477 1662.358588 1175.465031 2 
0.1484 818.9688122 818.9688122 1 
0.1491 1630.239394 1152.753331 2 
0.1498 811.3012437 811.3012437 1 
0.1505 0 0 0 
0.1512 811.8931798 811.8931798 1 
0.1519 800.0575451 800.0575451 1 
0.1526 1608.860761 1137.636354 2 
0.1533 0 0 0 
0.154 789.1231598 789.1231598 1 
0.1547 0 0 0 
0.1554 1571.895865 1111.526323 2 
0.1561 1564.998377 1106.87259 2 
0.1568 0 0 0 
0.1575 795.1781386 795.1781386 1 
0.1582 0 0 0 
0.1589 772.4656886 772.4656886 1 
0.1596 0 0 0 
0.1603 0 0 0 
0.161 0 0 0 
0.1617 0 0 0 
0.1624 0 0 0 
0.1631 1512.667877 1069.64475 2 
0.1638 0 0 0 
0.1645 0 0 0 
0.1652 735.5087942 735.5087942 1 
0.1659 0 0 0 
0.1666 0 0 0 
0.1673 0 0 0 
0.168 0 0 0 
0.1687 0 0 0 
0.1694 717.2380747 717.2380747 1 
0.1701 0 0 0 
0.1708 0 0 0 
0.1715 0 0 0 
0.1722 0 0 0 
0.1729 0 0 0 
0.1736 699.8494156 699.8494156 1 
0.1743 0 0 0 
0.175 0 0 0 
0.1757 0 0 0 
0.1764 0 0 0 
0.1771 0 0 0 
0.1778 683.2831658 683.2831658 1 
0.1785 1375.026724 972.3890425 2 
0.1792 0 0 0 
0.1799 0 0 0 
0.1806 672.6715838 672.6715838 1 
0.1813 0 0 0 
0.182 667.4849353 667.4849353 1 
0.1827 0 0 0 
0.1834 0 0 0 
0.1841 0 0 0 
0.1848 0 0 0 
0.1855 0 0 0 
0.1862 0 0 0 
0.1869 0 0 0 
0.1876 0 0 0 
0.1883 0 0 0 
0.189 0 0 0 
0.1897 0 0 0 
0.1904 0 0 0 
0.1911 0 0 0 
0.1918 0 0 0 
0.1925 0 0 0 
0.1932 0 0 0 
0.1939 0 0 0 
0.1946 0 0 0 
0.1953 0 0 0 
0.196 0 0 0 
0.1967 0 0 0 
0.1974 0 0 0 
0.1981 0 0 0 
0.1988 0 0 0 
0.1995 0 0 0 
0.2002 0 0 0 
0.2009 0 0 0 
0.2016 0 0 0 
0.2023 0 0 0 
0.203 0 0 0 
0.2037 0 0 0 
0.2044 0 0 0 
0.2051 0 0 0 
0.2058 596.1270846 596.1270846 1 
0.2065 0 0 0 
0.2072 0 0 0 
0.2079 0 0 0 
0.2086 0 0 0 
0.2093 0 0 0 
0.21 0 0 0 
0.2107 0 0 0 
0.2114 0 0 0 
0.2121 0 0 0 
0.2128 0 0 0 
0.2135 0 0 0 
0.2142 0 0 0 
0.2149 0 0 0 
0.2156 0 0 0 
0.2163 0 0 0 
0.217 0 0 0 
0.2177 0 0 0 
0.2184 0 0 0 
0.2191 0 0 0 
0.2198 0 0 0 
0.2205 0 0 0 
0.2212 0 0 0 
0.2219 0 0 0 
0.2226 0 0 0 
0.2233 0 0 0 
0.224 0 0 0 
0.2247 0 0 0 
0.2254 0 0 0 
0.2261 0 0 0 
0.2268 0 0 0 
0.2275 0 0 0 
0.2282 0 0 0 
0.2289 0 0 0 
0.2296 0 0 0 
0.2303 0 0 0 
0.231 0 0 0 
0.2317 0 0 0 
0.2324 0 0 0 
0.2331 0 0 0 
0.2338 0 0 0 
0.2345 0 0 0 
0.2352 0 0 0 
0.2359 0 0 0 
0.2366 0 0 0 
0.2373 0 0 0 
0.238 0 0 0 
0.2387 0 0 0 
0.2394 0 0 0 
0.2401 0 0 0 
0.2408 0 0 0 
0.2415 0 0 0 
0.2422 0 0 0 
0.2429 0 0 0 
0.2436 0 0 0 
0.2443 0 0 0 
0.245 0 0 0 
0.2457 0 0 0 
0.2464 0 0 0 
0.2471 0 0 0 
0.2478 0 0 0 
0.2485 0 0 0 
0.2492 0 0 0 
0.2499 0 0 0 
0.2506 0 0 0 
0.2513 0 0 0 
0.252 0 0 0 
0.2527 0 0 0 
0.2534 0 0 0 
0.2541 0 0 0 
0.2548 0 0 0 
0.2555 0 0 0 
0.2562 0 0 0 
0.2569 0 0 0 
0.2576 0 0 0 
0.2583 0 0 0 
0.259 0 0 0 
0.2597 0 0 0 
0.2604 0 0 0 
0.2611 0 0 0 
0.2618 0 0 0 
0.2625 0 0 0 
0.2632 0 0 0 
0.2639 0 0 0 
0.2646 0 0 0 
0.2653 0 0 0 
0.266 0 0 0 
0.2667 0 0 0 
0.2674 0 0 0 
0.2681 0 0 0 
0.2688 0 0 0 
0.2695 0 0 0 
0.2702 0 0 0 
0.2709 0 0 0 
0.2716 0 0 0 
0.2723 0 0 0 
0.273 0 0 0 
0.2737 0 0 0 
0.2744 0 0 0 
0.2751 0 0 0 
0.2758 0 0 0 
0.2765 0 0 0 
0.2772 0 0 0 
0.2779 0 0 0 
0.2786 0 0 0 
0.2793 0 0 0 
0.28 0 0 0 
0.2807 0 0 0 
0.2814 0 0 0 
0.2821 0 0 0 
0.2828 0 0 0 
0.2835 0 0 0 
0.2842 0 0 0 
0.2849 0 0 0 
0.2856 0 0 0 
0.2863 0 0 0 
0.287 0 0 0 
0.2877 0 0 0 
0.2884 0 0 0 
0.2891 0 0 0 
0.2898 0 0 0 
0.2905 0 0 0 
0.2912 0 0 0 
0.2919 0 0 0 
0.2926 0 0 0 
0.2933 0 0 0 
0.294 0 0 0 
0.2947 0 0 0 
0.2954 0 0 0 
0.2961 0 0 0 
0.2968 0 0 0 
0.2975 0 0 0 
0.2982 0 0 0 
0.2989 0 0 0 
0.2996 0 0 0 
0.3003 0 0 0 
0.301 0 0 0 
0.3017 0 0 0 
0.3024 0 0 0 
0.3031 0 0 0 
0.3038 0 0 0 
0.3045 0 0 0 
0.3052 0 0 0 
0.3059 0 0 0 
0.3066 0 0 0 
0.3073 0 0 0 
0.308 0 0 0 
0.3087 0 0 0 
0.3094 0 0 0 
0.3101 0 0 0 
0.3108 0 0 0 
0.3115 0 0 0 
0.3122 0 0 0 
0.3129 0 0 0 
0.3136 0 0 0 
0.3143 0 0 0 
0.315 0 0 0 
0.3157 0 0 0 
0.3164 0 0 0 
0.3171 0 0 0 
0.3178 0 0 0 
0.3185 0 0 0 
0.3192 0 0 0 
0.3199 0 0 0 
0.3206 0 0 0 
0.3213 0 0 0 
0.322 0 0 0 
0.3227 0 0 0 
0.3234 0 0 0 
0.3241 0 0 0 
0.3248 0 0 0 
0.3255 0 0 0 
0.3262 0 0 0 
0.3269 0 0 0 
0.3276 0 0 0 
0.3283 0 0 0 
0.329 0 0 0 
0.3297 0 0 0 
0.3304 0 0 0 
0.3311 0 0 0 
0.3318 0 0 0 
0.3325 0 0 0 
0.3332 0 0 0 
0.3339 0 0 0 
0.3346 0 0 0 
0.3353 0 0 0 
0.336 0 0 0 
0.3367 0 0 0 
0.3374 0 0 0 
0.3381 0 0 0 
0.3388 0 0 0 
0.3395 0 0 0 
0.3402 0 0 0 
0.3409 0 0 0 
0.3416 0 0 0 
0.3423 0 0 0 
0.343 0 0 0 
0.3437 0 0 0 
0.3444 0 0 0 
0.3451 0 0 0 
0.3458 0 0 0 
0.3465 0 0 0 
0.3472 0 0 0 
0.3479 0 0 0 
0.3486 0 0 0 
0.3493 0 0 0 
0.35 0 0 0 
