# Format: McCode with text headers
# URL: http://www.mccode.org
# Creator: McStas 2.5 - Nov. 19, 2019
# Instrument: /zhome/89/0/38697/TESTS/2019-11-20/McStas-2.5_CPU_MPICC/PSI_Focus/PSI_Focus.instr
# Ncount: 1000000
# Trace: no
# Gravitation: no
# Seed: 1574231892
# Directory: 1
# Nodes: 10
# Param: lambda=3.4
# Param: chopp_ratio=1
# Param: DET=-69.9
# Date: Wed Nov 20 01:05:57 2019 (1574208357)
# type: array_2d(30, 30)
# Source: PSI_Focus (/zhome/89/0/38697/TESTS/2019-11-20/McStas-2.5_CPU_MPICC/PSI_Focus/PSI_Focus.instr)
# component: DivMon_Sample
# position: 1.26771 0 73.3229
# title: Divergence monitor
# Ncount: 10000000
# filename: div2.dat
# statistics: X0=0.00812531; dX=0.736012; Y0=-0.0690484; dY=1.14768;
# signal: Min=0; Max=917.51; Mean=96.4311;
# values: 86788 1468.12 7077
# xvar: X
# yvar: Y
# xlabel: X divergence [deg]
# ylabel: Y divergence [deg]
# zvar: I
# zlabel: Signal per bin
# xylimits: -3 3 -3 3
# variables: I I_err N
# Data [DivMon_Sample/div2.dat] I:
0 0 0 0 0 0 0 0 0 3.730648473e-42 40.41124163 39.69901183 0 0 26.42340506 14.94407394 12.99920059 0 0 2.743018677e-34 0 23.52197082 0 0 0 0 0 0 0 0 
0 0 0 0 0 0 0 2.63259059e-24 7.349566035e-147 0 57.81959562 58.02004495 10.32516727 0 26.42340506 98.98281425 0 26.34439039 6.279512176 2.319397697e-22 1.083003528e-35 47.04394164 0 0 1.991022562 0 0 0 0 0 
0 0 0 0 0 0 45.9017648 1.324520105e-56 4.639827719e-10 0.01120277003 167.2395055 58.83571207 20.6503351 20.33554159 5.822749279e-52 105.1951301 38.99760177 149.9443988 1.5418269e-22 29.98639002 0.0006097319905 23.52197082 31.55674484 8.20687424e-39 3.982045125 1.991022562 0 0 0 0 
0 0 0 0 0 0 38.55670089 7.7393071e-45 26.05959183 0.01120277003 48.65109629 18.32103312 34.18551338 0 76.58381809 64.59574251 74.06778012 27.33367023 61.05940752 60.31539744 88.04826589 24.11033691 40.6078315 3.519744046e-34 0.0009469552989 0 0 0 0 0 
0 0 0 0 0 0 9.600031361e-61 0.0002710322223 42.87902372 52.48563783 78.63930188 29.26992642 99.74030176 83.27672096 119.3513357 77.94762983 258.724498 110.2540275 23.79084026 93.02874008 52.68592414 71.89814562 23.82690192 3.519661977e-34 0.0009469552989 3.982045125 0 0 0 0 
0 0 0 0 0 0 1.454025965e-130 71.97648873 52.11918366 113.0034532 121.6755575 29.15075533 143.7008177 217.082664 406.6723064 424.9514401 355.1690538 325.2976548 59.69775234 186.9530395 0.001219463993 119.9023869 98.45398922 3.656480689e-64 2.746911895e-41 0 0 0 0 0 
0 0 0 0 0 0 7.344521849 36.00838689 74.35365424 83.2901709 221.2793675 113.6272951 177.3738248 317.7493111 334.5119085 366.2327356 289.8739876 295.2450855 61.35663815 130.2419383 64.2897728 119.9023869 57.69369217 0.7507829365 1.096944207e-63 0 0 0 0 0 
0 0 0 0 0 0 14.6890437 12.00279563 138.5375835 277.4572036 176.7305905 226.0485464 214.6928244 248.1935728 288.5480362 193.704919 398.1536908 300.1798666 99.18278438 324.8196123 147.2597384 86.26311949 20.94048213 21.7539154 0.001893910598 0 0 0 0 0 
0 0 0 0 0 0 2.107438404e-138 35.56820906 31.05038756 388.7233939 156.7763868 167.4422808 238.3765303 344.202041 475.6051998 209.7644947 333.8675098 238.9280891 185.7484494 209.2331083 449.123783 39.19143106 6.705489835e-38 3.419680023e-107 22.77389058 0 0 0 0 0 
0 0 0 0 0 0 29.58395618 108.6863829 154.5099747 469.1750826 215.0091135 364.157261 190.170684 492.4073093 434.7888302 587.5758445 181.7107985 568.4728138 357.7523071 207.2675602 158.3352644 76.69748457 16.56420999 53.58697288 34.16083631 0 0 0 0 0 
0 0 0 0 0 0 70.23895101 84.71225685 87.16173327 200.4496493 505.6223039 358.4788567 132.6971355 373.4127465 653.5251859 581.5709071 255.8663038 520.4270198 462.9371674 338.8174165 318.6227276 88.22755811 45.36247419 179.9751968 51.90887454 0 0 0 0 0 
0 0 0 0 0 0 57.44748398 88.40653167 83.62869495 301.3549472 393.3065958 377.8637595 191.7354012 349.3493314 652.0207405 716.2002958 340.0060117 515.3861329 395.5849497 156.2412173 292.1350589 88.67531813 69.23247536 48.31454315 47.11883232 0 0 0 0 0 
0 0 0 0 0 0 31.06139457 100.2026043 94.66766649 324.6780186 352.1660277 325.272038 381.9134584 400.9165102 527.0657093 790.564702 815.7017718 591.8226211 467.6416037 218.9397542 225.8212363 109.7631131 76.06922743 172.5648805 33.24702518 0 0 0 0 0 
0 0 0 0 0 0 9.280611447e-09 82.14402617 51.99654182 350.5715989 419.6646438 241.46608 337.5953426 625.2112369 546.8514126 491.5678983 471.9599223 585.3933157 269.4484228 151.4419892 249.4829652 79.88517815 68.00581751 95.891292 49.70109557 0 0 0 0 0 
0 0 0 0 0 0 0.03825279225 98.09733382 58.21056582 239.9203624 260.9849437 157.8139689 457.6111085 376.0965314 422.9698883 295.067769 351.9623058 478.2049137 247.0763488 85.03235547 263.4599572 276.0471206 23.32195545 44.93181429 0.7875178158 0 0 0 0 0 
0 0 0 0 0 0 4.352563825e-16 142.3469479 158.7661728 177.7869618 155.8598514 65.08617876 379.0207661 398.5100628 546.7232072 498.2080545 382.0814215 581.4328029 301.5295114 229.2782406 41.66839831 172.1902809 23.9930725 118.7864718 3.770218782 7.160875262 0 0 0 0 
0 0 0 0 0 1.150618036e-114 0.03825279225 1.250438697 280.665051 138.3845467 125.5367324 238.6653971 322.6783466 355.0356695 758.0817513 532.9332114 492.9960692 334.1951302 260.1051182 300.7472375 129.3736162 112.3894777 50.28345939 100.4134817 2.982792259 21.48262579 0 0 0 0 
0 0 0 0 0 3.451854109e-114 23.58349766 13.53911417 113.9615903 228.4163903 274.8266172 433.2252646 281.5572875 564.4173879 616.9019325 508.5762004 694.4630922 318.1797172 355.585217 165.8537287 69.96756967 31.94401229 39.43521987 58.23699757 23.3851237 0 0 0 0 0 
0 0 0 0 0 1.150618036e-114 0.0765055845 26.56156717 298.8173823 137.5945122 362.5698121 239.630172 391.8609422 486.9941058 681.8855089 431.9143295 528.836108 304.6638312 290.9063046 148.9372748 60.27876617 211.2911823 7.997823291 68.739113 74.83048614 0 0 0 0 0 
0 0 0 0 0 1.150618036e-114 0.06647168086 26.56156717 244.1785056 312.4230067 320.5176232 146.2774609 375.1567726 276.7497711 762.1366169 217.3487378 390.3442017 227.4271462 221.5607933 249.8552471 114.2988021 223.1531594 26.45146976 30.86625 75.39168735 7.160875262 0 0 0 0 
0 0 0 0 0 0 1.119148373e-98 26.56156717 186.8130912 153.3748906 176.5797128 232.5134686 388.8455967 556.2106467 917.5099053 252.2918405 506.1192397 237.9185382 359.0217673 69.66042946 327.6776417 189.8464066 75.5346021 1.542839547e-39 28.48797718 1.163508068e-46 0 0 0 0 
0 0 0 0 0 0 5.595741867e-99 1.339775711e-06 113.3363064 105.1418929 57.47881148 247.2600283 460.4753857 576.6701369 637.2714205 328.4643586 160.3582752 291.2505886 239.437853 172.5240535 236.1111208 186.9418077 22.63292663 33.75715508 25.28752836 2.327016137e-46 0 0 0 0 
0 0 0 0 0 0 5.5463483e-05 1.894674998e-114 79.62458166 61.08458314 144.8672494 365.7231919 291.370542 139.7430181 518.2106169 240.1046571 243.0533026 332.4721029 64.57074123 91.25509841 266.169374 51.75589333 22.63197671 67.06628117 0.02190601537 0 0 0 0 0 
0 0 0 0 0 2.35196095e-202 6.098049066e-88 6.698878557e-07 109.8219423 65.31259133 207.3726032 291.1338626 68.06946613 174.0620716 411.6989361 540.5781977 114.046605 308.5470425 30.44189225 87.0904566 289.9861983 23.95565413 11.31598835 12.21604507 1.408610168e-08 0 0 0 0 0 
0 0 0 0 0 0 3.348942257e-133 12.27356246 124.5569959 155.407162 60.61431525 131.8764928 4.141873861 139.6011712 172.5622588 254.9483507 229.3995563 184.850571 30.46073201 16.87752088 99.65199164 2.700595274e-05 1.575060944e-38 6.083910342 9.127010129e-07 0 0 0 0 0 
0 0 0 0 0 0 2.797870933e-99 0 143.8276576 41.48523461 1.967663521e-13 153.7045191 2.07093693 111.9077686 222.4810619 91.65978974 213.661506 40.34714507 59.74452249 1.389502154e-30 30.74302937 4.522378146e-19 7.87530472e-39 15.3028227 2.472398195e-08 4.66399597e-86 0 0 0 0 
0 0 0 0 0 0 6.098049066e-88 12.27356246 162.4989349 0.07225627608 0.0001485790359 72.90516814 0 129.9571967 64.60786639 26.92910757 6.365899663 66.66120898 3.249788222e-11 19.67236173 4.968991704e-07 1.507459382e-19 4.602280209e-06 0 6.180995487e-09 0 0 0 0 0 
0 0 0 0 0 0 0 12.27356246 69.23099756 0.02890228769 0.0004457371077 144.6450524 0.08208011048 39.43378467 15.62924922 0.01070128896 14.70292939 20.59115672 0 20.30619877 6.083264373e-07 3.014918764e-19 2.433434601e-26 45.9084681 0 0 0 0 0 0 
0 0 0 0 0 0 0 6.136781231 7.424707444e-07 0.01445095823 0.0002971580718 0 8.492675568 39.32579741 0 53.1230009 51.04842463 41.18231344 0 0.3169185199 0 3.014918764e-19 2.433434601e-26 2.253431597e-14 0 0 0 0 0 0 
0 0 0 0 0 0 0 6.136781231 14.30312826 0 0.0001485790359 9.154726555e-06 0 0.035995752 0 0 0 0 0 0 0.5688730646 0 7.545409371e-09 8.139160503e-34 0 0 0 0 0 0 
# Errors [DivMon_Sample/div2.dat] I_err:
0 0 0 0 0 0 0 0 0 3.730648473e-42 29.11757358 28.23739872 0 0 26.42340506 18.30264422 12.99920059 0 0 2.743018677e-34 0 17.96520196 0 0 0 0 0 0 0 0 
0 0 0 0 0 0 0 1.861522658e-24 9.001343309e-147 0 35.14333038 34.98462771 10.32516727 0 32.36192984 41.09374478 0 26.34439039 6.279512176 1.771469253e-22 1.083003528e-35 24.293387 0 0 1.991022562 0 0 0 0 0 
0 0 0 0 0 0 24.27232322 1.01161894e-56 3.280853643e-10 0.01120277003 60.32436744 35.2053479 15.77195347 20.33554159 5.822749279e-52 43.56177253 23.43464213 61.46881608 1.888344588e-22 20.61386485 0.000658585821 17.96520196 32.1920243 4.931717647e-39 2.815731111 1.991022562 0 0 0 0 
0 0 0 0 0 0 23.16969368 8.652808388e-45 19.7606639 0.01197626493 28.31518257 21.15530681 38.26967831 0 44.24010125 40.32675793 39.16484435 16.55135927 43.17552111 32.85119225 45.56896328 26.95617615 34.36363335 3.855561558e-34 0.001159778646 0 0 0 0 0 
0 0 0 0 0 0 5.768900886e-61 0.0003319453242 26.04866129 40.08656804 36.92343385 29.11399228 59.93646204 48.09575724 54.08848258 41.2820685 80.20020188 56.35628777 25.69704446 45.39718931 34.06364403 43.53691958 16.84816392 3.935069095e-34 0.0009469552989 2.815731111 0 0 0 0 
0 0 0 0 0 0 1.02815162e-130 45.60497901 26.91423071 58.58573014 47.82661094 29.26994641 62.2255506 78.0478648 105.6842072 101.9835783 97.58686915 94.85113213 45.7783185 64.86967972 0.0009313809974 55.04012653 52.05801445 4.08806969e-64 3.171860644e-41 0 0 0 0 0 
0 0 0 0 0 0 7.344521849 21.63834754 47.67325264 50.07577589 81.57588165 57.52463184 69.30242429 96.13901122 96.38656987 99.27588809 84.81773591 84.65848567 46.26064648 57.39307877 37.24459781 54.50897002 44.06428525 0.8394008412 6.333210331e-64 0 0 0 0 0 
0 0 0 0 0 0 11.21894244 14.70036239 60.95621318 90.00096737 67.7778712 79.31797955 72.80691094 82.12255791 88.58296942 71.08437724 105.2540725 89.62816131 52.24457336 78.03685862 55.24064486 39.718328 22.38631704 21.69187894 0.001409114577 0 0 0 0 0 
0 0 0 0 0 0 1.21673013e-138 21.43591408 34.25486612 103.4945546 60.97401624 69.20009052 78.92449164 99.04571012 108.572638 76.38409535 90.79916237 79.09751879 77.53342169 75.39732678 101.9748746 21.69554078 4.989044089e-38 2.574241603e-107 16.94431615 0 0 0 0 0 
0 0 0 0 0 0 15.43499059 43.10756426 65.97757677 116.8244906 74.65020593 107.358418 75.641049 118.9373402 108.723519 135.4299512 71.88125604 124.6440689 102.4238869 76.72499707 61.24342592 37.29108434 13.57524071 32.43531715 20.64059032 0 0 0 0 0 
0 0 0 0 0 0 25.91064702 32.92709964 42.46314926 70.68159087 118.1623916 100.4574714 63.93017357 104.7767052 127.6655593 127.3326946 80.30987613 117.2794424 113.2431158 100.0322987 89.48673071 37.1799015 17.48677292 58.63947513 24.25167338 0 0 0 0 0 
0 0 0 0 0 0 21.05040366 37.14238029 42.68255276 97.33347481 103.5372914 103.3163529 77.18370814 95.69115529 124.5010865 138.1475753 95.59283969 115.8306558 101.1951896 68.58527829 88.27369746 33.75537252 32.77693093 29.35672796 21.60240391 0 0 0 0 0 
0 0 0 0 0 0 16.41304176 45.93570574 45.1180888 96.72157127 90.81165539 85.38285036 111.452864 100.9416007 110.4170989 147.8569437 147.0965422 125.487437 111.4668106 74.31830605 69.16076944 39.77413799 33.3495036 53.82263499 16.57907457 0 0 0 0 0 
0 0 0 0 0 0 5.619689307e-09 39.15225838 30.96413499 95.619551 106.0971589 77.1012924 99.10064623 122.0287993 109.5335926 112.8700436 113.9650787 127.5563718 77.40589668 56.05021688 70.19083351 44.82279713 27.4685687 40.30756117 22.88952526 0 0 0 0 0 
0 0 0 0 0 0 0.04131773793 46.93122922 33.99265338 77.86891715 81.69533132 62.72185552 115.268768 93.87995365 94.78473108 89.5554216 92.51469003 111.6697776 81.50409102 44.00071427 68.61883155 79.84858641 13.77623048 27.67784003 0.835243126 0 0 0 0 0 
0 0 0 0 0 0 4.616591094e-16 58.07813492 55.61104011 58.45562094 59.40062478 46.4795941 100.7363024 93.02993878 112.7919604 110.5089749 96.34300201 121.0592155 83.69658072 71.40211318 26.9997123 64.36322275 14.22258464 48.62303865 3.196591491 7.160875262 0 0 0 0 
0 0 0 0 0 1.150618036e-114 0.04032198346 0.8827386631 75.47370721 48.20938416 57.39943954 85.4968415 96.13430657 94.21295686 135.6188797 110.0269325 108.329775 89.42252858 75.30675978 84.75441394 47.27746989 49.51504791 23.68160544 45.15183649 3.143982478 12.40299978 0 0 0 0 
0 0 0 0 0 1.992928899e-114 24.51139594 14.19430418 48.11965005 73.15920263 79.79953499 112.7681582 88.68766945 122.1246184 127.4870207 107.0540228 135.3605293 92.0204897 89.9022854 56.42704982 37.47973655 21.83555462 23.29414996 33.91739955 16.32655478 0 0 0 0 0 
0 0 0 0 0 1.150618036e-114 0.05666637575 20.28673202 84.49756727 53.60858844 90.65780995 77.77646973 100.3433035 108.608101 135.2587425 104.2077086 118.9748681 89.5606864 86.47006033 55.64549181 38.01585484 71.6903877 8.430278353 40.56439958 31.69722799 0 0 0 0 0 
0 0 0 0 0 1.150618036e-114 0.07431759627 18.78186427 77.35556225 90.82782324 89.88893869 59.27702674 98.0488276 85.8304632 138.2407776 74.32629619 106.9534812 81.56056095 79.02435493 70.82107366 47.28005778 72.01062351 28.57067827 23.0883052 30.61132946 8.268666521 0 0 0 0 
0 0 0 0 0 0 5.595741867e-99 20.28673202 67.5688572 65.56003897 63.86734245 84.40358822 100.6916582 124.7297131 152.6563705 78.0163735 115.6657938 80.03364552 96.45400393 38.91340801 89.28636571 69.26435058 42.3734616 1.81120564e-39 18.99951456 8.227244451e-47 0 0 0 0 
0 0 0 0 0 0 4.273818446e-99 1.008546516e-06 51.57098484 46.92191989 37.23598538 83.35800944 112.2877093 119.6001911 132.9000609 96.40964195 66.98927472 92.30087069 77.9836944 60.4845674 74.80307438 63.57078503 16.83870673 19.41776985 14.74616543 1.192240989e-46 0 0 0 0 
0 0 0 0 0 0 5.755717642e-05 1.339737539e-114 42.47705252 46.09925872 66.05327493 103.0218659 88.98216596 58.95721509 114.959437 81.05584609 78.6288065 101.2362053 34.39035087 47.12393019 87.68010574 37.9625245 17.28545773 30.84225239 0.02424091551 0 0 0 0 0 
0 0 0 0 0 2.35196095e-202 6.519088666e-88 6.698878557e-07 48.2985128 49.5257245 70.20223046 93.42922654 41.70048496 70.28528217 103.6423105 119.272059 52.65688964 95.59178454 31.92441179 44.802416 89.96763752 25.6072156 12.39604416 8.882774555 1.408610168e-08 0 0 0 0 0 
0 0 0 0 0 0 3.867025407e-133 8.678719247 56.78218258 70.66783372 31.96411074 65.96370961 2.928747094 61.32762381 67.08113085 85.42461 77.73135999 72.23749098 32.25006069 10.16995264 53.04616152 2.700595274e-05 1.113736274e-38 6.083910342 5.52667909e-07 0 0 0 0 0 
0 0 0 0 0 0 3.022046004e-99 0 58.88649009 35.59593324 1.492054739e-13 67.0204933 2.07093693 60.18576771 78.25736346 53.44558044 76.65451077 18.99772319 44.68892022 9.825263958e-31 37.65203182 2.61099624e-19 9.0936186e-39 18.74205362 1.279587633e-08 4.66399597e-86 0 0 0 0 
0 0 0 0 0 0 7.468554319e-88 8.678719247 60.95822671 0.03318286768 0.0001558310075 44.91026189 0 50.78901278 39.08130197 19.04175458 6.365899663 46.85413757 2.446350443e-11 22.71568668 2.765024227e-07 1.507459382e-19 5.118528219e-06 0 7.137198817e-09 0 0 0 0 0 
0 0 0 0 0 0 0 8.678719247 37.33039903 0.02207412231 0.0002573464391 67.84468116 0.1005271944 23.75718772 9.799528187 0.008173244447 10.58174939 15.72675572 0 21.52640885 3.302574419e-07 2.131869503e-19 2.433434601e-26 27.73872177 0 0 0 0 0 0 
0 0 0 0 0 0 0 6.136781231 5.250060982e-07 0.01668652925 0.0002101224876 0 8.492675568 23.81295289 0 37.56363418 39.61874557 21.09965691 0 0.3169185199 0 2.131869503e-19 2.980336548e-26 2.468510635e-14 0 0 0 0 0 0 
0 0 0 0 0 0 0 6.136781231 14.30312826 0 0.0001485790359 6.473369227e-06 0 0.035995752 0 0 0 0 0 0 0.696724029 0 7.545409371e-09 8.139160503e-34 0 0 0 0 0 0 
# Events [DivMon_Sample/div2.dat] N:
0 0 0 0 0 0 0 0 0 1 2 2 0 0 1 2 1 0 0 1 0 3 0 0 0 0 0 0 0 0 
0 0 0 0 0 0 0 2 2 0 4 4 1 0 2 7 0 1 1 4 1 6 0 0 1 0 0 0 0 0 
0 0 0 0 0 0 6 4 2 1 10 6 4 1 1 7 4 9 2 7 6 4 4 4 2 1 0 0 0 0 
0 0 0 0 0 0 4 4 5 7 3 3 3 0 3 3 4 5 2 6 7 4 3 5 2 0 0 0 0 0 
0 0 0 0 0 0 4 2 8 3 7 7 4 3 5 5 12 8 6 7 6 6 2 4 1 2 0 0 0 0 
0 0 0 0 0 0 2 12 10 9 8 4 7 9 16 22 15 15 4 10 3 8 4 4 3 0 0 0 0 0 
0 0 0 0 0 0 1 4 4 9 16 8 9 16 14 15 12 13 6 12 8 6 3 4 3 0 0 0 0 0 
0 0 0 0 0 0 3 2 12 20 19 13 13 14 14 10 18 14 19 34 11 13 7 4 8 0 0 0 0 0 
0 0 0 0 0 0 3 8 4 32 18 19 17 18 23 9 22 13 15 26 27 16 8 6 8 0 0 0 0 0 
0 0 0 0 0 0 4 14 23 33 25 25 15 22 17 21 8 28 24 21 19 16 7 8 7 0 0 0 0 0 
0 0 0 0 0 0 9 9 26 16 37 25 10 18 32 27 11 25 19 19 26 16 18 13 7 0 0 0 0 0 
0 0 0 0 0 0 12 13 18 25 31 21 20 22 35 32 13 31 20 18 17 15 13 10 13 0 0 0 0 0 
0 0 0 0 0 0 11 18 30 17 35 29 26 23 32 31 32 31 29 27 23 14 17 16 17 0 0 0 0 0 
0 0 0 0 0 0 5 24 19 23 46 27 28 35 41 23 28 35 20 18 31 6 22 17 15 0 0 0 0 0 
0 0 0 0 0 0 6 20 13 32 38 22 28 28 30 22 24 34 23 14 32 17 19 12 8 0 0 0 0 0 
0 0 0 0 0 0 8 22 32 31 30 15 31 29 27 27 21 39 19 19 20 18 16 17 13 1 0 0 0 0 
0 0 0 0 0 1 9 8 52 26 33 26 16 27 36 30 31 18 22 26 19 12 18 22 9 3 0 0 0 0 
0 0 0 0 0 3 11 7 19 28 32 34 12 31 29 35 32 18 31 22 9 6 19 20 5 0 0 0 0 0 
0 0 0 0 0 1 9 4 22 18 33 37 17 29 36 20 23 17 19 25 5 13 9 20 7 0 0 0 0 0 
0 0 0 0 0 1 4 2 33 23 21 32 19 17 43 13 21 9 12 28 11 14 6 7 8 3 0 0 0 0 
0 0 0 0 0 0 4 4 26 29 15 23 22 22 45 13 39 20 21 10 19 16 7 2 3 2 0 0 0 0 
0 0 0 0 0 0 4 6 18 16 10 27 23 29 26 13 19 18 16 10 22 14 8 9 8 5 0 0 0 0 
0 0 0 0 0 0 13 2 10 6 9 23 14 13 24 11 16 15 14 10 19 13 4 15 4 0 0 0 0 0 
0 0 0 0 0 1 7 1 12 5 13 14 6 13 19 24 6 21 7 5 13 7 5 14 1 0 0 0 0 0 
0 0 0 0 0 0 3 2 6 6 11 4 2 13 10 9 10 12 6 8 6 1 2 1 5 0 0 0 0 0 
0 0 0 0 0 0 6 0 6 4 5 11 1 9 13 3 11 12 7 2 2 3 3 2 7 1 0 0 0 0 
0 0 0 0 0 0 2 2 12 11 10 12 0 13 7 2 1 7 6 3 5 1 4 0 3 0 0 0 0 0 
0 0 0 0 0 0 0 2 5 3 3 8 2 7 6 3 2 3 0 5 4 2 1 7 0 0 0 0 0 0 
0 0 0 0 0 0 0 1 2 3 2 0 1 5 0 2 3 5 0 1 0 2 2 5 0 0 0 0 0 0 
0 0 0 0 0 0 0 1 1 0 1 2 0 1 0 0 0 0 0 0 2 0 1 1 0 0 0 0 0 0 
