# Format: McCode with text headers
# URL: http://www.mccode.org
# Creator: McStas 2.5 - Feb. 24, 2020
# Instrument: /zhome/89/0/38697/once/McStas-2.5_CPU_MPICC/PSI_Focus/PSI_Focus.instr
# Ncount: 1000000
# Trace: no
# Gravitation: no
# Seed: 1582679640
# Directory: 1
# Nodes: 10
# Param: lambda=3.4
# Param: chopp_ratio=1
# Param: DET=-69.9
# Date: Tue Feb 25 21:30:57 2020 (1582662657)
# type: array_2d(30, 30)
# Source: PSI_Focus (/zhome/89/0/38697/once/McStas-2.5_CPU_MPICC/PSI_Focus/PSI_Focus.instr)
# component: DivMonfermi2
# position: 0.929598 0 73.1346
# title: Divergence monitor
# Ncount: 10000000
# filename: divfermi2.dat
# statistics: X0=-0.012753; dX=0.829429; Y0=-0.0171217; dY=0.98625;
# signal: Min=0.284645; Max=1386.53; Mean=458.792;
# values: 412912 2885.86 61004
# xvar: X
# yvar: Y
# xlabel: X divergence [deg]
# ylabel: Y divergence [deg]
# zvar: I
# zlabel: Signal per bin
# xylimits: -2 2 -2 2
# variables: I I_err N
# Data [DivMonfermi2/divfermi2.dat] I:
0.2846445889 74.29401717 119.8096106 123.7527068 106.8404365 76.26743231 77.79441343 182.3143959 529.350828 139.5612903 285.6086996 155.037036 142.5085488 533.9754089 232.4454069 356.1325095 272.2485722 243.4860932 481.9175486 214.7997889 227.3000835 116.6184111 411.5624723 91.06342632 197.0059911 50.90481735 41.76293261 69.65217262 180.7929171 8.442878939 
15.40428182 12.22424154 23.85635162 163.7490156 117.7592617 209.9576125 152.1205367 232.0619611 596.0241215 275.6258529 527.7018261 189.7766841 227.5238737 807.7934826 220.8662311 460.36621 478.0480875 527.968439 540.0479253 253.2687281 523.4358258 122.8204233 314.9676031 18.28547002 369.037659 44.03896042 69.01440724 105.6073761 121.8629212 4.34204043 
0.7722713462 66.80886059 50.56702213 203.3586704 329.5091784 368.6637896 207.9903852 416.0220299 585.4054526 662.1412688 443.4611078 202.7687623 391.1114644 430.0307703 590.8335149 685.7447935 709.0877791 232.4515108 798.2556682 490.972423 539.4573881 204.5081646 422.2890693 205.599479 124.9738237 32.37830391 114.1740159 100.2885071 115.4794621 23.28553703 
63.33896142 71.6098684 127.3208108 408.0831231 182.4283496 266.7076985 389.5477414 379.0811351 598.9737882 360.3306539 384.2130081 189.0510266 440.7971459 576.5619052 627.5552616 704.4822588 527.9904923 514.1069492 515.0914461 703.4487539 494.3679848 275.1248074 412.5542553 307.989691 123.9454919 165.1401168 75.93248192 209.9547915 139.1436347 35.29753537 
101.4787872 103.2401914 133.9602772 199.460045 116.3179644 202.7140536 202.4731421 495.8438404 753.2268399 417.7276889 676.7234665 419.7077604 420.1548947 452.2654015 517.2938804 822.1331927 761.7610176 509.118973 774.7084433 624.6885664 632.8894824 377.5249319 216.8194621 256.3934329 111.0983558 225.857807 54.15478349 140.9773734 88.80403205 68.54936718 
62.30972237 119.0611879 130.0370103 200.0579111 234.104644 230.1094874 259.0095024 644.3605009 687.6866282 710.8123158 892.7970861 469.0799814 680.040481 647.5718052 612.2586217 754.1187402 924.6572833 721.2125039 405.6361269 946.6251102 420.8065296 335.422541 431.5268096 373.9856469 180.0458142 118.8498699 137.1716541 145.9948649 58.10131032 41.81180439 
54.37030428 137.8022686 277.783481 234.3883417 300.6090553 229.4489653 305.8336594 781.366478 680.8209454 813.5484486 898.6760646 563.9356544 827.0840836 783.5122699 782.7175832 990.8027368 1148.811407 855.8544511 720.6685915 878.9884891 475.2356223 407.3580099 377.1716039 218.3437498 131.4939174 247.8667749 148.4418517 110.5809805 165.5016556 72.16245117 
70.03412962 150.2004645 214.4220646 304.9185914 309.500061 344.0989163 276.370399 629.402696 544.8698231 858.8465584 895.2865895 724.5035751 1135.054179 511.9912343 788.7118601 976.3607603 1019.540947 803.3374443 1045.438004 687.9692779 574.0188176 509.0256732 354.2773555 395.9370578 201.987758 163.5201658 151.3504344 204.6649765 116.7064849 87.98429883 
41.58707477 210.4245635 320.431089 248.3734295 283.5600192 509.361986 606.8324163 430.8256627 860.0918286 553.9085219 573.8593867 968.4058784 1126.583139 796.6855672 751.5676927 1089.15004 993.7636675 706.3818164 1084.939374 835.8219666 470.9512675 427.847942 476.2157617 582.2116812 260.884083 215.7320032 95.0630089 217.4122572 130.0044784 62.08348884 
84.9745971 111.8849803 344.1884236 356.3122717 311.9270674 311.0950397 900.097017 814.4867555 699.174037 537.1456793 741.7077035 764.0228308 1015.477633 941.8411119 1035.320984 1055.004997 1182.779894 835.8571823 893.8464987 874.3850395 501.2289202 491.1406787 647.7667274 445.9417921 230.332193 259.2588335 134.7927965 199.6404966 260.809354 72.91150094 
100.2227811 104.6550491 166.5751371 299.6027763 149.4164132 545.9111829 564.1376819 675.96323 652.3829172 616.7869972 828.9857134 991.482425 1009.10555 782.1302925 858.2510559 1274.573169 1182.197937 793.2469815 1027.104425 831.0326518 708.059866 652.2753736 381.6627497 473.519963 402.3307205 228.7023375 158.5694936 165.178309 196.6190571 71.0844184 
90.9842227 78.05076852 173.4607508 357.6363051 225.1865002 403.7328776 363.4941841 335.2215196 804.4232394 711.2097465 878.4740558 944.7926816 1157.476566 820.1385158 1028.667988 1142.951892 1057.352869 750.9868323 1109.299891 1179.588467 631.8962699 720.306046 374.3649928 597.312044 336.3781477 415.8487807 174.7154419 264.4489679 139.8535429 72.08042807 
49.97306604 91.3889729 102.5699168 308.5404123 295.2172466 398.167337 547.530802 601.503627 726.830274 507.1898325 1022.107273 940.972227 1052.555316 690.2002985 1165.381937 872.0615301 987.5594818 1151.615168 1267.020144 1209.079784 751.7557318 947.7128023 316.5317164 491.8519544 337.6396981 349.1140184 214.5908644 156.5276249 129.5981458 40.06256339 
92.65435119 150.2708975 248.9758556 227.3984711 334.3245064 502.1384546 595.8702091 374.4610037 578.366568 403.8207032 868.4546855 917.2211365 1019.148792 964.0971613 945.1559955 1386.526437 1346.0071 1159.362595 1085.240018 694.9085302 807.794368 913.8185894 300.3370498 292.2645179 325.1805468 397.5998904 229.8073761 147.1615316 111.8839731 57.47481877 
84.24558441 61.77895877 159.39224 188.0621995 220.4704335 410.5111517 889.728138 493.8561132 758.6896175 538.0887519 955.681643 1273.72103 919.1734698 800.215677 1063.145174 1240.592527 1096.904079 1077.89049 983.6431519 1298.742006 938.7037564 1034.145812 388.0805158 405.5078479 260.6750716 538.5693273 507.7280423 184.3882402 143.5664894 48.52043865 
151.9571023 109.3997845 223.0802416 327.5467229 303.2232888 502.5627489 513.9837071 479.1299761 754.510168 687.0662461 947.7719738 1092.494928 782.5837296 903.77542 738.1329049 1180.304138 1020.564201 1347.736326 1326.169313 1289.342378 1047.376321 908.8477966 379.7728145 438.4341769 349.1965176 350.146121 496.6377568 279.025556 172.3408029 47.76350215 
134.4663821 44.0057041 177.1938478 179.8729055 263.0961367 543.6314944 745.8638583 433.4341266 529.7316764 922.8709189 937.8710474 931.204702 907.0953513 724.3885588 783.6642746 1266.462202 976.134382 1288.052233 894.8645913 791.9026188 1136.69667 608.2124242 571.3751707 639.7931412 590.3265236 371.5867698 537.006795 370.1441897 123.1128958 48.42684825 
83.55482702 73.99525505 192.7324865 168.0398142 283.3928937 476.6234011 623.0975148 418.9859451 561.2647615 730.2547276 1023.722515 831.2591384 746.085759 910.5653579 830.9489393 1222.192017 980.3869852 1305.46207 1126.37866 738.0091637 922.757047 753.2531506 606.4941944 464.4007732 426.6350978 404.6792081 347.9268907 237.353346 147.5972235 44.54377331 
106.2261642 50.65972225 169.1535003 154.7666924 320.0483164 601.9161751 765.9437317 679.9732413 635.6480901 1108.511529 968.9608909 658.4192071 1003.21987 1076.210671 747.569191 1142.581729 880.6483211 1153.254972 1352.036394 613.6444372 719.940014 774.6663949 694.6518358 440.8994858 604.8261671 475.8276891 337.2792749 182.7912235 122.2964417 69.33795359 
45.33066501 81.94662147 111.1821058 196.4869221 333.4028206 519.366543 501.858983 453.812466 595.1719062 650.7749567 903.236886 779.6329161 780.4886893 944.8602431 816.2458425 993.8531685 878.8084469 1237.407902 955.4536477 750.2595535 492.9092165 753.1366658 377.1575205 435.4475667 558.1260602 334.3469836 323.1887207 265.8965295 168.2419276 56.12415607 
77.64710324 123.7905899 156.2136236 140.1577498 406.2883103 319.8106622 539.5038097 380.3447906 490.994249 868.0402842 767.6080978 856.5203426 866.3847062 915.9733858 528.9465164 1104.256528 1358.604245 1019.078761 1304.2992 926.3678036 783.9749542 392.2555617 584.7663785 476.3021586 462.9007566 354.4572553 194.5892542 261.5346417 204.2775856 143.6295398 
115.4491679 106.1553216 44.94039301 261.7934094 208.4626956 391.5601647 759.2346866 515.531411 721.875459 918.0921272 953.238391 795.9474389 783.194332 965.9408915 600.9368551 929.1290427 924.3425771 712.161631 1026.954369 711.7342915 916.2659076 241.7798054 497.7778013 369.2637499 293.3114883 414.8268858 173.009379 308.5882921 111.4601398 100.659871 
74.05130251 80.81730343 113.0875881 146.0433412 403.1579218 268.3484553 408.6773505 636.5641266 588.0784686 743.3213288 979.2527319 724.5909233 800.7219618 1303.735429 611.3340834 684.1655769 916.8962218 758.0236461 623.80946 762.1722463 703.9074108 153.6745802 513.5378318 260.0217833 216.8524914 440.1982158 152.3814509 251.8366613 163.2585983 58.78819583 
69.99471131 176.022864 108.0303344 158.832495 375.6364299 307.7417921 600.615172 410.6526935 813.9022854 697.9675453 755.012746 946.6979324 690.8159634 1023.546715 548.9747897 806.6965922 751.6096298 838.855715 727.7429058 740.6453835 569.219734 407.1990478 559.6267047 297.2990623 176.3755249 247.7469029 113.4350037 269.9577781 93.20750188 20.79937871 
47.95415844 101.5972957 191.1081773 66.96199036 581.173873 189.5452984 581.5884429 384.3247145 500.8924563 602.0517983 632.6492192 1022.429059 301.7258124 809.1629271 532.9602774 728.7693639 680.2167468 574.3346423 530.1641699 650.7710339 475.6385827 250.1430328 419.5616046 179.6910647 165.6637675 219.5166684 108.1771806 183.0127133 81.66832514 32.76382772 
110.1878538 64.60732504 173.9792598 93.30655955 268.8187203 166.2183924 431.6544173 323.4206109 558.9007486 480.0707151 702.7304485 862.254323 613.2314041 866.8971709 570.6802444 540.3312169 630.8487005 777.8026697 558.6802493 337.9875789 443.5240606 459.6025219 298.8279291 267.8689343 79.41893689 207.4473695 142.8891954 97.36004177 96.83371763 12.27158814 
116.5332025 50.64341854 143.8437532 64.09490585 166.9806075 122.8021705 366.0798732 278.2198755 611.7898208 637.3263444 595.7670747 201.5038713 463.2845768 616.6024879 458.5595708 841.0348389 691.2783168 583.8222386 348.4574401 302.1676495 397.7398985 245.1464811 386.9775399 229.2981392 288.9541318 152.4583587 196.4987437 233.4958302 57.30123805 10.01222833 
109.8968683 45.31394379 76.02325368 58.15630533 84.56248458 108.3685344 380.3700789 183.3899986 423.2331367 546.4230342 225.6035906 486.2935333 470.6612575 287.2647245 422.8817113 346.6898239 427.6097447 754.0109056 398.3521062 226.8699555 389.5819253 205.8547096 384.0716161 170.7094844 205.1205502 98.13609313 71.65145827 197.0371222 78.30166711 26.64999054 
47.75773731 19.90080093 125.2681691 29.35942677 123.3455714 76.22000733 270.5285562 208.0824433 310.5644768 288.2221782 303.2648512 354.2322898 401.5640284 344.4734722 170.9520815 348.0399929 371.362484 609.7755978 258.7278295 522.5270571 167.7526797 256.8867891 206.1593855 291.034367 129.0967942 215.9583373 39.8136772 70.33480845 40.7922588 12.65010454 
44.55202987 3.432872801 10.25516582 40.83461416 158.7316669 59.22519364 182.6092425 205.6663234 316.3036791 213.3081343 536.5904441 144.547888 200.5971725 193.675308 243.3701258 471.7203367 432.9980838 219.593756 296.0158956 325.6683537 120.0316213 240.771921 146.4904559 221.3117484 48.95300441 195.7120733 56.52709092 129.7938079 53.51126286 35.05640911 
# Errors [DivMonfermi2/divfermi2.dat] I_err:
0.206484553 31.3365372 38.14205328 42.07517265 39.78337369 38.92061335 41.45137204 63.55254676 115.1749486 53.84177301 82.00431478 56.47979012 45.78116272 112.2279858 76.74575685 92.00017501 83.11800435 77.00639247 111.0541054 71.33150972 71.25046264 43.08255039 98.30875267 37.32323429 60.49049037 20.19649753 20.83240831 28.43239051 46.48023315 7.311047898 
11.13339413 7.375182918 12.40017361 52.76844676 42.82223161 65.57352815 52.08263051 68.82370768 112.2238989 81.45227976 114.2655292 59.15295832 64.7244511 138.0616225 65.70428688 114.2023325 111.4184981 114.8218437 116.0440458 76.17693861 100.2514559 44.73417755 87.26934283 12.76188299 76.2337783 17.90255254 22.28480836 35.64021161 38.2301074 3.348052531 
0.5393985462 30.4154435 26.2154559 59.67073394 79.38076578 84.35301598 57.85818287 96.52126914 112.4345546 124.7725083 105.7384072 53.88175575 99.51137156 100.1739482 116.2177213 132.759359 132.1883355 76.76980391 138.1394375 106.5247264 103.5395117 64.23467484 95.59516679 62.72486385 38.2544028 15.55787703 35.35272556 36.9238148 29.5046493 9.718772115 
27.89915807 27.09073092 39.01921735 89.39116272 58.95408501 66.32721634 79.69633041 86.57735002 112.127588 87.19208054 92.31856623 52.39892229 102.5480174 115.3095429 115.0722648 136.9639102 117.004745 104.6804911 110.1938862 130.4996971 100.1020154 71.70627739 92.45006876 77.67715524 35.49777837 45.78715641 26.09149972 58.46736312 37.13467094 13.75301353 
35.89630013 25.10733362 37.43455865 49.61190397 49.12912317 58.88897282 60.65142064 97.44636305 123.0171519 88.9222806 130.499894 98.48404489 96.50194168 104.2440286 100.9089208 143.7405418 140.6111338 107.4223056 136.6468803 117.6996605 111.4867341 85.76877556 65.45159919 60.91337651 31.67165314 50.431806 20.06992375 42.57831297 25.14033994 19.14271648 
28.45942412 31.12735722 32.56659356 65.87939905 64.28648144 58.9693006 68.06944699 115.8158413 110.593134 126.4303185 150.33068 96.79258627 129.0451947 118.9075236 119.6947611 131.8414226 149.1044511 132.3382401 95.38766247 148.5781061 91.95598177 79.18386353 97.98949297 87.92094934 47.63840808 33.71910297 33.71189179 45.88748228 17.93647871 14.44473872 
16.7394609 41.90781958 61.36266806 61.91815261 68.57270828 55.6170312 72.07358529 125.1683565 117.044288 136.5946338 145.6203593 109.7119736 138.0627578 138.1663858 134.1507728 146.2430991 169.9884465 136.8278872 128.149508 146.6132472 91.26879342 84.19341684 86.76813098 65.12940243 39.66440749 55.39166492 38.83661858 28.54962103 34.87543394 19.88682624 
24.66851702 39.25442996 51.0660798 70.05521798 69.70403342 75.57983836 72.50472307 113.922179 103.8565517 143.954065 146.3346679 124.2427459 161.9082585 103.4435334 138.9790775 141.6857922 159.4412661 139.7406124 158.119909 122.3062584 108.5650993 93.24692765 82.79533802 88.60549127 49.14481291 44.43684849 37.21007463 41.55964643 32.5653406 20.21441833 
14.8029513 43.61457485 69.2602393 56.52618121 61.73505161 96.8504904 107.1498415 95.07407279 132.2917606 113.097726 112.5712504 145.9341712 159.4529517 143.0793917 131.7236018 162.867299 152.2462647 128.6068939 155.7394742 135.1780693 100.847347 90.13668551 101.269934 114.777146 50.91549821 53.83503876 29.9634316 44.86088486 36.26888955 17.81502013 
21.32164562 32.60517418 73.60073264 74.30277943 61.72366874 63.45518801 140.0657601 129.9696231 115.8782767 99.9963203 135.5511754 132.0398304 148.1670801 148.8887961 156.7081584 148.435196 166.114296 136.1541978 140.118037 140.4967958 102.3555436 102.6642388 117.0119937 91.56697889 56.86993688 63.9655428 36.50549029 40.70324614 57.50620831 17.83667119 
26.30227118 32.24386375 43.89640939 72.65871218 33.78515643 97.29111664 96.46390659 116.2702615 118.3096287 105.0192851 135.3785421 148.8934641 156.3579494 125.0173237 138.81891 165.8625829 161.5185116 130.6759403 150.7747504 135.6107592 121.6311692 121.0354607 85.44655503 99.96890472 73.42966428 62.24095066 42.92651198 39.26081974 47.96214229 15.45081725 
25.73475742 25.70462347 41.06065848 76.32964739 46.47299941 87.50124869 71.585367 71.42333144 130.2636605 112.2176086 133.6041233 144.3443336 158.4294754 129.1882836 151.5927715 152.0198155 150.5053475 126.2332448 155.1105135 167.146346 110.6881378 127.6120361 74.82331208 113.2037825 75.77987055 82.74185631 48.12002815 55.780614 36.54852417 19.11033105 
16.77707508 27.38014963 29.63189181 68.39587783 62.00644491 86.84332636 85.56981015 93.97061965 122.2992559 97.09299062 145.7537661 139.3454823 147.2454089 119.2583335 160.3205221 130.3321005 145.5255853 160.552416 158.4301231 164.4371286 124.0333182 136.8567869 68.33991825 94.17419768 72.84857499 70.7560763 57.18200309 42.93941522 29.07195405 11.93008983 
24.81601802 37.33888513 47.90465935 60.74745373 67.76221939 96.52194016 99.12598561 75.20917278 104.2199178 88.16814656 142.3922393 134.0395077 146.0389408 143.8970876 137.7083831 171.1568755 171.2652509 165.7851771 143.6703399 114.948183 130.6341291 133.6644465 68.21092088 70.41658183 73.23315932 75.90789957 59.97272717 33.92744618 31.58458538 14.255648 
22.19299725 16.62128573 37.18975874 53.76081279 55.2641715 87.16785067 130.1028333 90.48582301 124.547781 98.21731427 137.4576186 167.1823599 134.5184427 127.3338016 149.8391391 164.9687972 153.7123777 157.4245247 142.8729387 166.9763442 140.006016 141.4244813 83.01577632 76.83385947 60.03434896 90.53664905 96.93400995 43.63526802 40.0453751 12.6808141 
32.87449969 23.2356764 48.42934553 74.26808304 67.25744321 91.44181151 97.4285216 80.73481833 123.1571563 125.1041513 145.537712 159.0217 126.039182 139.753098 127.561809 159.4577373 148.1510017 178.010283 167.1038561 172.0119007 157.3319037 136.8128776 80.96985697 83.13629375 79.353392 72.88469897 93.32864023 56.58594612 42.35280342 13.37177829 
30.94463524 13.83044259 39.46184949 53.46473925 63.25284159 97.63083655 119.3353883 81.41408648 103.9699765 141.9437915 135.1465797 153.8522105 134.0287351 122.8130572 127.4521275 172.5667758 147.8813433 172.1539211 132.2554911 125.2475021 159.195576 105.0595637 101.6191665 106.3556276 104.8967156 72.40039531 91.86666054 68.75431578 36.80469927 16.49978553 
20.48878982 18.82090008 47.56491577 50.38147734 62.26387 87.13414124 110.0074059 84.95973935 103.682253 124.4083982 150.5549054 136.5331313 125.2549979 145.7273678 129.6731337 167.5029979 147.4544614 174.7726009 152.8073443 122.6403416 139.6539511 129.7637943 105.0420584 83.61544208 80.90498866 76.69440309 69.43309721 48.78533623 48.60171022 14.64702668 
24.84879383 15.25687736 40.99470175 47.32408767 67.54103381 100.6001718 114.200258 115.4451894 105.8584855 160.610495 144.1846896 115.1442187 151.752874 146.4809641 121.3805863 158.3555068 137.4361538 163.2904999 169.0374937 114.7382707 120.5221935 128.8824546 118.3496088 84.51185648 100.1150777 82.62969899 71.61243014 47.68625903 40.38758284 24.47899172 
15.40622229 22.50572305 31.74385497 52.11430611 75.61291846 99.36751805 92.50799775 87.72718108 98.56912926 117.7443149 142.3731244 130.2843779 129.4209375 138.1549837 125.501014 150.4297535 141.3779393 173.5304828 142.8489818 126.8819332 100.209935 124.1812211 83.6749873 87.56773696 89.71969919 71.08207881 64.42431633 62.04574196 51.8163155 18.97490456 
24.90437856 31.28644626 42.33199077 41.60557269 85.18206893 76.08117264 90.03227933 79.17385658 95.02069991 136.4664039 130.7861449 136.9325153 133.8128262 139.3695912 104.4424489 157.213592 176.2613124 155.8495673 171.5620475 143.7482073 129.1892892 92.74820079 109.159284 87.92702916 87.84048767 72.82454673 49.35175556 62.3326063 55.57930938 32.14802566 
28.54750751 27.84307188 12.74586099 59.73330776 53.1515619 76.6533879 121.8190726 99.1112917 121.2162025 139.6125784 149.5379152 133.7905408 133.37572 139.5814648 115.6403132 141.7506389 148.0740933 131.1522686 154.9353185 128.6140352 149.2419874 62.55971 99.17945581 74.17640544 70.21516961 81.49729895 45.83678011 67.1109117 39.89628827 27.85666354 
24.028197 25.0541997 33.5398548 41.43569167 81.89027925 68.21484201 77.30945384 114.4350109 108.8020753 132.4567806 155.0121179 125.1240093 138.8218537 166.590012 119.0219188 123.3445854 151.0226775 138.2347168 118.5801718 125.2469186 127.2775108 47.91035783 102.9495692 64.86827944 56.80631548 87.39932989 41.16566839 57.59769611 46.69106386 17.32991057 
25.16623193 43.72854008 38.02789194 49.8803799 72.04599524 67.697226 108.1685682 90.0848906 128.0800068 124.6016203 134.2797979 153.9349644 124.0297961 157.4167196 108.3363501 137.1083672 127.683966 144.0446676 130.7900151 116.0075391 109.6842328 92.61899926 103.1756453 74.22055933 45.02080543 64.76370287 33.75212686 71.66480043 28.2848783 8.866084103 
17.85755285 31.08905028 55.90412681 28.99565838 101.8219885 55.53123088 98.12337705 87.25525749 96.28761252 112.8207699 125.1281358 158.0711885 80.83068897 131.1065319 107.6216197 130.5057006 118.6462933 118.6345443 104.8070749 119.226828 95.19174239 72.30175882 89.05027097 53.01269667 48.00854455 68.27203199 34.24726668 54.25658181 26.41247305 13.16864543 
33.23699849 26.04087952 51.33867211 33.31020312 62.89846881 54.541668 92.85222011 82.53315675 103.7678937 88.0373247 127.9997442 142.7228428 114.0490601 140.7232926 116.130753 104.7760024 116.005025 136.4148986 111.8288658 83.88081521 94.81696995 102.4263558 80.9884138 66.13184095 31.60656868 60.72760619 44.43473748 30.19220323 30.13280138 5.988665029 
33.76281074 18.30551375 49.010949 29.68165941 56.59826471 45.89675205 79.94636759 78.83843496 111.2295972 115.2888355 118.838832 64.42599673 94.3396751 122.6630947 101.8391643 141.4237411 127.6385852 119.8182735 88.51366874 74.98805025 86.03374856 68.10246198 89.84559938 60.96454131 64.56918567 51.11400533 63.96536511 57.536323 25.21538244 5.818930566 
37.32474781 16.7993525 29.53189258 22.77943843 35.53428485 39.88429163 96.06885006 62.82014891 84.37546687 109.821581 68.24705634 104.0891194 100.9180114 83.2287428 102.1820112 85.87538584 101.2033109 137.5896012 94.03275771 67.21074755 95.17602532 59.67120139 93.91226862 51.75261057 53.12078916 34.84935493 35.49159812 46.30349022 26.85762617 9.784961914 
20.16944668 10.23008079 41.53105628 14.1900483 47.89376808 36.27171005 75.84080397 67.32995564 74.08846321 79.37432772 89.98193465 89.90596902 96.07237731 90.8748322 58.36468428 88.82917769 95.4669693 124.3399758 74.19335818 112.3985275 55.86239687 79.67009086 65.43880655 72.45514708 40.22891129 63.02010647 22.33908097 21.11442231 16.16484133 5.390377382 
20.74823415 3.491079597 5.547230889 17.60052345 53.8690559 35.80995938 67.74289218 65.87739617 83.18021954 57.89608849 124.9157481 49.89361 62.38110581 66.97340313 74.46649175 98.79523772 98.5245191 72.65881854 82.18087882 92.05709937 47.28340168 73.50466802 61.64383261 57.98715511 20.29002929 57.49423684 28.10237011 33.66070584 21.52938851 18.00650007 
# Events [DivMonfermi2/divfermi2.dat] N:
12 37 38 44 31 28 26 27 63 35 45 44 45 53 30 45 40 45 43 39 56 35 36 30 42 22 28 32 37 17 
21 35 23 50 32 29 33 47 67 31 44 44 30 68 33 46 45 43 55 38 54 34 34 35 49 28 29 28 36 19 
20 37 25 44 48 48 45 64 64 57 46 44 48 61 52 52 53 39 56 48 55 38 38 45 30 33 31 21 56 20 
34 34 30 50 42 56 52 63 71 49 43 41 48 70 57 56 48 61 46 59 58 51 53 49 32 44 40 35 51 29 
45 53 47 54 29 36 51 85 77 53 61 46 45 52 56 75 61 57 72 66 65 48 41 57 37 52 27 38 49 33 
42 51 47 55 44 55 51 94 77 67 82 68 59 66 64 68 73 66 64 70 59 61 51 66 51 51 60 38 43 27 
64 56 57 74 52 49 45 106 78 69 80 77 68 80 81 77 75 67 74 69 61 82 58 43 45 62 42 41 64 57 
72 68 90 96 57 68 57 96 79 66 106 94 77 60 69 96 77 82 91 93 60 87 59 63 53 56 51 61 59 52 
59 72 82 74 68 61 96 72 93 56 88 99 104 76 70 95 86 88 109 104 55 70 62 65 68 62 39 90 55 50 
54 86 77 96 82 88 117 100 80 76 112 108 105 88 84 101 106 93 95 109 68 65 61 71 57 62 52 79 69 54 
68 77 66 82 68 98 88 91 95 96 114 121 81 95 95 107 121 111 98 102 76 82 60 65 83 73 57 77 54 60 
76 63 72 103 73 85 84 79 89 106 120 114 114 96 111 104 104 80 116 118 75 76 87 75 78 83 56 100 52 56 
63 66 57 89 70 86 109 109 98 83 125 118 101 82 110 89 90 89 131 104 73 113 85 84 78 83 70 65 53 50 
75 81 92 70 83 101 117 75 95 93 101 125 94 99 105 136 119 91 109 93 90 95 71 66 66 101 70 62 64 65 
60 53 67 71 62 86 130 81 112 95 132 134 129 96 123 98 127 80 109 127 105 113 80 93 66 103 85 60 65 86 
64 80 81 67 88 98 102 86 103 92 118 107 96 103 84 108 106 88 138 114 98 98 69 82 66 89 91 69 87 71 
69 57 77 55 82 87 116 99 84 104 129 84 104 82 86 101 102 124 116 96 106 86 79 81 90 74 103 68 54 67 
78 56 60 73 86 96 92 75 105 101 104 96 81 95 97 99 106 99 123 87 105 90 87 86 85 85 78 59 76 65 
65 56 72 69 89 105 125 104 107 107 105 98 92 109 87 116 107 97 133 92 101 107 93 90 92 80 83 62 72 53 
60 54 73 79 67 91 103 87 115 89 98 102 86 101 93 103 93 97 99 76 75 99 66 75 91 75 83 63 86 48 
63 47 76 85 80 73 97 87 90 106 60 97 90 105 80 108 107 95 110 94 103 68 76 83 70 72 73 56 71 66 
61 58 65 96 65 89 110 89 89 106 90 84 84 98 71 91 79 66 81 84 96 64 78 83 68 70 64 59 52 70 
56 47 64 70 69 54 84 83 81 78 81 75 78 107 65 74 75 70 73 79 77 55 80 67 48 72 62 60 62 53 
53 44 57 55 67 60 82 53 91 65 74 84 70 92 67 82 61 67 73 72 61 46 86 67 53 55 42 46 69 42 
48 31 60 41 72 50 83 56 86 71 51 77 49 69 74 70 63 61 58 55 64 45 54 47 46 33 39 44 69 43 
34 30 55 42 50 38 61 46 71 64 54 86 58 71 74 49 55 57 59 29 49 61 55 54 39 44 57 38 45 34 
50 29 36 36 52 25 51 49 76 75 51 37 61 50 52 54 60 41 52 36 43 53 54 57 57 42 43 41 26 36 
33 19 37 30 41 41 40 40 83 61 32 73 54 42 44 26 38 58 46 29 47 44 43 43 38 46 20 49 45 43 
22 30 27 27 29 36 39 43 57 53 33 51 39 42 29 30 41 55 37 40 36 35 29 47 30 53 21 38 35 33 
19 19 21 45 35 31 30 41 55 43 46 41 38 28 33 55 43 36 38 28 38 31 21 44 31 43 24 47 26 26 
