# Format: McCode with text headers
# URL: http://www.mccode.org
# Creator: McStas 2.5 - Feb. 24, 2020
# Instrument: /zhome/89/0/38697/once/McStas-2.5_CPU_MPICC/PSI_Focus/PSI_Focus.instr
# Ncount: 1000000
# Trace: no
# Gravitation: no
# Seed: 1582679640
# Directory: 1
# Nodes: 10
# Param: lambda=3.4
# Param: chopp_ratio=1
# Param: DET=-69.9
# Date: Tue Feb 25 21:30:57 2020 (1582662657)
# type: array_2d(60, 60)
# Source: PSI_Focus (/zhome/89/0/38697/once/McStas-2.5_CPU_MPICC/PSI_Focus/PSI_Focus.instr)
# component: DivMonGuideExit
# position: 0 0 66.612
# title: Divergence monitor
# Ncount: 10000000
# filename: divguide.dat
# statistics: X0=-0.000171072; dX=0.282925; Y0=0.00024745; dY=0.328577;
# signal: Min=0; Max=2.13179e+07; Mean=1.20759e+06;
# values: 4.34731e+09 4.33449e+06 3.74306e+06
# xvar: X
# yvar: Y
# xlabel: X divergence [deg]
# ylabel: Y divergence [deg]
# zvar: I
# zlabel: Signal per bin
# xylimits: -2 2 -2 2
# variables: I I_err N
# Data [DivMonGuideExit/divguide.dat] I:
0 0 0 0 0 0 0 0 0 0 0 0 0 0 0 0 0 0 0 0 0 0 0 0 0 0 0 0 0 0 0 0 0 0 0 0 0 0 0 0 0 0 0 0 0 0 0 0 0 0 0 0 0 0 0 0 0 0 0 0 
0 0 0 0 0 0 0 0 0 0 0 0 0 0 0 0 0 0 0 0 0 0 0 0 0 0 0 0 0 0 0 0 0 0 0 0 0 0 0 0 0 0 0 0 0 0 0 0 0 0 0 0 0 0 0 0 0 0 0 0 
0 0 0 0 0 0 0 0 0 0 0 0 0 0 0 0 0 0 0 0 0 0 0 0 0 0 0 0 0 0 0 0 0 0 0 0 0 0 0 0 0 0 0 0 0 0 0 0 0 0 0 0 0 0 0 0 0 0 0 0 
0 0 0 0 0 0 0 0 0 0 0 0 0 0 0 0 0 0 0 0 0 0 0 0 0 0 0 0 0 0 0 0 0 0 0 0 0 0 0 0 0 0 0 0 0 0 0 0 0 0 0 0 0 0 0 0 0 0 0 0 
0 0 0 0 0 0 0 0 0 0 0 0 0 0 0 0 0 0 0 0 0 0 0 0 0 0 0 0 0 0 0 0 0 0 0 0 0 0 0 0 0 0 0 0 0 0 0 0 0 0 0 0 0 0 0 0 0 0 0 0 
0 0 0 0 0 0 0 0 0 0 0 0 0 0 0 0 0 0 0 0 0 0 0 0 0 0 0 0 0 0 0 0 0 0 0 0 0 0 0 0 0 0 0 0 0 0 0 0 0 0 0 0 0 0 0 0 0 0 0 0 
0 0 0 0 0 0 0 0 0 0 0 0 0 0 0 0 0 0 0 0 0 0 0 0 0 0 0 0 0 0 0 0 0 0 0 0 0 0 0 0 0 0 0 0 0 0 0 0 0 0 0 0 0 0 0 0 0 0 0 0 
0 0 0 0 0 0 0 0 0 0 0 0 0 0 0 0 0 0 0 0 0 0 0 0 0 0 0 0 0 0 0 0 0 0 0 0 0 0 0 0 0 0 0 0 0 0 0 0 0 0 0 0 0 0 0 0 0 0 0 0 
0 0 0 0 0 0 0 0 0 0 9.165783499e-297 2.166575122e-262 6.522841796e-236 1.916388259e-204 1.478590088e-165 4.929774558e-150 1.474273464e-128 5.02942561e-118 3.539743452e-112 6.05590693e-110 1.555608273e-108 1.471094586e-107 3.431217868e-108 1.36132703e-108 1.639374448e-107 1.495447494e-107 2.220104902e-108 3.171095019e-108 1.212411575e-108 3.95680346e-107 1.543035998e-107 4.266981857e-108 1.712068084e-107 4.079406702e-107 3.821041496e-107 2.717350309e-107 1.755886528e-108 2.038711394e-107 1.864142665e-107 2.104279427e-108 1.218011624e-108 2.102570369e-111 1.229335667e-112 3.968853954e-125 2.238094695e-153 5.014983737e-181 2.328119028e-197 4.658317697e-240 9.096152799e-270 1.39768463e-296 0 0 0 0 0 0 0 0 0 0 
0 0 0 0 0 0 0 0 0 1.440461236e-317 2.165289587e-289 1.933832869e-246 5.857645898e-211 3.128509435e-187 7.441827696e-146 4.356838951e-133 3.354898671e-116 5.456647697e-102 2.264876264e-96 4.318778704e-90 1.211050206e-88 2.620824434e-89 3.158123135e-87 9.550285635e-89 2.149665008e-88 8.003809712e-89 3.116533862e-89 4.467868347e-89 4.577586209e-89 6.467177655e-89 3.157475122e-88 4.614494886e-89 9.399981769e-89 2.7066241e-88 3.322386332e-89 1.563683809e-91 2.078516658e-91 5.19700525e-88 2.309762987e-90 1.14832275e-90 1.308770305e-90 1.161787852e-91 4.878461005e-102 2.725149072e-107 1.108086942e-132 5.340680957e-164 2.493824979e-184 5.826345225e-210 1.155211278e-257 6.571584831e-280 0 0 0 0 0 0 0 0 0 0 
0 0 0 0 0 0 0 0 0 3.779694031e-298 8.690100512e-261 5.349700356e-230 9.756527538e-199 5.439361828e-169 2.982450554e-132 2.040180811e-123 2.880769454e-94 2.165633144e-82 1.75393865e-81 6.74649106e-77 2.838940439e-77 2.76598907e-76 3.296546133e-76 3.231702122e-76 4.612078622e-76 4.213947845e-76 5.327995242e-76 8.489733536e-76 1.895023397e-75 2.695691538e-76 5.227931805e-76 8.863473906e-77 3.946178243e-76 9.33263074e-76 6.190824319e-76 6.574767246e-76 7.46609687e-76 4.582150873e-76 8.970568613e-76 3.182319304e-76 5.170501927e-77 1.419053936e-78 4.805835031e-83 3.152025345e-97 3.647020647e-117 1.838327638e-147 1.487215994e-161 9.058473562e-205 5.826163538e-240 1.35220505e-255 1.212867604e-315 0 0 0 0 0 0 0 0 0 
0 0 0 0 0 0 0 0 0 3.401221888e-283 6.671963904e-251 3.297150087e-209 4.990015348e-182 2.119663961e-158 3.905382647e-119 6.111672208e-107 4.065111647e-82 5.023639097e-68 1.564225522e-62 4.790985816e-61 2.083953016e-59 3.580417606e-59 5.644469915e-59 8.563608654e-60 1.45359583e-59 2.763782056e-59 1.709515266e-59 1.235604585e-58 3.277268081e-59 8.869276229e-59 1.051576211e-58 3.999405545e-59 6.474705486e-60 1.23380649e-58 8.259718339e-60 4.699201819e-59 1.9192811e-58 4.548175043e-60 1.028875696e-59 1.703611724e-59 3.371413082e-60 2.224194826e-61 1.26281666e-68 5.296904999e-81 1.715989041e-93 2.332557279e-130 6.147632167e-146 1.081699666e-183 2.249380496e-221 5.878451045e-246 1.271809686e-297 0 0 0 0 0 0 0 0 0 
0 0 0 0 0 0 0 0 0 1.193218056e-266 5.127362817e-242 1.521330472e-201 8.23407319e-171 1.827322324e-147 1.061905385e-108 3.998500038e-94 5.080944304e-68 1.837653942e-55 7.738719128e-47 7.955983173e-47 1.696346109e-44 1.197260266e-45 6.069767378e-44 3.18587664e-48 5.071992501e-48 2.562435796e-46 1.674458846e-48 3.69472022e-46 1.551946362e-45 8.951084054e-47 4.11817141e-44 1.36983196e-44 9.509866716e-44 8.390962327e-48 2.141208376e-48 8.267501282e-48 2.219990132e-45 1.660171779e-45 1.006944115e-47 9.748923682e-45 1.287555145e-45 9.402534784e-51 7.875493367e-52 1.17808592e-66 1.777663827e-86 9.47942759e-122 2.600780265e-126 1.048890907e-175 4.004925546e-218 8.504535907e-237 1.880620251e-290 3.494526313e-320 0 0 0 0 0 0 0 0 
0 0 0 0 0 0 0 0 0 4.094737885e-255 8.134608745e-229 3.478929261e-184 4.633571473e-155 2.34110749e-126 5.418981925e-96 1.947259996e-80 3.871291706e-52 5.272744542e-43 2.975431743e-38 4.077320949e-35 1.104121061e-34 1.851222791e-34 2.53410886e-34 2.719843125e-34 3.531213507e-34 3.567810636e-34 1.979903939e-34 2.288542485e-34 4.205574314e-34 6.454185122e-34 9.423582549e-34 2.518734683e-34 5.060848554e-34 7.016834735e-34 1.21070104e-34 2.031625719e-34 4.357662726e-34 1.061698993e-34 1.990484326e-34 9.443702471e-35 3.602035265e-36 9.112976094e-36 1.169114433e-40 1.981936396e-51 4.760898998e-71 7.676048236e-107 1.008763381e-119 1.781125739e-161 3.457000131e-204 4.611939562e-213 1.849279331e-273 0 0 0 0 0 0 0 0 0 
0 0 0 0 0 0 0 0 0 6.337058881e-246 1.102948295e-219 4.229820946e-174 1.245045925e-143 4.185927564e-118 1.357828347e-80 1.521477185e-67 1.698312866e-39 1.123775854e-29 3.339048471e-26 3.459598237e-23 1.470280284e-22 2.343622342e-22 4.643723307e-22 4.519818783e-22 6.032012953e-22 1.094562585e-21 7.563070657e-22 1.923685347e-22 3.328589348e-22 3.920117402e-22 6.100365326e-22 8.138531255e-22 4.022464522e-22 1.071249271e-21 1.492891365e-21 5.778735994e-22 4.169529743e-22 1.826133225e-22 3.114389218e-22 2.015177397e-22 1.673558349e-23 1.391330425e-24 2.08401171e-30 3.501178134e-43 7.542769715e-62 3.706700104e-98 7.777880289e-109 4.096095014e-147 6.773199659e-185 1.554930049e-209 1.107463488e-262 1.82174033e-300 0 0 0 0 0 0 0 0 
0 0 0 0 0 0 0 0 0 4.053082934e-235 9.29327773e-203 3.058096307e-164 2.567949066e-132 1.825265744e-110 7.21478347e-73 1.388213841e-56 1.459617721e-30 2.192059853e-19 2.709486467e-17 1.637717457e-14 3.137091346e-14 2.769064278e-13 2.621495019e-13 3.055852007e-13 3.109300661e-13 6.035897001e-13 3.120291638e-13 5.512103074e-13 4.078694172e-13 4.635991134e-13 2.905458503e-13 5.381292537e-13 3.238317299e-13 4.980360467e-13 4.744291718e-12 3.09723316e-13 2.928445573e-13 1.390862507e-13 2.113188287e-13 1.458445324e-13 1.038518464e-14 2.125707712e-15 8.721370043e-20 1.104144663e-30 3.574943946e-50 7.651757057e-87 8.742032433e-99 1.50080022e-138 3.512544334e-175 1.294883662e-192 1.711933095e-249 5.627284552e-287 0 0 0 0 0 0 0 0 
0 0 0 0 0 0 0 0 0 5.322812599e-229 9.227924008e-193 9.591984381e-158 3.27320098e-124 5.059171125e-92 2.788095715e-63 1.214104474e-47 1.792167525e-23 8.71727597e-12 9.7401517e-08 2.710797471e-05 0.0001911722733 0.0001205070393 0.0001229327396 0.0003997392305 0.0004240188005 0.0002169490011 0.0003896403777 0.0002724225834 0.0002075963907 0.0006646354186 0.0007820292355 0.0003136730768 0.0005250536025 0.0003221686108 0.0002537616454 0.0005164825172 0.000374926194 0.0002668874043 0.000211241575 0.0001894383325 1.108364595e-05 8.443596101e-07 2.723172933e-13 3.489428416e-21 9.500952579e-38 1.789790531e-77 1.243796597e-88 7.329646725e-130 2.388057681e-168 1.618641604e-184 1.123351937e-242 3.580029906e-275 0 0 0 0 0 0 0 0 
0 0 0 0 0 0 0 0 0 5.274897257e-223 4.03156282e-188 3.29304178e-151 1.271573235e-114 3.198458116e-95 8.65103762e-58 3.608297574e-42 6.399177764e-15 4.26776407e-05 0.1309853781 39.84768905 63.61699412 137.7630898 216.2095958 216.3571311 270.4247421 285.1870557 372.5668879 215.022694 351.5179822 305.1079137 368.9992603 275.148339 316.5315723 252.7779885 328.3987817 203.4152343 213.2053049 161.074146 85.44690661 50.49111433 10.85703601 1.047565868 3.253758851e-06 6.733751946e-17 5.100183113e-34 1.486457047e-68 3.33172709e-84 6.208641401e-122 9.602451322e-159 2.62539203e-182 6.774251442e-237 9.533349264e-275 0 0 0 0 0 0 0 0 
0 0 0 0 0 0 0 0 0 7.465226428e-219 5.297738958e-183 2.374079585e-145 3.004251686e-112 6.393991702e-89 1.229211989e-54 2.907735259e-40 2.679670125e-12 0.007675729099 74.79278304 10647.61565 21743.22911 46909.53482 63854.65706 83998.72086 91798.96486 94585.7374 110418.6207 105677.3549 115346.8181 116808.871 113975.0399 102823.132 113398.8841 119822.8107 115211.2528 105562.4355 93848.99092 61718.0709 46207.89207 22162.76274 2522.178171 260.9902307 0.02771940944 9.748422464e-15 2.184538525e-30 3.048606497e-67 1.075201475e-79 1.842259534e-120 3.327594542e-157 5.42817605e-175 5.208679367e-228 2.97025204e-271 0 0 0 0 0 0 0 0 
0 0 0 0 0 0 0 0 0 1.693177181e-218 2.21533667e-183 7.006234523e-146 4.740344651e-115 1.430758566e-87 1.048404593e-53 6.965027612e-39 9.889987267e-12 0.08812864568 84.43710987 61657.10379 177180.4022 422493.4896 777400.9282 923465.178 1069055.901 1025444.069 1159463.578 1169519.378 1146147.477 1227589.139 1226258.65 1191446.275 1250763.345 1161987.607 1168345.437 1006206.187 1024289.625 639760.9668 461950.014 237505.4889 17133.18367 1195.48208 0.04361825295 7.925689817e-14 9.522327796e-29 6.795243964e-69 9.725725559e-82 1.301425984e-123 2.6474339e-157 1.162837226e-174 8.938293705e-232 8.816069028e-265 0 0 0 0 0 0 0 0 
0 0 0 0 0 0 0 0 0 6.229737599e-220 1.130650718e-184 1.207002454e-145 1.66781633e-115 1.023571927e-87 1.195405883e-53 7.085500883e-39 1.858919087e-12 0.1570473976 266.3726409 128137.736 395332.3844 1083547.375 2248780.431 2730943.126 3442400.191 3478089.355 3673459.344 3655605.768 3792492.216 3986507.602 3715032.05 4023568.849 3834833.768 3555776.677 3598975.396 3204838.696 3005080.4 1671294.829 1128428.274 571858.9645 27639.83894 2717.214878 0.05981982599 1.147833306e-13 6.389810484e-29 2.38437104e-64 8.521756705e-80 3.172404341e-111 1.525457388e-158 7.119139701e-179 7.136499745e-230 6.924528247e-272 0 0 0 0 0 0 0 0 
0 0 0 0 0 0 0 0 0 3.030989358e-221 4.981623776e-186 2.397037386e-146 3.301865645e-111 2.928013872e-87 2.961471771e-55 2.06316089e-37 3.37781035e-12 0.1520422342 388.9234135 165287.7185 535594.2852 1705999.467 3862524.541 4462023.908 6781872.375 6870972.101 7482579.521 8023010.987 7824151.394 8136118.645 7730140.81 7897411.84 7529497.268 7165282.418 7494933.796 6339553.049 5622065.43 2713004.978 1678814.024 749987.4411 40227.82946 3387.479759 0.07120705138 9.625960443e-14 3.449158426e-29 4.823374812e-64 4.851671042e-80 1.026781235e-113 1.902497287e-157 4.749702085e-177 1.873788295e-230 2.022682307e-263 0 0 0 0 0 0 0 0 
0 0 0 0 0 0 0 0 0 8.020849219e-217 4.614254418e-184 1.139055069e-146 1.281403132e-113 3.336422476e-85 7.927526261e-52 2.78874505e-37 3.65097066e-11 0.08888134293 502.54645 198899.5 594448.6354 2128285.052 5216097.861 6400137.688 10321006.27 11061835.07 12433587.74 12618222.76 12924037.3 13001148.95 12717277.94 12622693.75 12417979.34 11637446.51 11886588.4 8960095.21 8799043.982 3631646.39 2120507.826 941909.318 50623.73209 5142.491793 0.1271954009 6.334169633e-14 6.906354857e-32 3.537679512e-61 4.423049787e-80 2.875154009e-122 5.726371849e-156 6.478071336e-180 3.991889328e-229 4.943031428e-264 0 0 0 0 0 0 0 0 
0 0 0 0 0 0 0 0 0 4.428926259e-217 2.480307712e-186 7.188083743e-146 5.064546381e-112 6.128883243e-90 2.427798077e-52 1.559876322e-38 1.755932976e-11 0.0738574585 510.4706723 214423.2519 682680.1368 2498244.549 6515228.585 7501351.081 13357077.07 13660343.7 15585498.16 15950009.92 15776955.14 16173290.79 16358035.83 16626119.8 16155127.83 15305108.13 14905719.37 11008309.83 10742292.75 4454185.817 2478456.839 1073626.963 55891.24541 5723.682994 0.07820717979 4.743637417e-13 1.186528368e-30 7.017394269e-65 8.263678708e-79 4.422741638e-124 3.554036968e-156 8.368523353e-174 1.053758386e-227 0 0 0 0 0 0 0 0 0 
0 0 0 0 0 0 0 0 0 1.729331232e-215 2.4496189e-184 3.011547078e-148 2.171663028e-111 6.194913481e-86 2.129201284e-53 1.519600618e-37 6.066972731e-11 0.2450536205 467.5581464 234242.89 753217.1824 2788141.409 7298894.892 8528463.204 15165977.81 15384000.36 17790214.36 18557136.55 18605122.9 18690351.47 18501270.34 17623153.4 18497228.42 17107081.04 16829149.5 12352725.23 12225825.14 4865537.84 2785002.775 1132049.065 56289.44533 5077.25534 0.08990417189 7.68631575e-13 1.792619275e-31 7.614328415e-66 6.436312645e-81 3.085636771e-123 2.281227336e-154 5.099220002e-175 1.63341467e-229 1.941885232e-264 0 0 0 0 0 0 0 0 
0 0 0 0 0 0 0 0 0 5.800407563e-218 7.104095382e-185 4.113641132e-146 4.545493725e-113 8.199344957e-88 5.072684146e-54 5.551251194e-39 1.347442173e-12 0.03666047173 561.9625865 244699.4815 747457.5788 2725467.683 7489303.366 8936923.151 15898590.88 16521310.58 19140938.74 19930206.9 19572604.5 20888663.14 19853175.82 20369263.32 19493123.71 18993551.5 18318165.61 13071512.57 12970281.47 5352574.976 2694364.7 1164330.174 58486.93207 5752.057467 0.01991078632 5.486906243e-14 2.373590419e-31 1.397454859e-70 6.224973904e-81 7.309084523e-115 4.310364621e-158 7.73448696e-179 3.830706932e-230 0 0 0 0 0 0 0 0 0 
0 0 0 0 0 0 0 0 0 2.24191404e-217 2.176183917e-186 8.375125687e-148 1.486394769e-113 5.26859213e-88 2.622716708e-56 2.199537054e-37 1.886012008e-11 0.1468312049 616.6854662 241108.9417 763325.4992 2839284.335 7629415.839 8992739.892 16621751.43 16663100.75 19235764.12 20483119.59 20238775.4 20229718.35 20328828.21 20842568.91 19307531.34 19220009.48 19162719.73 13464769.84 13027485.04 5222938.349 2800091.223 1110804.481 59120.41824 4906.624963 0.1377425556 1.203054166e-13 2.906942412e-31 1.091574924e-65 9.915334363e-81 7.528880815e-112 2.282107213e-155 6.420509069e-183 5.022706646e-231 6.968343892e-265 0 0 0 0 0 0 0 0 
0 0 0 0 0 0 0 0 0 1.030837258e-218 2.195420816e-183 7.431847911e-146 8.932561288e-111 9.606062999e-87 6.502745182e-54 8.067834878e-38 2.910467217e-12 0.4654781792 662.0640856 272322.5523 759828.9128 2890206.773 7587377.822 8819241.795 16516010.94 16674111.35 19001711.13 20481287.05 20078746.49 20047552.33 21029217.1 20286431.66 20501696.68 19522626.32 18956521.97 13525618.97 13221196.27 5333034.729 2896968.927 1221140.167 54992.33105 5612.947208 0.01252097957 5.399260473e-14 6.225832053e-32 8.8042805e-66 4.200160652e-78 6.677070413e-122 7.118350368e-159 9.330993032e-174 9.085228673e-228 0 0 0 0 0 0 0 0 0 
0 0 0 0 0 0 0 0 0 3.861534911e-217 1.326229692e-184 1.406331039e-146 2.72757672e-112 7.230666651e-90 1.700545448e-52 2.171813309e-37 6.71829074e-11 0.3097132082 558.0307323 272797.4779 785251.5667 2814429.702 7873857.722 9346244.743 16903572.4 17064669.96 19068948.69 20342848.39 20634225.33 21027154.38 20549130.79 21304930.26 19829107.39 19361889.28 18921927.89 13568760.4 13433716.73 5067602.32 2836358.663 1190045.969 60887.49303 6196.905403 0.0863534145 3.625076052e-13 2.328734303e-30 2.731498807e-66 6.027288893e-81 3.139015279e-114 3.8409705e-155 2.580885945e-175 2.564470575e-227 7.845349043e-268 0 0 0 0 0 0 0 0 
0 0 0 0 0 0 0 0 0 4.427924911e-216 1.843951063e-185 1.320880434e-148 3.08993722e-112 1.77030408e-85 6.673481683e-54 1.668120206e-38 1.96563947e-11 0.2264367161 716.3527855 242331.3759 815522.6769 2967959.424 7857077.306 9534678.734 16641093.55 16898446.9 19653344.03 20302599.8 20485530.19 21213075.21 20958795.07 21026813.75 20530309.26 19435385.46 19275523.06 13533938.06 13525735.53 5124896.422 2747557.368 1178000.267 63735.91245 6525.700567 0.1368510309 5.531148198e-13 8.356760221e-33 5.700234373e-66 1.198905897e-80 1.117715429e-122 1.056187602e-157 1.117967636e-178 3.362658827e-229 0 0 0 0 0 0 0 0 0 
0 0 0 0 0 0 0 0 0 4.188312252e-216 1.752242604e-185 2.968022434e-148 2.345092428e-114 1.164845657e-86 5.912067203e-54 1.51202467e-37 1.837572536e-11 0.2310952039 556.9638809 232774.5923 786590.9151 2912281.605 7988575.214 9088656.582 16572691.17 17401198.9 19622228.64 19932487.45 20708909.3 20899596.63 20785136.23 21147234.41 20412233.69 19139557.43 19464075.55 13655885.69 13475197.02 5312689.475 2932764.868 1225784.395 57498.73289 5237.854554 0.08518001574 9.223029794e-14 2.294290405e-28 1.202049791e-65 8.803593211e-80 7.306511057e-118 8.508169388e-155 2.620108014e-174 9.5965729e-228 4.477666085e-267 0 0 0 0 0 0 0 0 
0 0 0 0 0 0 0 0 0 1.64487044e-216 2.794669512e-184 1.895479426e-145 5.45915574e-112 2.237744765e-87 4.916342638e-52 9.026799525e-37 1.754528864e-12 0.1729141459 908.0283519 240141.0721 811733.7238 2970091.551 7656721.204 9062193.283 16493869.96 17070282.15 19316320.37 20761694.78 20745451.08 20414233.56 20747973.44 20442577.29 20513001.71 19331213.96 18863370.18 13683940.01 13316122.43 5242548.35 2841094.885 1217103.97 59905.08216 4920.438243 0.195111241 7.659989118e-13 1.223194673e-27 5.089299908e-66 7.885808522e-81 2.875726244e-114 5.350296552e-157 2.003045814e-175 1.483822399e-231 1.475104044e-269 0 0 0 0 0 0 0 0 
0 0 0 0 0 0 0 0 0 5.920888915e-218 1.862230297e-183 3.214093121e-144 1.341782115e-111 2.798228637e-86 9.184572372e-57 4.952830703e-38 5.768291729e-12 0.1810178973 379.8997395 245246.9957 765933.8663 2890731.769 7963187.035 9321358.488 16433333.8 17546361.2 19314252.07 19850629.35 20087322.39 21310195.64 20132529.83 20700853.74 19895604.54 18765245.45 18342194.53 13261694.64 12971880.79 5223499.421 2804210.986 1246923.359 59297.99238 5832.618009 0.07133551373 2.339158074e-13 4.0293858e-28 4.747390208e-65 1.519895168e-80 4.683310553e-122 5.881574882e-159 2.606503779e-175 4.833620968e-231 6.46173369e-267 0 0 0 0 0 0 0 0 
0 0 0 0 0 0 0 0 0 2.031743324e-217 8.523334672e-185 3.376928461e-146 6.928367152e-111 3.751170539e-86 6.118032744e-56 2.48252487e-36 1.201719626e-12 0.1403598905 707.6240748 259648.1973 781849.8515 2769006.765 7653822.297 9286746.594 16503535.5 16884663.46 19036786.88 20311699.53 20753408.88 21317916.14 19874628.51 20101788.45 20327429.94 19024755.95 18796854.65 13334686.88 12669884.44 5088403.584 2936032.048 1272715.897 62735.3125 6357.364202 0.05198686844 2.424333891e-13 6.141120284e-32 3.888554109e-69 7.765411856e-78 5.76058602e-115 4.478984185e-152 6.163970858e-180 2.411747827e-231 0 0 0 0 0 0 0 0 0 
0 0 0 0 0 0 0 0 0 1.270295358e-214 2.12774712e-183 3.87806809e-146 4.91256096e-112 1.715575391e-88 9.810204027e-54 3.908295768e-37 7.819525559e-12 0.2169369615 496.725186 252396.1719 754890.124 2914923.717 7669083.829 9124347.052 16059530.37 16203176.02 18571269.54 19862132.85 20214384.47 20372117.44 20354511.62 19924788.38 19965752.12 18690592.72 18755327.45 13553712.41 12787388.64 5280593.263 2976516.691 1174494.335 62085.71823 5242.720899 0.1213483708 7.201628844e-14 2.825875429e-33 3.330180747e-58 8.816155177e-82 1.701746018e-114 6.214371384e-156 1.688159253e-173 1.530227618e-230 9.963562623e-267 0 0 0 0 0 0 0 0 
0 0 0 0 0 0 0 0 0 9.523004579e-219 8.369189008e-186 6.478136716e-149 5.65490794e-114 5.810917261e-84 5.210196282e-53 4.709973578e-39 1.270066496e-11 0.05612158408 657.6228179 262261.8463 740102.7225 2774555.315 7395033.719 8336007.442 15658611.04 15361309.12 17861357.9 18288251.07 18672412.05 18934361.51 18274051.87 18508113.67 18011545.05 17165358.85 17166506.13 12201548.4 11972288.62 4814815.279 2653295.667 1208145.521 52835.8616 4979.02981 0.02384501337 1.084885063e-14 3.34119382e-31 1.170243503e-66 4.060619603e-79 3.402882794e-110 4.220416682e-156 9.805510155e-177 4.72719726e-231 2.469637842e-265 0 0 0 0 0 0 0 0 
0 0 0 0 0 0 0 0 0 3.656551943e-218 1.253585322e-183 2.678435626e-148 4.6092832e-111 2.537390486e-89 1.977097645e-54 1.126423457e-38 3.483067976e-11 0.170751583 340.9136216 231602.6503 701188.9063 2495485.7 6577607.524 7608077.061 13217922.87 13541756.01 15616140.49 15977044.86 16235566.06 16516406.75 15875849.92 16613086.49 15814505.36 15438363.19 15126643.69 10869813.02 10504862.05 4520692.064 2459613.007 1127243.122 50548.35187 4565.874458 0.08557233666 3.201696883e-13 2.248381309e-31 6.100664753e-66 9.663820553e-80 3.024139318e-116 4.02164606e-159 1.042742595e-177 1.910413335e-226 3.858265799e-266 0 0 0 0 0 0 0 0 
0 0 0 0 0 0 0 0 0 6.632273457e-218 4.585413855e-183 2.233910069e-145 3.423441551e-112 3.312733885e-90 5.0087163e-54 3.866997148e-39 1.04504376e-11 0.08888449856 603.7539933 191731.7657 588949.5754 2142472.785 5390499.643 6281552.836 10598650.43 10898529.27 12161329.22 13105895.41 13353429.68 13040558.35 12844350.81 13100458.91 12538204.33 12162206.84 11974183.54 8924206.015 8782417.628 3785921.296 2111143.848 896859.1454 48417.2903 4702.397123 0.2202229405 1.302729377e-13 1.157826306e-32 5.139460175e-58 3.80662132e-80 4.595550428e-114 2.408953805e-154 1.75954896e-179 6.541703087e-230 6.113343443e-265 0 0 0 0 0 0 0 0 
0 0 0 0 0 0 0 0 0 5.332166293e-215 3.577325204e-186 2.009046572e-147 1.44373772e-112 1.192408875e-85 5.992671249e-53 9.206141152e-39 3.715248184e-12 0.07142682035 430.186876 159672.0592 495676.3716 1691576.549 3985193.067 4604195.758 6692596.79 6660281.1 7596026.66 7670735.099 7909330.864 7681036.525 7746842.996 7630364.686 7555122.551 7207093.785 7275932.374 6286821.024 5833228.496 2942921.904 1774535.214 800000.3005 37435.33934 3695.544153 0.01391108244 3.581476055e-14 1.186076409e-32 3.551123607e-65 3.027749512e-81 2.539976662e-111 9.674419472e-156 7.981644196e-175 2.466567455e-230 8.287040436e-270 0 0 0 0 0 0 0 0 
0 0 0 0 0 0 0 0 0 1.485469338e-219 6.299753295e-185 1.140281777e-145 3.849198001e-112 1.338422288e-89 1.34436408e-55 5.124103364e-38 9.854011647e-12 0.05071638697 168.753014 131275.7853 381182.9955 1098813.328 2226206.203 2620448.884 3505795.069 3399144.327 3704468.353 3816294.083 3621404.553 3716270.67 3927683.288 3847164.174 3683555.279 3621978.737 3787965.285 3150779.458 2991225.971 1714513.302 1079364.641 538563.0339 29940.44369 2111.982463 0.01954913574 2.386131503e-13 1.258498256e-31 1.559936335e-65 5.710167807e-81 2.704736768e-112 3.111996133e-158 5.007497945e-175 2.645850438e-229 1.845329078e-266 0 0 0 0 0 0 0 0 
0 0 0 0 0 0 0 0 0 6.959299486e-215 2.757559676e-184 2.757090927e-150 5.342244417e-114 6.771430095e-86 1.256672581e-55 1.878302745e-38 9.361406742e-13 0.03138548952 231.3667724 64843.05195 185976.216 457454.4819 721437.89 896441.8561 1130260.528 1058041.945 1136490.384 1147995.53 1235433.081 1281661.965 1118983.385 1178629.762 1176181.168 1122607.164 1197125.943 1038704.07 994753.9346 617214.6476 436584.5394 225363.619 16446.15328 1621.462745 0.1552016323 8.623978452e-15 1.637921504e-30 1.317741682e-66 1.615695546e-80 5.379930563e-122 1.42379661e-154 1.301464374e-174 1.647832958e-232 9.748979123e-269 0 0 0 0 0 0 0 0 
0 0 0 0 0 0 0 0 0 6.259000607e-216 2.145307592e-184 4.663255375e-148 8.284657645e-118 1.755671586e-88 5.838636302e-55 1.325175706e-40 6.813837472e-13 0.02197057421 19.07695505 10106.72235 21544.08281 43751.75609 81690.8967 84722.19581 97827.19119 108453.7484 115688.8909 112895.4383 125279.6352 119354.0814 116314.0473 116518.8134 105623.2157 119125.0858 113800.9788 91233.76749 98498.77287 65763.8215 50670.6922 27979.13326 2948.049535 286.6465793 0.003183944592 8.700664285e-16 1.805076121e-31 1.122539706e-69 2.498384214e-82 2.830461848e-119 6.999552293e-158 6.081749944e-181 1.970965355e-232 0 0 0 0 0 0 0 0 0 
0 0 0 0 0 0 0 0 0 2.775054494e-219 1.858708114e-188 2.996226334e-152 2.794706083e-116 3.410649826e-91 2.172069615e-58 4.101019489e-43 6.073723442e-16 2.629665558e-05 0.08734851204 23.89429151 63.94801919 135.8898904 234.7248926 265.6436469 376.0035591 351.1086975 204.0613884 254.3972549 273.2763995 229.9838593 266.2873754 323.8183294 272.1835928 251.4518315 333.4183461 236.1763639 269.5314147 149.7470701 112.6149978 69.85016315 7.04449326 0.4875958249 1.954876809e-05 8.425650561e-16 3.013857747e-32 6.82097414e-72 3.691900007e-86 2.107617483e-122 1.437463884e-156 3.022686286e-178 1.427556236e-233 0 0 0 0 0 0 0 0 0 
0 0 0 0 0 0 0 0 0 2.111769827e-228 3.897944536e-193 9.668680362e-160 3.622707714e-125 1.454096508e-98 5.452014703e-64 3.9423808e-49 3.06722292e-23 5.308270769e-11 1.411100571e-08 4.298845861e-05 8.601393484e-05 0.0001450142094 0.0004722904957 0.0004242395444 0.0004626875871 0.0003355764715 0.0003803935974 0.0002596039355 0.000221008778 0.000227219343 0.0004489693994 0.0005001488943 0.0004764962353 0.0003433567925 0.0002337164905 0.0002764936315 0.0007238681753 0.0003181091162 0.0002005097955 0.0001299862393 1.444355998e-05 1.154127969e-06 2.575894342e-11 1.195269044e-22 1.357072862e-41 1.055856036e-77 8.051295484e-90 2.906393265e-124 7.861817075e-167 5.755147288e-187 4.735204174e-236 3.641604183e-280 0 0 0 0 0 0 0 0 
0 0 0 0 0 0 0 0 0 1.825260155e-240 1.163377961e-205 1.941577998e-164 2.965750558e-133 1.377050627e-108 7.026352792e-72 2.237847398e-55 1.520296932e-30 7.586588886e-21 2.051428077e-17 4.702590155e-14 4.525407512e-14 6.99643121e-14 3.011466923e-13 1.855619388e-13 2.862128922e-13 2.110348969e-13 3.736385746e-13 5.644248395e-13 2.720084111e-13 2.550902478e-13 1.172929627e-11 5.313535393e-13 3.218254372e-13 4.127932769e-13 2.931036204e-13 4.068967027e-13 3.819038994e-13 9.224737786e-14 1.87923469e-13 1.26580148e-13 1.199828171e-14 4.734679389e-15 1.56744308e-21 2.248607965e-31 8.150759628e-53 7.652579798e-87 2.948180464e-98 6.232787305e-134 3.343630338e-171 7.534843332e-200 1.533981456e-247 2.288876375e-284 0 0 0 0 0 0 0 0 
0 0 0 0 0 0 0 0 0 3.707438067e-244 3.418990309e-215 1.001128459e-181 9.372554013e-139 2.631880622e-118 4.904194543e-82 2.038876843e-65 5.403827767e-40 8.868605104e-31 1.424004344e-23 1.552808578e-22 2.216574011e-22 1.015415625e-22 1.041812001e-21 1.125992089e-22 4.443209376e-22 1.137982494e-22 2.260355309e-22 4.381856111e-22 1.442429673e-22 8.818885829e-22 3.55883511e-22 2.870530376e-22 1.228519964e-21 8.235461158e-23 5.038628007e-22 3.627655825e-22 5.249830928e-22 2.478199559e-22 3.319367227e-22 1.603163611e-22 1.108151958e-23 3.84945938e-24 4.385828683e-33 2.066287303e-45 1.771258467e-64 3.084221529e-97 2.95609905e-109 5.136993061e-154 4.315202755e-183 3.705648904e-202 1.032759861e-261 0 0 0 0 0 0 0 0 0 
0 0 0 0 0 0 0 0 0 5.643798676e-256 3.028335311e-223 5.646345354e-187 7.392067166e-158 2.033127133e-133 2.109254831e-98 3.677466931e-79 4.306707829e-50 3.215844836e-40 2.084135657e-38 6.06087571e-35 1.963516056e-34 1.988533379e-34 2.236761976e-34 1.598758831e-34 1.364046204e-34 9.203394926e-34 6.047316005e-34 5.376852179e-34 5.27658488e-34 7.888452037e-34 5.271453719e-34 3.051449677e-34 6.453510246e-34 5.930080567e-34 3.71920758e-34 3.144555651e-34 4.02077346e-34 1.214503622e-34 2.130245879e-34 2.000061903e-34 4.247511496e-35 1.58916488e-36 6.109504048e-40 4.49438281e-55 3.176620937e-70 2.071378321e-107 2.786805241e-121 2.147310516e-166 7.084614844e-198 2.402510025e-218 1.822894464e-268 4.890422697e-305 0 0 0 0 0 0 0 0 
0 0 0 0 0 0 0 0 0 5.354606833e-272 4.95949554e-242 1.544162869e-201 1.04167413e-169 7.799675948e-149 6.651365098e-109 8.659799714e-91 2.150276648e-67 2.188398334e-51 1.687092782e-51 6.568433926e-50 1.469074954e-46 3.286497028e-48 6.095842524e-45 2.072498417e-45 3.71242467e-44 8.855424393e-44 6.3037792e-48 3.875134641e-44 6.477791651e-45 4.011836084e-44 1.283375529e-44 2.258664863e-48 1.517586096e-48 2.638388815e-45 1.703721078e-44 7.306627984e-49 5.723847003e-47 1.377768673e-45 1.704265529e-44 2.326121142e-49 1.049644915e-47 1.201667314e-50 7.47749952e-56 8.720212622e-64 1.282444375e-86 1.455773332e-118 2.217058603e-135 7.286672326e-174 6.667260427e-210 3.738314928e-228 7.883848947e-286 0 0 0 0 0 0 0 0 0 
0 0 0 0 0 0 0 0 0 5.632919758e-282 3.746873237e-253 8.96099629e-210 2.022210239e-184 8.76739385e-159 1.901355764e-126 4.892058674e-106 2.878703145e-79 2.577341491e-64 4.727312455e-63 2.089108381e-59 2.484476673e-60 4.275347048e-60 2.344209722e-59 5.963939976e-59 5.849410034e-59 5.620556221e-60 3.114307522e-59 4.335209832e-59 2.487771474e-59 1.2078775e-58 8.478687975e-59 4.813981527e-59 8.686698373e-60 2.990290147e-59 2.25336802e-59 6.566866855e-60 5.330308753e-59 1.719085858e-59 1.599369292e-59 4.874465314e-59 2.045284784e-60 7.260695511e-63 2.88301706e-65 2.551803238e-79 3.977415476e-99 1.198454924e-126 3.561997502e-151 5.092768317e-186 1.514827907e-219 2.762220549e-244 2.293054642e-295 0 0 0 0 0 0 0 0 0 
0 0 0 0 0 0 0 0 0 1.400410828e-300 4.29398369e-267 1.973720738e-234 5.871119915e-200 9.386572764e-173 2.216791376e-137 3.623911584e-118 1.232564785e-94 2.078832296e-83 4.698018351e-79 5.244488989e-77 1.473266962e-76 1.28698912e-76 5.656841853e-76 4.386111487e-76 4.981447606e-76 1.118261058e-76 5.107169459e-76 6.349907283e-76 7.130980985e-76 2.878424194e-76 5.499549411e-76 1.395631735e-75 8.997990362e-76 9.942720421e-76 1.31688087e-75 1.688992697e-75 5.041753897e-76 6.019335957e-76 6.344528162e-76 3.834372613e-77 6.156147589e-77 6.495948004e-79 6.226260141e-83 2.41545847e-94 2.364234828e-116 1.760294877e-156 2.376967466e-163 4.996786838e-200 2.268772859e-238 6.353691774e-257 7.864027962e-312 0 0 0 0 0 0 0 0 0 
0 0 0 0 0 0 0 0 0 9.451507377e-308 4.123371949e-285 7.090831041e-248 7.795122978e-219 1.632662957e-186 1.507594612e-157 7.171137494e-135 6.13021905e-103 4.951035032e-99 1.145863702e-91 7.740033152e-89 2.762791818e-90 2.666919673e-90 5.108566183e-88 3.641641275e-91 1.084174451e-89 1.943629379e-89 2.125366516e-88 1.235877149e-88 6.44364482e-88 8.301503611e-89 3.138386244e-89 1.121663643e-88 6.525665444e-89 2.384352519e-89 1.110123846e-88 1.100456142e-88 4.539384298e-88 2.582362326e-90 2.364296789e-90 1.747806506e-89 4.804603954e-91 1.220570943e-91 2.083331059e-104 2.710625871e-115 3.878317265e-134 3.33310359e-165 3.299429722e-182 1.078608832e-221 3.134068102e-256 4.315330563e-278 0 0 0 0 0 0 0 0 0 0 
0 0 0 0 0 0 0 0 0 0 2.866088273e-295 1.730438206e-265 9.36425133e-231 6.062314028e-197 4.459929056e-168 1.582205684e-153 2.435398289e-123 2.465427995e-118 1.463641399e-110 1.899525995e-108 1.151933236e-108 3.128710059e-108 1.967751952e-107 4.615294629e-107 1.926923078e-107 3.600925016e-108 5.70462558e-108 2.537012263e-107 4.175515398e-107 3.976744927e-108 2.107896824e-107 1.423667775e-107 2.927484294e-107 1.516539943e-107 9.710952073e-108 1.259719009e-107 4.074621286e-107 5.426704233e-108 1.073872703e-108 1.673162459e-107 1.539574121e-108 4.763392274e-110 2.095966766e-116 1.114335004e-126 4.186329449e-144 3.056625647e-177 1.623101619e-192 1.654129622e-238 2.002805237e-273 1.458741467e-296 0 0 0 0 0 0 0 0 0 0 
0 0 0 0 0 0 0 0 0 0 0 0 0 0 0 0 0 0 0 0 0 0 0 0 0 0 0 0 0 0 0 0 0 0 0 0 0 0 0 0 0 0 0 0 0 0 0 0 0 0 0 0 0 0 0 0 0 0 0 0 
0 0 0 0 0 0 0 0 0 0 0 0 0 0 0 0 0 0 0 0 0 0 0 0 0 0 0 0 0 0 0 0 0 0 0 0 0 0 0 0 0 0 0 0 0 0 0 0 0 0 0 0 0 0 0 0 0 0 0 0 
0 0 0 0 0 0 0 0 0 0 0 0 0 0 0 0 0 0 0 0 0 0 0 0 0 0 0 0 0 0 0 0 0 0 0 0 0 0 0 0 0 0 0 0 0 0 0 0 0 0 0 0 0 0 0 0 0 0 0 0 
0 0 0 0 0 0 0 0 0 0 0 0 0 0 0 0 0 0 0 0 0 0 0 0 0 0 0 0 0 0 0 0 0 0 0 0 0 0 0 0 0 0 0 0 0 0 0 0 0 0 0 0 0 0 0 0 0 0 0 0 
0 0 0 0 0 0 0 0 0 0 0 0 0 0 0 0 0 0 0 0 0 0 0 0 0 0 0 0 0 0 0 0 0 0 0 0 0 0 0 0 0 0 0 0 0 0 0 0 0 0 0 0 0 0 0 0 0 0 0 0 
0 0 0 0 0 0 0 0 0 0 0 0 0 0 0 0 0 0 0 0 0 0 0 0 0 0 0 0 0 0 0 0 0 0 0 0 0 0 0 0 0 0 0 0 0 0 0 0 0 0 0 0 0 0 0 0 0 0 0 0 
0 0 0 0 0 0 0 0 0 0 0 0 0 0 0 0 0 0 0 0 0 0 0 0 0 0 0 0 0 0 0 0 0 0 0 0 0 0 0 0 0 0 0 0 0 0 0 0 0 0 0 0 0 0 0 0 0 0 0 0 
0 0 0 0 0 0 0 0 0 0 0 0 0 0 0 0 0 0 0 0 0 0 0 0 0 0 0 0 0 0 0 0 0 0 0 0 0 0 0 0 0 0 0 0 0 0 0 0 0 0 0 0 0 0 0 0 0 0 0 0 
# Errors [DivMonGuideExit/divguide.dat] I_err:
0 0 0 0 0 0 0 0 0 0 0 0 0 0 0 0 0 0 0 0 0 0 0 0 0 0 0 0 0 0 0 0 0 0 0 0 0 0 0 0 0 0 0 0 0 0 0 0 0 0 0 0 0 0 0 0 0 0 0 0 
0 0 0 0 0 0 0 0 0 0 0 0 0 0 0 0 0 0 0 0 0 0 0 0 0 0 0 0 0 0 0 0 0 0 0 0 0 0 0 0 0 0 0 0 0 0 0 0 0 0 0 0 0 0 0 0 0 0 0 0 
0 0 0 0 0 0 0 0 0 0 0 0 0 0 0 0 0 0 0 0 0 0 0 0 0 0 0 0 0 0 0 0 0 0 0 0 0 0 0 0 0 0 0 0 0 0 0 0 0 0 0 0 0 0 0 0 0 0 0 0 
0 0 0 0 0 0 0 0 0 0 0 0 0 0 0 0 0 0 0 0 0 0 0 0 0 0 0 0 0 0 0 0 0 0 0 0 0 0 0 0 0 0 0 0 0 0 0 0 0 0 0 0 0 0 0 0 0 0 0 0 
0 0 0 0 0 0 0 0 0 0 0 0 0 0 0 0 0 0 0 0 0 0 0 0 0 0 0 0 0 0 0 0 0 0 0 0 0 0 0 0 0 0 0 0 0 0 0 0 0 0 0 0 0 0 0 0 0 0 0 0 
0 0 0 0 0 0 0 0 0 0 0 0 0 0 0 0 0 0 0 0 0 0 0 0 0 0 0 0 0 0 0 0 0 0 0 0 0 0 0 0 0 0 0 0 0 0 0 0 0 0 0 0 0 0 0 0 0 0 0 0 
0 0 0 0 0 0 0 0 0 0 0 0 0 0 0 0 0 0 0 0 0 0 0 0 0 0 0 0 0 0 0 0 0 0 0 0 0 0 0 0 0 0 0 0 0 0 0 0 0 0 0 0 0 0 0 0 0 0 0 0 
0 0 0 0 0 0 0 0 0 0 0 0 0 0 0 0 0 0 0 0 0 0 0 0 0 0 0 0 0 0 0 0 0 0 0 0 0 0 0 0 0 0 0 0 0 0 0 0 0 0 0 0 0 0 0 0 0 0 0 0 
0 0 0 0 0 0 0 0 0 0 0 0 0 0 0 4.966478437e-150 1.225352546e-128 4.816699785e-118 3.122423295e-112 2.472134322e-110 8.184931586e-109 1.172335116e-107 1.956151691e-108 9.009681633e-109 1.199451451e-107 1.351167481e-107 9.758917277e-109 3.042048621e-108 8.098163342e-109 2.120481198e-107 7.802136351e-108 3.31753445e-108 7.627708116e-108 3.534700232e-107 2.033877916e-107 1.494614401e-107 7.584848255e-109 1.554441781e-107 1.134968539e-107 1.264749667e-108 1.135565758e-108 1.909706513e-111 1.253723004e-112 4.050690999e-125 2.285879391e-153 0 0 0 0 0 0 0 0 0 0 0 0 0 0 0 
0 0 0 0 0 0 0 0 0 0 0 0 0 0 7.458721764e-146 4.363988931e-133 3.263844161e-116 2.87741315e-102 2.074365044e-96 3.502855022e-90 8.277606846e-89 1.520784922e-89 2.238154354e-87 9.54137063e-89 1.777176886e-88 7.758115084e-89 2.370136935e-89 4.473756986e-89 4.570405322e-89 4.562649981e-89 2.297794065e-88 4.272659224e-89 6.640926072e-89 2.236232236e-88 2.171345746e-89 1.008847133e-91 1.33490173e-91 4.739478384e-88 1.634518888e-90 8.756411747e-91 1.286893079e-90 1.163530019e-91 4.849897511e-102 2.729350237e-107 8.318063322e-133 0 0 0 0 0 0 0 0 0 0 0 0 0 0 0 
0 0 0 0 0 0 0 0 0 0 0 0 0 0 2.985630076e-132 1.157018912e-123 2.080612841e-94 1.981903625e-82 8.988978515e-82 3.70711917e-77 1.601608823e-77 1.137849992e-76 2.210074249e-76 1.583705847e-76 2.0261439e-76 3.947388549e-76 2.914186369e-76 3.94542135e-76 9.1859295e-76 1.372545598e-76 3.636375115e-76 5.272352349e-77 1.859167848e-76 5.085170966e-76 3.697558184e-76 2.916839131e-76 4.533962694e-76 2.967975325e-76 4.481796671e-76 1.727730977e-76 3.33549225e-77 1.153289075e-78 4.667733309e-83 2.033111757e-97 1.908831652e-117 1.840221461e-147 1.196992219e-161 0 0 0 0 0 0 0 0 0 0 0 0 0 
0 0 0 0 0 0 0 0 0 0 0 0 0 1.687912547e-158 3.840147036e-119 4.945828295e-107 2.628688358e-82 3.484347122e-68 1.41631722e-62 2.484526909e-61 1.090404129e-59 3.156977817e-59 4.330180768e-59 4.471184764e-60 7.064438364e-60 1.551438063e-59 1.441205096e-59 5.415502517e-59 1.391893481e-59 4.661617376e-59 7.175753908e-59 2.160454193e-59 3.625288787e-60 8.847109311e-59 3.919957899e-60 2.457491396e-59 8.88549725e-59 2.386891776e-60 8.774829754e-60 9.359953518e-60 2.463166401e-60 2.212907975e-61 8.066735234e-69 5.130461781e-81 1.717047138e-93 2.334208202e-130 5.978998392e-146 0 0 0 0 0 0 0 0 0 0 0 0 0 
0 0 0 0 0 0 0 0 0 0 0 0 0 1.606055346e-147 1.042550938e-108 3.580184946e-94 4.84994063e-68 1.323538695e-55 5.530478669e-47 7.951140503e-47 1.56834796e-44 1.117557536e-45 4.933719222e-44 1.100602109e-48 4.151263107e-48 2.090576535e-46 7.126175738e-49 3.605033761e-46 1.547545782e-45 6.458806271e-47 4.1176834e-44 1.097932372e-44 9.512637249e-44 5.720734481e-48 1.006848006e-48 5.942799485e-48 1.710932244e-45 1.488741297e-45 9.13087323e-48 9.548729354e-45 1.262280369e-45 6.805099943e-51 7.833479452e-52 1.153681394e-66 1.768399804e-86 7.547981111e-122 2.400463066e-126 0 0 0 0 3.494526313e-320 0 0 0 0 0 0 0 0 
0 0 0 0 0 0 0 0 0 0 0 0 3.306052686e-155 2.342192827e-126 4.346184136e-96 1.877245288e-80 2.518560442e-52 5.139392865e-43 2.898230409e-38 3.576327922e-35 5.545915155e-35 5.943746159e-35 1.118608311e-34 8.568802671e-35 1.526368773e-34 1.972411675e-34 7.757307736e-35 1.132022318e-34 2.824747807e-34 2.468071974e-34 4.465919677e-34 1.264899418e-34 1.939741786e-34 2.609380655e-34 6.91572762e-35 9.300523929e-35 1.491832886e-34 7.322529968e-35 8.305117386e-35 4.43501375e-35 1.534882921e-36 9.022036441e-36 9.769642144e-41 1.90074895e-51 4.751874737e-71 5.32814335e-107 1.00736051e-119 1.764260063e-161 0 0 0 0 0 0 0 0 0 0 0 0 
0 0 0 0 0 0 0 0 0 0 0 0 1.207842195e-143 4.187231816e-118 1.35789139e-80 9.11302307e-68 1.182257672e-39 8.29370565e-30 2.102199965e-26 2.202237183e-23 9.628148196e-23 1.311677228e-22 2.141834985e-22 1.861441851e-22 3.981712899e-22 6.468133383e-22 3.032795893e-22 1.55503976e-22 1.384100416e-22 2.575920173e-22 2.948062525e-22 4.730705773e-22 1.510921653e-22 4.595652988e-22 6.964583735e-22 3.806516594e-22 1.731322077e-22 1.585214472e-22 2.217405469e-22 9.895866382e-23 1.589665125e-23 1.382862961e-24 1.607495222e-30 2.867082068e-43 5.903225415e-62 2.619601536e-98 7.779878208e-109 4.098494355e-147 0 0 0 0 0 0 0 0 0 0 0 0 
0 0 0 0 0 0 0 0 0 0 0 0 2.403779475e-132 1.11785571e-110 6.910641518e-73 1.387291251e-56 9.02052745e-31 2.102440308e-19 1.700019078e-17 7.278833835e-15 1.090598393e-14 1.076810433e-13 9.421407588e-14 1.504031736e-13 8.279418309e-14 2.346236438e-13 9.254284818e-14 1.908061088e-13 1.111555601e-13 1.651750716e-13 8.547970647e-14 2.231771121e-13 7.90739175e-14 1.877736385e-13 4.25066517e-12 1.085920996e-13 1.055808974e-13 6.047459586e-14 1.018549962e-13 5.893122427e-14 3.214170863e-15 1.166704677e-15 8.483606579e-20 1.104160456e-30 2.840969407e-50 5.739429204e-87 8.62692495e-99 1.501348915e-138 0 0 0 0 0 0 0 0 0 0 0 0 
0 0 0 0 0 0 0 0 0 0 0 8.651380136e-158 3.123768926e-124 5.061431197e-92 2.748181247e-63 9.19210415e-48 1.324253434e-23 7.733555159e-12 8.456660912e-08 1.768939629e-05 5.887561747e-05 3.668857714e-05 3.807547288e-05 0.000131828432 0.0001543464592 5.528714089e-05 0.0001179850282 0.000125057982 5.855682341e-05 0.0001972635591 0.0002440098971 0.0001197252969 0.0001542147273 8.720806292e-05 8.721175308e-05 0.0001974689839 0.0001200869781 0.0001094776517 6.613930188e-05 6.734938465e-05 6.191887895e-06 3.523685691e-07 2.049929114e-13 3.468134282e-21 9.503609669e-38 9.903672117e-78 1.162146696e-88 5.819374625e-130 0 0 0 0 0 0 0 0 0 0 0 0 
0 0 0 0 0 0 0 0 0 0 0 3.294797957e-151 1.267084741e-114 1.882590403e-95 6.18467451e-58 2.122093457e-42 5.508568158e-15 3.398396021e-05 0.1175690596 8.17259587 10.70913238 22.16997844 35.92244498 42.37038245 48.3305983 53.25793545 71.1251026 31.87468062 55.30209229 51.64053429 59.44911033 44.13091757 53.88914459 50.66750183 58.81559985 34.47375319 34.54310875 28.71074457 16.46772732 10.95213005 2.64363707 0.2942932673 2.234160566e-06 6.360515351e-17 4.760871169e-34 1.313269168e-68 1.668567911e-84 6.200924626e-122 9.405994127e-159 0 0 0 0 0 0 0 0 0 0 0 
0 0 0 0 0 0 0 0 0 0 0 2.37571183e-145 3.005729468e-112 4.855062564e-89 1.133970506e-54 2.305105625e-40 2.652140789e-12 0.004029027581 31.64197431 1024.477675 1553.126686 3248.069779 4354.460481 5411.274654 6244.055436 6069.178771 6941.337202 6771.213263 7378.452435 7309.045581 7278.804464 6620.733776 7004.96929 7428.048169 7033.022739 6492.029321 6158.462966 4298.966894 3178.589002 1901.087106 272.8473876 49.22459307 0.02352485706 5.967367811e-15 2.184196178e-30 2.809570914e-67 1.074616109e-79 1.840150978e-120 3.326127237e-157 0 0 2.97025204e-271 0 0 0 0 0 0 0 0 
0 0 0 0 0 0 0 0 0 0 0 4.907054988e-146 4.521274873e-115 1.365941532e-87 6.545900937e-54 4.843084171e-39 5.399457323e-12 0.04195528593 25.44453126 3741.9324 7795.650641 16619.91914 26402.28416 31222.74578 36746.07491 35819.86246 38238.52722 39349.72721 38939.21676 40633.96991 40804.92582 39464.78366 40551.02236 39015.96358 38955.98681 34389.73745 34138.25176 23400.73196 16556.84053 10523.15012 1283.262915 186.8247358 0.02852959379 3.869141336e-14 9.505283667e-29 6.471825072e-69 8.334371999e-82 1.24802994e-123 2.424246559e-157 0 0 0 0 0 0 0 0 0 0 0 
0 0 0 0 0 0 0 0 0 0 0 1.12428786e-145 1.404817591e-115 7.942034576e-88 1.127621701e-53 3.608978898e-39 1.159098597e-12 0.06320161981 77.85694331 6632.464116 14279.11046 32508.57895 55484.06052 66004.56716 83258.29365 83146.46752 87535.67264 87584.76296 89512.74272 92380.7143 88693.60087 92383.65992 89504.6044 85187.31981 86104.19147 77195.90873 72264.43024 46126.80045 31762.21375 20129.25228 1889.787909 381.0970642 0.04032186638 7.000375088e-14 6.304943109e-29 2.382906291e-64 4.332212115e-80 2.705031603e-111 1.184322532e-158 0 0 6.924528247e-272 0 0 0 0 0 0 0 0 
0 0 0 0 0 0 0 0 0 0 0 1.624058144e-146 3.303230641e-111 2.421761855e-87 1.890820968e-55 2.054071021e-37 3.203107492e-12 0.07650763965 124.8835727 8441.07192 18401.12825 46427.80449 81845.7645 95606.62017 134060.3062 134793.9359 144794.0923 151022.607 149503.0966 153483.0403 148930.8134 150871.7988 145871.2671 140773.8676 143808.7012 124032.0593 112085.62 66374.37779 42928.95599 25515.54603 2550.935568 490.5401131 0.03876602198 5.585673677e-14 3.142391274e-29 4.772298275e-64 4.517639893e-80 1.027309996e-113 1.868904149e-157 0 0 0 0 0 0 0 0 0 0 0 
0 0 0 0 0 0 0 0 0 0 0 7.616303686e-147 1.008736087e-113 2.884625387e-85 7.895426335e-52 1.96224223e-37 2.691164707e-11 0.03326983038 125.6422827 9926.047981 20756.72053 55768.51287 102850.601 125255.9251 182969.5376 190477.4607 210407.2972 214094.6478 216658.0157 219328.0848 215673.3992 215253.6736 211497.3909 201906.8787 204258.2563 162170.1548 154282.6287 83687.78242 52344.55168 30826.62181 3211.887609 715.6528704 0.06521795924 3.768056837e-14 5.130113539e-32 3.539145706e-61 3.895657475e-80 2.731513714e-122 4.213904102e-156 0 0 0 0 0 0 0 0 0 0 0 
0 0 0 0 0 0 0 0 0 0 0 6.501502507e-146 4.893249381e-112 4.500277716e-90 2.421345369e-52 1.487508656e-38 1.163339492e-11 0.02489835575 152.7321263 10679.87014 23508.38336 64527.93206 122969.8718 145151.525 226802.4167 231044.3597 259382.4641 264792.2661 263600.911 270129.8658 268976.7945 272639.0762 265643.374 254801.8654 251254.154 193161.6622 183793.0154 99958.14056 60416.83732 34605.44602 3467.069984 729.2436906 0.03691194677 2.933661434e-13 1.138772606e-30 6.994304348e-65 7.07864874e-79 3.086346456e-124 3.472312423e-156 0 0 0 0 0 0 0 0 0 0 0 
0 0 0 0 0 0 0 0 0 0 0 1.838404825e-148 1.654530995e-111 6.172462377e-86 1.408554537e-53 9.749916853e-38 3.639625164e-11 0.09011253732 126.0208023 11736.99625 25392.48983 70714.44461 136534.1261 162583.6502 255650.2407 259054.9076 294445.6123 303584.2487 304436.2846 308247.8115 303909.2101 298612.3269 301597.7493 285977.0627 282979.4861 215879.3882 206335.9106 109082.5337 66649.33798 36751.01353 3580.738456 659.3626687 0.04207210558 5.470836639e-13 1.191536307e-31 7.201818214e-66 3.523766309e-81 1.646601307e-123 1.745502703e-154 0 0 1.941885232e-264 0 0 0 0 0 0 0 0 
0 0 0 0 0 0 0 0 0 0 0 4.081578262e-146 4.520406314e-113 6.09551274e-88 2.846047716e-54 2.543120016e-39 9.542074627e-13 0.01066062051 152.3926952 11660.65579 25117.82185 70426.35322 139995.4763 169174.5401 268906.9463 276144.0737 315135.2687 325535.742 322138.3123 337216.3566 324733.1836 331738.8283 320282.3479 310899.4033 304437.8578 226680.885 217015.0692 116075.5979 66024.6793 37419.97488 3673.71758 778.0302165 0.01421338195 2.970763231e-14 1.965818271e-31 1.134350896e-70 6.015739191e-81 7.312547699e-115 3.006288292e-158 0 0 0 0 0 0 0 0 0 0 0 
0 0 0 0 0 0 0 0 0 0 0 4.987765777e-148 1.451469608e-113 4.131045094e-88 1.456852342e-56 1.708776283e-37 1.634476192e-11 0.04931509283 175.0706189 11824.37747 25498.13369 72219.08112 141458.7901 169810.9864 276433.7657 279253.3248 317652.1838 332305.7083 329748.8164 334148.7823 331572.9349 338409.875 319794.1626 314921.5693 313256.726 230772.321 218460.4224 114865.3605 67083.29038 36306.45673 3741.161908 684.7896716 0.1199515876 9.141941435e-14 2.880923137e-31 1.070008199e-65 6.547898362e-81 7.532188029e-112 2.223946679e-155 0 0 0 0 0 0 0 0 0 0 0 
0 0 0 0 0 0 0 0 0 0 0 4.387695905e-146 8.934402495e-111 6.99109794e-87 5.60538493e-54 7.746104048e-38 1.735303513e-12 0.1709935216 204.4020966 12610.09601 25595.64041 73219.50413 141516.8886 168238.4004 275531.7453 278584.1355 316836.9493 332211.4766 329322.0001 333199.1374 337565.1569 333557.5961 331001.2894 317966.7 311765.7013 231385.5689 220112.4001 116045.9546 68469.04272 38419.92397 3509.031778 709.1195901 0.007099997998 2.83398964e-14 6.040066731e-32 8.241577031e-66 4.170982616e-78 6.540273865e-122 6.294904187e-159 0 0 0 0 0 0 0 0 0 0 0 
0 0 0 0 0 0 0 0 0 0 0 1.382265762e-146 2.719617929e-112 5.17127356e-90 1.665617081e-52 1.99792351e-37 3.361368637e-11 0.1019806387 147.1438809 12739.28802 26358.17226 72477.76229 143792.0081 173265.8775 279263.2772 283379.388 317439.2137 331449.3775 333784.9781 341068.9033 334488.389 343193.1988 326289.2864 317063.6328 311785.5467 232469.4832 222992.4085 113305.1914 67642.63482 37937.38927 3719.146456 733.8478772 0.0455999 2.367803171e-13 1.87540191e-30 2.067872659e-66 5.079461196e-81 3.140458332e-114 3.843704452e-155 0 0 0 0 0 0 0 0 0 0 0 
0 0 0 0 0 0 0 0 0 0 0 9.963271528e-149 2.358610259e-112 1.768865922e-85 4.864513306e-54 1.495568432e-38 1.485579643e-11 0.09672175712 196.51355 11863.63057 26557.4755 74158.43566 144145.0919 175921.319 277552.8378 281921.9583 322109.5225 331539.4713 333314.9711 343456.0808 338632.5033 340435.8073 331971.6719 318284.8293 316024.3158 232292.5725 223202.6496 114043.2493 66411.83476 37916.90542 3910.589338 811.0125408 0.08730462744 3.833442486e-13 4.99043454e-33 5.683000155e-66 8.36052719e-81 8.02457506e-123 8.378446386e-158 0 0 0 0 0 0 0 0 0 0 0 
0 0 0 0 0 0 0 0 0 0 0 1.823137869e-148 1.416746406e-114 1.159041015e-86 4.242623837e-54 9.423933899e-38 1.105280609e-11 0.09619288686 152.9172238 11495.2554 25991.84032 73357.24767 145434.1096 171842.4872 276437.3532 285780.5487 322824.9634 328923.2808 335115.9478 341144.4807 336807.4524 342123.8167 331355.4962 315415.5566 317660.1529 233952.6984 223096.2353 116593.1477 69341.52194 38447.42865 3611.418287 621.920241 0.05195619242 4.362583734e-14 2.217093047e-28 1.198163071e-65 5.719804594e-80 7.3026897e-118 8.24754456e-155 0 0 0 0 0 0 0 0 0 0 0 
0 0 0 0 0 0 0 0 0 0 0 1.867234745e-145 5.225125967e-112 2.238553739e-87 4.866986721e-52 7.117606253e-37 9.538751961e-13 0.06516401076 195.5684156 11797.51719 26359.28074 74378.48653 141938.201 170792.9099 275491.3351 282630.5793 320075.53 335492.8484 335387.0766 337308.1756 336645.103 335782.2457 331018.2693 316502.1299 312038.2668 233607.3256 221476.5871 114726.5915 67801.09016 38366.60588 3710.769025 690.6738123 0.08530050366 5.2774242e-13 1.223464195e-27 3.357204209e-66 4.930396436e-81 2.875967979e-114 4.385369895e-157 0 0 1.475104044e-269 0 0 0 0 0 0 0 0 
0 0 0 0 0 0 0 0 0 0 0 3.196726072e-144 1.311123237e-111 2.790548804e-86 8.563429513e-57 3.291281892e-38 2.520896088e-12 0.07846141626 103.4644447 11830.40311 25767.24137 73056.19465 144841.1998 173451.1307 274465.4278 286125.2484 319092.1745 327381.511 328967.0295 343509.2153 329621.169 337686.4451 326153.3367 311174.3959 306719.2132 229639.9277 218479.5214 115050.9485 67406.80693 38773.26322 3661.460086 771.5668329 0.04154204534 1.704042179e-13 3.377886069e-28 3.559520665e-65 9.97141589e-81 3.617206856e-122 4.362130492e-159 0 0 6.46173369e-267 0 0 0 0 0 0 0 0 
0 0 0 0 0 0 0 0 0 0 0 3.146137146e-146 6.929167451e-111 3.752381862e-86 3.715037429e-56 2.341814988e-36 6.890313879e-13 0.04686713619 168.879193 12329.99885 26316.03499 71416.20741 142118.2236 173003.8764 275046.1525 280768.9917 316015.5778 330118.6126 334462.1812 343123.6493 327185.1315 331690.3404 328279.122 312206.6563 309877.271 230058.0396 215316.2819 113817.8622 68757.62575 39281.06412 3835.880506 812.425358 0.03878629186 1.722191969e-13 4.44484927e-32 3.152212623e-69 7.733837235e-78 5.763101361e-115 4.477990051e-152 0 0 0 0 0 0 0 0 0 0 0 
0 0 0 0 0 0 0 0 0 0 0 3.646068384e-146 4.802334302e-112 1.621666567e-88 7.684837643e-54 3.148180401e-37 5.120199395e-12 0.108314222 121.930942 11957.55071 25442.44821 73724.51853 141821.8346 170257.4587 270228.9274 273201.5447 310629.0505 324728.5325 327646.9307 333410.7868 329642.0052 327846.1405 324358.361 307989.73 308132.8584 231010.1978 215547.2708 115587.2626 69341.19451 37593.22859 3822.238429 725.6728396 0.06138365316 4.156410365e-14 2.669771674e-33 3.331451904e-58 4.683595601e-82 1.693226245e-114 5.867618862e-156 0 0 0 0 0 0 0 0 0 0 0 
0 0 0 0 0 0 0 0 0 0 0 6.357593137e-149 5.274633614e-114 5.813104225e-84 2.977075585e-53 2.946082114e-39 5.086433641e-12 0.01585769216 215.1414967 12355.36126 25086.62509 70782.11875 137104.8776 160255.3798 259891.8174 258697.7165 294660.7046 301650.0301 304840.032 310512.1993 301914.3533 306409.2159 297847.1538 286432.9897 285908.5209 214498.886 204118.6632 108180.824 64684.18158 37809.94283 3445.721614 694.0428731 0.01563890219 5.127593489e-15 2.464722281e-31 1.170007236e-66 3.153832606e-79 2.855426116e-110 2.881927259e-156 0 0 0 0 0 0 0 0 0 0 0 
0 0 0 0 0 0 0 0 0 0 0 2.568544561e-148 4.229826644e-111 2.521617738e-89 1.883209828e-54 9.632542791e-39 1.482147052e-11 0.07141612192 90.68927805 11171.231 23901.34725 64822.2523 123946.4514 146140.4296 225540.318 229954.8769 259618.4807 265044.4097 267255.3982 272780.2129 265237.8218 272814.8467 262479.3766 255536.6267 252980.8837 192250.0212 181583.3284 101089.7846 60259.96096 35701.6797 3280.73587 662.1509998 0.0379826233 2.326791859e-13 1.358982007e-31 5.168385419e-66 8.409003237e-80 3.025626279e-116 3.332395026e-159 0 0 3.858265799e-266 0 0 0 0 0 0 0 0 
0 0 0 0 0 0 0 0 0 0 0 2.235653066e-145 3.323223338e-112 3.19148662e-90 3.692540734e-54 3.767144218e-39 7.139884518e-12 0.04838280221 165.1425961 9548.684165 20805.12692 55689.10951 104337.2894 123846.3761 185598.9109 189003.1565 207770.8691 218432.1858 220262.8117 219338.0874 216632.1894 219322.5877 212328.9418 206629.1444 204913.9273 161576.6 153995.4372 86264.40571 52307.17968 29876.98761 3058.643353 702.9913809 0.1610704122 8.566747146e-14 8.031028335e-33 5.141557095e-58 3.7584504e-80 4.596813529e-114 2.40140911e-154 0 0 0 0 0 0 0 0 0 0 0 
0 0 0 0 0 0 0 0 0 0 0 1.919623541e-147 1.267275312e-112 1.192483976e-85 5.311259459e-53 7.527253838e-39 1.767223291e-12 0.03051510501 110.4285102 8109.48441 17556.84172 45980.59099 83072.35924 97207.90417 132964.85 132696.9154 145836.4004 147139.4499 150316.8645 149128.8208 149128.0139 147954.293 145743.5811 141461.1803 142168.4792 123555.9449 114688.6478 69701.01983 44681.45976 26176.5788 2528.04145 521.8819126 0.008500523083 1.610414229e-14 1.024529541e-32 3.522748161e-65 1.622232344e-81 2.541202224e-111 7.872216384e-156 0 0 8.287040436e-270 0 0 0 0 0 0 0 0 
0 0 0 0 0 0 0 0 0 0 0 1.139561748e-145 3.397325354e-112 1.291433809e-89 8.980674189e-56 3.568106308e-38 8.000084553e-12 0.01624795308 44.31391276 6788.213345 13967.53986 32803.66189 55254.46634 64824.90887 84162.84726 81655.21722 87718.05627 89427.44406 87362.7796 88858.46846 91627.14388 90295.9821 87645.20406 86395.82244 88566.99557 76276.18092 72078.81937 46528.06274 30885.26614 19206.3322 1942.803604 337.4588435 0.01064489777 1.512409832e-13 1.057402688e-31 1.08334303e-65 3.661376604e-81 2.706116383e-112 3.020291198e-158 0 0 0 0 0 0 0 0 0 0 0 
0 0 0 0 0 0 0 0 0 0 0 2.149996906e-150 3.659121205e-114 6.257924979e-86 7.285049905e-56 1.719061127e-38 5.458731762e-13 0.01028750261 70.61334499 3880.489928 8052.2565 17373.65459 25352.36379 30489.89048 37800.73519 36055.07312 38386.59744 38566.27741 40487.33189 41562.29006 38340.55301 39535.87414 39090.22897 38031.05373 39318.92264 34898.56772 33381.82975 22377.89729 15938.00679 10052.52788 1223.213774 260.4011904 0.1149506077 7.031553513e-15 1.638276175e-30 1.314231987e-66 1.365882125e-80 3.686857728e-122 1.285467192e-154 0 0 0 0 0 0 0 0 0 0 0 
0 0 0 0 0 0 0 0 0 0 0 4.156978335e-148 5.253759391e-118 1.755282351e-88 4.077319561e-55 9.425286122e-41 3.892015389e-13 0.01105849838 5.457224405 921.0359414 1611.599206 2989.11044 5026.042547 5421.625661 6371.50101 6830.339678 7267.408843 6865.203854 7578.30238 7445.672636 7138.188117 7100.555593 6976.61272 7241.47065 7084.363851 6036.797913 6246.86494 4395.316714 3254.50431 2121.58274 331.2863507 68.37558833 0.001468663779 4.057651405e-16 1.797944624e-31 1.102496233e-69 2.226786473e-82 2.831913866e-119 6.976250258e-158 0 0 0 0 0 0 0 0 0 0 0 
0 0 0 0 0 0 0 0 0 0 0 2.253121573e-152 2.790252898e-116 3.097294979e-91 1.521326958e-58 3.385030877e-43 5.251208769e-16 1.584251963e-05 0.04689769386 6.498748816 10.49381122 24.86340974 42.04254328 48.76602486 64.29431791 59.88460681 37.58486188 44.33725278 53.71483094 37.29550255 43.4763971 54.94880592 47.23164031 39.11162854 62.26050716 39.63419223 40.31787666 23.061893 22.32904225 14.3688136 1.587889548 0.222785344 1.712303194e-05 8.348009958e-16 3.014018975e-32 6.445517041e-72 3.143705387e-86 2.108361166e-122 1.438769071e-156 0 0 0 0 0 0 0 0 0 0 0 
0 0 0 0 0 0 0 0 0 0 0 6.313417462e-160 3.56922541e-125 1.353748766e-98 5.447341441e-64 3.904755719e-49 2.936066991e-23 5.156636554e-11 5.412515078e-09 1.362873002e-05 2.43270631e-05 4.172806101e-05 0.0001291619622 0.0001510860221 0.0001314439786 8.793808977e-05 0.0001140107033 8.21204177e-05 6.180426503e-05 7.56198045e-05 0.0001585539938 0.0001311439186 0.0001375858792 9.695481451e-05 6.885280642e-05 0.0001135706593 0.0001913194733 9.056281585e-05 6.285243281e-05 3.481244826e-05 5.238694779e-06 7.506397458e-07 1.834838434e-11 1.152520809e-22 1.273802546e-41 1.03554225e-77 7.780497529e-90 2.907914528e-124 0 0 0 3.641604183e-280 0 0 0 0 0 0 0 0 
0 0 0 0 0 0 0 0 0 0 0 0 2.86040519e-133 1.376392503e-108 6.91859757e-72 2.2220707e-55 1.081390893e-30 7.119513048e-21 1.283179347e-17 2.590067668e-14 2.033157378e-14 2.40547583e-14 1.013069915e-13 1.072941554e-13 1.386351889e-13 9.2453917e-14 1.327993086e-13 2.368856172e-13 9.341514004e-14 7.105847916e-14 1.146712073e-11 1.732844649e-13 1.276659107e-13 1.914415968e-13 9.689338276e-14 1.284608922e-13 9.797679627e-14 2.956129058e-14 5.264959011e-14 5.363540953e-14 4.562999806e-15 2.504979714e-15 1.498395962e-21 2.233863855e-31 4.753095339e-53 7.655860084e-87 2.946996849e-98 6.235221618e-134 0 0 0 2.288876375e-284 0 0 0 0 0 0 0 0 
0 0 0 0 0 0 0 0 0 0 0 0 9.376876069e-139 2.344419551e-118 4.906048645e-82 2.039054658e-65 3.190727639e-40 3.966862065e-31 1.347980091e-23 1.047316093e-22 1.86589515e-22 6.631355797e-23 4.669582703e-22 7.768667869e-23 3.561395845e-22 6.806352405e-23 1.106955927e-22 3.09070277e-22 9.175182761e-23 4.058952967e-22 1.556647748e-22 1.448564813e-22 6.368693475e-22 5.08354577e-23 2.227246724e-22 2.04468923e-22 3.168543892e-22 1.048198354e-22 1.787652187e-22 1.251580395e-22 4.792288039e-24 2.186781797e-24 2.368129012e-33 1.580846293e-45 1.712218636e-64 3.058237915e-97 2.952240676e-109 5.007253912e-154 0 0 0 0 0 0 0 0 0 0 0 0 
0 0 0 0 0 0 0 0 0 0 0 0 4.715567998e-158 1.985759163e-133 1.743798726e-98 3.661684546e-79 4.156340086e-50 2.944769581e-40 1.875687576e-38 3.386752537e-35 1.2184311e-34 1.429465386e-34 9.584900027e-35 1.218309673e-34 6.100158495e-35 4.216653154e-34 2.430982559e-34 2.414820009e-34 2.102080958e-34 2.728448069e-34 1.936641271e-34 1.322091881e-34 1.966943651e-34 2.210353591e-34 1.517357811e-34 2.050969683e-34 2.044410521e-34 5.923267944e-35 9.557908326e-35 1.01290743e-34 2.219797438e-35 9.407366192e-37 4.096762009e-40 3.102929789e-55 3.176693593e-70 2.072374306e-107 2.768150907e-121 0 0 0 0 0 0 0 0 0 0 0 0 0 
0 0 0 0 0 0 0 0 0 0 0 0 0 5.674366409e-149 6.653050564e-109 8.661512662e-91 1.608159248e-67 2.189311148e-51 1.370838631e-51 3.352107348e-50 1.467661674e-46 2.515913078e-48 6.096013849e-45 1.847607933e-45 2.496225912e-44 8.856197708e-44 2.674742703e-48 3.872807385e-44 6.445109789e-45 4.009584849e-44 1.282291812e-44 8.603354343e-49 6.193694819e-49 2.630999565e-45 1.704095272e-44 3.352645804e-49 5.51012164e-47 1.126345771e-45 1.499950251e-44 7.660963572e-50 1.04106334e-47 6.966229632e-51 5.195016957e-56 8.690901722e-64 1.191949302e-86 1.456478556e-118 2.166514438e-135 0 0 0 0 0 0 0 0 0 0 0 0 0 
0 0 0 0 0 0 0 0 0 0 0 0 0 8.769848943e-159 1.651739855e-126 4.842638812e-106 2.569130306e-79 2.575631622e-64 3.318699956e-63 9.001426449e-60 1.35748389e-60 2.247067898e-60 1.839669561e-59 3.046411831e-59 2.592557375e-59 3.318660195e-60 2.184768479e-59 2.483645401e-59 1.851399129e-59 5.545768898e-59 4.413453815e-59 4.291500189e-59 3.977739027e-60 1.703054711e-59 1.368618516e-59 3.033765507e-60 3.009648095e-59 1.009682732e-59 8.667628227e-60 3.247921856e-59 1.462365203e-60 3.367621307e-63 2.883094548e-65 2.329603818e-79 3.493256108e-99 1.199545916e-126 3.17179069e-151 0 0 0 0 0 0 0 0 0 0 0 0 0 
0 0 0 0 0 0 0 0 0 0 0 0 0 0 2.204242639e-137 3.615386431e-118 1.165181503e-94 1.23156982e-83 4.620309665e-79 2.785134297e-77 1.029713141e-76 7.353872306e-77 2.155157378e-76 1.779209811e-76 2.572785897e-76 4.375470041e-77 2.841895925e-76 3.64373153e-76 2.869033534e-76 1.264089234e-76 2.728842068e-76 9.084504783e-76 4.678828604e-76 4.221455348e-76 5.987802263e-76 1.025059232e-75 2.435838488e-76 3.191126494e-76 2.682274677e-76 2.755705156e-77 4.991928291e-77 3.555184437e-79 4.0093279e-83 2.408968647e-94 2.34525827e-116 1.73735348e-156 0 0 0 0 0 0 0 0 0 0 0 0 0 0 
0 0 0 0 0 0 0 0 0 0 0 0 0 0 1.2198408e-157 7.183756818e-135 6.141996619e-103 4.959743452e-99 8.645000386e-92 7.533352604e-89 2.698737873e-90 2.670309692e-90 4.497476251e-88 3.225127889e-91 7.321652263e-90 1.64414306e-89 1.752322785e-88 8.104390199e-89 6.079284887e-88 6.83631542e-89 2.254868565e-89 1.018705046e-88 5.580069226e-89 1.679047257e-89 9.767012878e-89 1.095544439e-88 3.53664481e-88 2.586181925e-90 2.069552736e-90 1.736208297e-89 4.580209092e-91 1.175400738e-91 1.384961431e-104 1.514640394e-115 3.885726392e-134 0 0 0 0 0 0 0 0 0 0 0 0 0 0 0 
0 0 0 0 0 0 0 0 0 0 0 0 0 0 0 1.160574644e-153 2.49003523e-123 1.649165512e-118 1.490728593e-110 8.504817772e-109 8.247016852e-109 1.979907887e-108 1.244593705e-107 4.041028708e-107 1.196852311e-107 1.158362155e-108 3.246435515e-108 1.597273649e-107 2.714101467e-107 3.242177018e-108 1.770752085e-107 7.986085455e-108 1.715756955e-107 1.315192585e-107 5.393033329e-108 7.113271539e-108 3.449476676e-107 2.654377474e-108 6.329718233e-109 1.579146402e-107 1.096525974e-108 2.742761076e-110 2.174131722e-116 8.422597992e-127 4.26298896e-144 0 0 0 0 0 0 0 0 0 0 0 0 0 0 0 
0 0 0 0 0 0 0 0 0 0 0 0 0 0 0 0 0 0 0 0 0 0 0 0 0 0 0 0 0 0 0 0 0 0 0 0 0 0 0 0 0 0 0 0 0 0 0 0 0 0 0 0 0 0 0 0 0 0 0 0 
0 0 0 0 0 0 0 0 0 0 0 0 0 0 0 0 0 0 0 0 0 0 0 0 0 0 0 0 0 0 0 0 0 0 0 0 0 0 0 0 0 0 0 0 0 0 0 0 0 0 0 0 0 0 0 0 0 0 0 0 
0 0 0 0 0 0 0 0 0 0 0 0 0 0 0 0 0 0 0 0 0 0 0 0 0 0 0 0 0 0 0 0 0 0 0 0 0 0 0 0 0 0 0 0 0 0 0 0 0 0 0 0 0 0 0 0 0 0 0 0 
0 0 0 0 0 0 0 0 0 0 0 0 0 0 0 0 0 0 0 0 0 0 0 0 0 0 0 0 0 0 0 0 0 0 0 0 0 0 0 0 0 0 0 0 0 0 0 0 0 0 0 0 0 0 0 0 0 0 0 0 
0 0 0 0 0 0 0 0 0 0 0 0 0 0 0 0 0 0 0 0 0 0 0 0 0 0 0 0 0 0 0 0 0 0 0 0 0 0 0 0 0 0 0 0 0 0 0 0 0 0 0 0 0 0 0 0 0 0 0 0 
0 0 0 0 0 0 0 0 0 0 0 0 0 0 0 0 0 0 0 0 0 0 0 0 0 0 0 0 0 0 0 0 0 0 0 0 0 0 0 0 0 0 0 0 0 0 0 0 0 0 0 0 0 0 0 0 0 0 0 0 
0 0 0 0 0 0 0 0 0 0 0 0 0 0 0 0 0 0 0 0 0 0 0 0 0 0 0 0 0 0 0 0 0 0 0 0 0 0 0 0 0 0 0 0 0 0 0 0 0 0 0 0 0 0 0 0 0 0 0 0 
0 0 0 0 0 0 0 0 0 0 0 0 0 0 0 0 0 0 0 0 0 0 0 0 0 0 0 0 0 0 0 0 0 0 0 0 0 0 0 0 0 0 0 0 0 0 0 0 0 0 0 0 0 0 0 0 0 0 0 0 
# Events [DivMonGuideExit/divguide.dat] N:
0 0 0 0 0 0 0 0 0 0 0 0 0 0 0 0 0 0 0 0 0 0 0 0 0 0 0 0 0 0 0 0 0 0 0 0 0 0 0 0 0 0 0 0 0 0 0 0 0 0 0 0 0 0 0 0 0 0 0 0 
0 0 0 0 0 0 0 0 0 0 0 0 0 0 0 0 0 0 0 0 0 0 0 0 0 0 0 0 0 0 0 0 0 0 0 0 0 0 0 0 0 0 0 0 0 0 0 0 0 0 0 0 0 0 0 0 0 0 0 0 
0 0 0 0 0 0 0 0 0 0 0 0 0 0 0 0 0 0 0 0 0 0 0 0 0 0 0 0 0 0 0 0 0 0 0 0 0 0 0 0 0 0 0 0 0 0 0 0 0 0 0 0 0 0 0 0 0 0 0 0 
0 0 0 0 0 0 0 0 0 0 0 0 0 0 0 0 0 0 0 0 0 0 0 0 0 0 0 0 0 0 0 0 0 0 0 0 0 0 0 0 0 0 0 0 0 0 0 0 0 0 0 0 0 0 0 0 0 0 0 0 
0 0 0 0 0 0 0 0 0 0 0 0 0 0 0 0 0 0 0 0 0 0 0 0 0 0 0 0 0 0 0 0 0 0 0 0 0 0 0 0 0 0 0 0 0 0 0 0 0 0 0 0 0 0 0 0 0 0 0 0 
0 0 0 0 0 0 0 0 0 0 0 0 0 0 0 0 0 0 0 0 0 0 0 0 0 0 0 0 0 0 0 0 0 0 0 0 0 0 0 0 0 0 0 0 0 0 0 0 0 0 0 0 0 0 0 0 0 0 0 0 
0 0 0 0 0 0 0 0 0 0 0 0 0 0 0 0 0 0 0 0 0 0 0 0 0 0 0 0 0 0 0 0 0 0 0 0 0 0 0 0 0 0 0 0 0 0 0 0 0 0 0 0 0 0 0 0 0 0 0 0 
0 0 0 0 0 0 0 0 0 0 0 0 0 0 0 0 0 0 0 0 0 0 0 0 0 0 0 0 0 0 0 0 0 0 0 0 0 0 0 0 0 0 0 0 0 0 0 0 0 0 0 0 0 0 0 0 0 0 0 0 
0 0 0 0 0 0 0 0 0 7 13 24 15 21 21 30 26 20 30 32 33 30 29 38 37 28 35 28 26 42 41 32 36 35 32 45 31 36 31 37 31 19 23 24 15 16 21 21 18 15 12 1 0 0 0 0 0 0 0 0 
0 0 0 0 0 0 0 0 0 70 166 208 222 218 220 304 219 271 330 324 337 331 336 358 350 335 338 368 346 358 369 372 341 330 323 325 380 342 348 302 323 288 208 324 235 174 247 258 164 112 98 5 0 0 0 0 0 0 0 0 
0 0 0 0 0 0 0 0 0 65 274 408 470 503 460 573 505 517 654 682 664 734 709 729 733 674 724 756 741 673 796 753 699 748 770 797 772 722 677 717 655 627 477 667 513 352 503 497 349 176 100 3 0 0 0 0 0 0 0 0 
0 0 0 0 0 0 0 0 0 70 319 496 752 773 675 912 813 837 1073 1042 1090 1104 1133 1180 1100 1116 1153 1224 1105 1201 1203 1129 1139 1216 1093 1138 1138 1064 1074 1046 1008 879 779 1052 810 538 812 712 438 170 117 2 0 0 0 0 0 0 0 0 
0 0 0 0 0 0 0 0 0 70 277 464 898 960 972 1327 1069 1141 1573 1369 1441 1541 1561 1623 1537 1551 1565 1593 1553 1583 1598 1576 1577 1583 1516 1614 1590 1470 1500 1479 1348 1316 1087 1470 1127 812 1061 804 444 185 96 1 0 0 0 0 0 0 0 0 
0 0 0 0 0 0 0 0 0 75 299 510 923 1061 1253 1654 1350 1411 1923 1824 1818 2026 2016 2012 2022 1896 2054 2013 2004 1942 2046 2066 2072 2034 2010 1894 2065 1836 1977 1925 1754 1720 1369 1857 1418 942 1262 850 469 197 122 0 0 0 0 0 0 0 0 0 
0 0 0 0 0 0 0 0 0 82 297 551 906 1155 1345 2116 1710 1808 2333 2218 2409 2455 2443 2389 2437 2421 2469 2579 2500 2487 2576 2572 2518 2428 2485 2461 2480 2293 2430 2336 2135 2034 1647 2360 1676 1007 1362 853 517 177 85 2 0 0 0 0 0 0 0 0 
0 0 0 0 0 0 0 0 0 69 296 504 955 1119 1444 2211 1921 2094 2868 2735 2736 2943 2942 2911 2843 2904 2886 3006 3033 2892 3074 3067 2952 2963 2879 3038 2949 2761 2719 2814 2624 2467 2044 2794 1769 997 1372 821 473 177 123 2 0 0 0 0 0 0 0 0 
0 0 0 0 0 0 0 0 0 86 333 492 942 1119 1385 2225 2002 2358 3082 2819 2981 3101 3159 3115 3060 3152 3124 3312 3139 3190 3378 3293 3253 3127 3198 3160 3068 2840 2967 3099 2799 2627 2233 2897 1787 1108 1356 941 470 221 103 4 0 0 0 0 0 0 0 0 
0 0 0 0 0 0 0 0 0 95 312 588 960 1199 1441 2272 2079 2297 3074 2966 3062 3166 3254 3208 3207 3172 3221 3278 3256 3265 3210 3259 3286 3219 3244 3283 3220 3036 3145 3225 2774 2798 2165 2944 1934 1147 1451 900 528 203 113 2 0 0 0 0 0 0 0 0 
0 0 0 0 0 0 0 0 0 90 332 568 1005 1215 1440 2265 2131 2459 3274 2990 3112 3296 3273 3263 3141 3328 3359 3428 3444 3259 3324 3375 3410 3340 3367 3303 3288 3019 3178 3076 2931 2814 2219 3027 1850 1106 1489 964 518 215 115 1 0 0 0 0 0 0 0 0 
0 0 0 0 0 0 0 0 0 82 292 582 979 1228 1530 2282 2163 2414 3249 2998 3155 3302 3385 3276 3255 3174 3445 3434 3320 3369 3473 3411 3485 3295 3463 3327 3342 3131 3319 3277 2938 2904 2192 3044 1868 1127 1490 959 525 230 135 3 0 0 0 0 0 0 0 0 
0 0 0 0 0 0 0 0 0 81 318 580 1019 1230 1506 2415 2196 2398 3294 3152 3350 3418 3447 3494 3341 3449 3389 3423 3438 3584 3469 3657 3524 3471 3409 3502 3503 3194 3340 3304 2969 2898 2351 2956 1943 1132 1498 950 543 223 119 1 0 0 0 0 0 0 0 0 
0 0 0 0 0 0 0 0 0 98 369 565 1057 1313 1513 2502 2168 2437 3378 3120 3390 3371 3478 3382 3400 3459 3501 3645 3565 3595 3522 3576 3476 3421 3620 3576 3456 3255 3444 3359 3056 2924 2358 3078 2087 1201 1500 970 538 211 142 3 0 0 0 0 0 0 0 0 
0 0 0 0 0 0 0 0 0 93 387 585 1082 1277 1614 2477 2324 2507 3408 3352 3381 3491 3462 3513 3404 3604 3646 3606 3687 3642 3598 3569 3577 3478 3579 3519 3598 3346 3453 3383 3133 2903 2373 3308 2080 1205 1440 1009 525 216 114 4 0 0 0 0 0 0 0 0 
0 0 0 0 0 0 0 0 0 91 353 624 1091 1317 1714 2534 2220 2582 3504 3318 3527 3613 3672 3557 3577 3616 3667 3661 3614 3619 3729 3753 3736 3649 3604 3625 3657 3447 3580 3510 3242 3144 2474 3376 2093 1179 1482 1008 554 234 121 0 0 0 0 0 0 0 0 0 
0 0 0 0 0 0 0 0 0 105 364 608 1118 1327 1648 2541 2332 2655 3770 3340 3571 3666 3708 3669 3614 3646 3721 3787 3782 3730 3753 3534 3815 3630 3629 3621 3713 3443 3555 3508 3229 3199 2542 3341 2108 1191 1616 1065 577 240 125 1 0 0 0 0 0 0 0 0 
0 0 0 0 0 0 0 0 0 88 366 626 1103 1346 1681 2625 2405 2704 3739 3489 3688 3596 3688 3672 3599 3718 3786 3827 3770 3926 3815 3853 3785 3812 3740 3727 3771 3579 3547 3569 3184 3235 2592 3327 2103 1256 1634 1055 578 225 133 0 0 0 0 0 0 0 0 0 
0 0 0 0 0 0 0 0 0 103 373 654 1120 1358 1657 2664 2399 2701 3635 3329 3596 3736 3739 3747 3725 3693 3776 3888 3856 3761 3843 3886 3734 3813 3871 3757 3795 3532 3602 3642 3319 3199 2525 3493 2179 1244 1658 1138 562 255 129 6 0 0 0 0 0 0 0 0 
0 0 0 0 0 0 0 0 0 95 395 617 1165 1315 1705 2631 2368 2787 3686 3493 3630 3662 3694 3650 3707 3721 3698 3889 3802 3716 3969 3792 3928 3857 3831 3814 3822 3582 3698 3562 3381 3202 2628 3434 2246 1250 1656 1105 591 256 142 0 0 0 0 0 0 0 0 0 
0 0 0 0 0 0 0 0 0 102 375 671 1156 1271 1701 2649 2404 2760 3690 3451 3633 3659 3832 3855 3769 3768 3717 3858 3911 3903 3861 3951 3782 3814 3817 3772 3838 3473 3691 3675 3347 3149 2530 3439 2220 1244 1678 1087 629 233 129 4 0 0 0 0 0 0 0 0 
0 0 0 0 0 0 0 0 0 106 376 587 1141 1366 1682 2707 2436 2683 3574 3330 3701 3765 3808 3882 3696 3725 3831 3840 3865 3915 3916 3914 3918 3816 3847 3765 3881 3506 3615 3549 3376 3263 2551 3474 2133 1266 1628 1139 546 241 132 0 0 0 0 0 0 0 0 0 
0 0 0 0 0 0 0 0 0 116 371 619 1197 1390 1756 2670 2484 2714 3642 3436 3638 3670 3822 3702 3704 3851 3800 3757 3906 3849 3894 3918 3886 3770 3878 3776 3843 3527 3621 3625 3311 3189 2506 3418 2127 1268 1723 1106 601 262 125 2 0 0 0 0 0 0 0 0 
0 0 0 0 0 0 0 0 0 104 354 639 1188 1369 1758 2643 2452 2593 3758 3471 3622 3839 3721 3731 3695 3790 3749 3917 3915 3759 3885 3800 3935 3818 3775 3804 3814 3556 3691 3687 3380 3106 2623 3341 2160 1227 1637 1023 604 239 113 1 0 0 0 0 0 0 0 0 
0 0 0 0 0 0 0 0 0 81 385 659 1158 1333 1782 2711 2356 2706 3622 3520 3535 3832 3885 3788 3692 3909 3774 3765 3814 3949 3815 3856 3813 3721 3705 3686 3711 3520 3649 3698 3397 3084 2622 3528 2198 1256 1575 1023 580 266 137 1 0 0 0 0 0 0 0 0 
0 0 0 0 0 0 0 0 0 107 387 624 1163 1363 1701 2720 2386 2698 3664 3450 3707 3636 3664 3800 3712 3759 3736 3876 3939 3961 3775 3768 3928 3801 3806 3752 3664 3445 3695 3737 3375 3235 2583 3413 2151 1223 1693 1142 585 220 130 0 0 0 0 0 0 0 0 0 
0 0 0 0 0 0 0 0 0 98 384 606 1125 1366 1669 2515 2339 2665 3620 3389 3527 3705 3778 3778 3640 3651 3672 3823 3885 3822 3890 3779 3874 3762 3824 3815 3729 3580 3703 3630 3460 3160 2480 3439 2190 1290 1634 1102 601 213 118 4 0 0 0 0 0 0 0 0 
0 0 0 0 0 0 0 0 0 68 344 655 1096 1316 1664 2586 2373 2615 3519 3369 3508 3648 3776 3592 3736 3663 3744 3726 3800 3774 3711 3701 3708 3645 3699 3576 3654 3380 3578 3642 3076 3180 2539 3301 2226 1229 1586 1069 549 225 152 7 0 0 0 0 0 0 0 0 
0 0 0 0 0 0 0 0 0 100 358 631 1066 1297 1655 2638 2308 2540 3539 3317 3540 3568 3614 3634 3540 3585 3674 3666 3723 3701 3612 3743 3666 3693 3659 3600 3582 3399 3503 3524 3198 3087 2550 3305 2159 1191 1527 1000 578 217 119 1 0 0 0 0 0 0 0 0 
0 0 0 0 0 0 0 0 0 102 358 564 1086 1248 1669 2522 2254 2507 3368 3332 3448 3589 3603 3528 3479 3556 3574 3727 3809 3665 3651 3707 3629 3607 3593 3527 3601 3322 3410 3501 3194 2952 2476 3258 2010 1225 1485 1013 552 239 132 3 0 0 0 0 0 0 0 0 
0 0 0 0 0 0 0 0 0 85 365 621 1078 1220 1554 2481 2182 2472 3238 3181 3299 3513 3445 3459 3400 3311 3536 3559 3580 3453 3533 3521 3519 3380 3438 3574 3515 3381 3415 3466 3011 2859 2330 3163 2052 1211 1450 1036 571 247 111 1 0 0 0 0 0 0 0 0 
0 0 0 0 0 0 0 0 0 90 337 583 1052 1204 1468 2450 2232 2501 3332 3171 3269 3378 3459 3453 3333 3361 3533 3541 3467 3458 3572 3504 3465 3436 3516 3503 3492 3250 3216 3329 2962 2919 2326 3091 1918 1105 1531 980 507 201 121 3 0 0 0 0 0 0 0 0 
0 0 0 0 0 0 0 0 0 99 334 576 1043 1224 1518 2391 2124 2395 3217 2966 3258 3297 3310 3365 3347 3302 3348 3386 3513 3568 3500 3391 3490 3372 3484 3420 3460 3077 3257 3213 2883 2917 2257 2970 1921 1093 1441 959 515 213 128 3 0 0 0 0 0 0 0 0 
0 0 0 0 0 0 0 0 0 93 347 552 1062 1194 1505 2310 2116 2359 3272 3028 3203 3203 3275 3247 3335 3295 3342 3362 3361 3248 3392 3452 3276 3356 3231 3336 3324 2908 3225 3185 2929 2867 2181 3034 1973 1094 1408 974 501 228 121 0 0 0 0 0 0 0 0 0 
0 0 0 0 0 0 0 0 0 90 321 544 955 1179 1472 2127 2058 2328 3052 2949 3139 3127 3208 3125 3112 3234 3144 3266 3284 3292 3227 3372 3242 3157 3161 3219 3311 2962 3046 3127 2727 2850 2124 2923 1864 1114 1417 898 550 211 111 0 0 0 0 0 0 0 0 0 
0 0 0 0 0 0 0 0 0 84 324 556 995 1140 1451 2251 2013 2229 2964 2867 3114 3178 3182 3201 3082 3115 3201 3213 3179 3195 3198 3185 3287 3123 3114 3181 3134 2921 3073 3123 2773 2693 2187 2868 1854 1079 1396 955 519 215 119 1 0 0 0 0 0 0 0 0 
0 0 0 0 0 0 0 0 0 77 336 506 946 1147 1378 2234 1873 2149 2826 2658 2834 2915 2895 2865 2909 3010 2891 2974 3026 2986 3042 2980 3032 2926 2993 2874 2964 2644 2773 2885 2576 2498 1988 2619 1799 1078 1329 898 453 210 102 1 0 0 0 0 0 0 0 0 
0 0 0 0 0 0 0 0 0 83 278 479 924 1075 1322 2004 1759 1675 2373 2218 2411 2459 2415 2402 2324 2402 2478 2493 2551 2531 2503 2478 2482 2559 2458 2478 2403 2248 2357 2349 2136 1971 1740 2301 1640 1024 1350 863 460 177 107 0 0 0 0 0 0 0 0 0 
0 0 0 0 0 0 0 0 0 82 278 512 859 1099 1246 1632 1346 1419 1878 1922 1940 1960 1955 1978 1877 2006 2001 1985 2006 2055 2043 2070 1966 2065 1923 1980 2054 1862 1989 1974 1711 1754 1435 1842 1438 980 1268 821 483 182 99 2 0 0 0 0 0 0 0 0 
0 0 0 0 0 0 0 0 0 74 282 476 898 937 996 1405 1080 1095 1469 1404 1488 1512 1597 1500 1562 1509 1531 1633 1570 1584 1598 1635 1549 1560 1546 1572 1593 1439 1521 1462 1418 1341 1019 1475 1137 743 1083 814 482 184 100 0 0 0 0 0 0 0 0 0 
0 0 0 0 0 0 0 0 0 69 266 459 731 764 697 950 778 804 1092 1017 1123 1102 1147 1112 1149 1134 1104 1194 1133 1205 1145 1210 1074 1021 1068 1169 1165 1058 1151 1045 1023 967 755 1067 758 549 839 763 450 168 93 1 0 0 0 0 0 0 0 0 
0 0 0 0 0 0 0 0 0 84 269 419 442 478 445 600 503 518 676 671 664 753 722 762 713 732 710 745 731 744 791 751 750 794 721 730 754 654 748 732 606 631 472 714 570 378 482 518 299 175 107 1 0 0 0 0 0 0 0 0 
0 0 0 0 0 0 0 0 0 66 153 217 209 225 227 261 260 254 333 344 338 324 342 343 354 312 338 337 351 354 380 351 387 334 352 317 357 334 343 317 312 277 234 317 229 187 255 253 170 115 86 2 0 0 0 0 0 0 0 0 
0 0 0 0 0 0 0 0 0 11 18 27 23 30 21 22 22 16 22 35 28 29 42 27 33 36 36 29 32 22 42 36 41 32 42 49 36 33 28 33 35 34 13 27 27 14 20 26 18 17 11 0 0 0 0 0 0 0 0 0 
0 0 0 0 0 0 0 0 0 0 0 0 0 0 0 0 0 0 0 0 0 0 0 0 0 0 0 0 0 0 0 0 0 0 0 0 0 0 0 0 0 0 0 0 0 0 0 0 0 0 0 0 0 0 0 0 0 0 0 0 
0 0 0 0 0 0 0 0 0 0 0 0 0 0 0 0 0 0 0 0 0 0 0 0 0 0 0 0 0 0 0 0 0 0 0 0 0 0 0 0 0 0 0 0 0 0 0 0 0 0 0 0 0 0 0 0 0 0 0 0 
0 0 0 0 0 0 0 0 0 0 0 0 0 0 0 0 0 0 0 0 0 0 0 0 0 0 0 0 0 0 0 0 0 0 0 0 0 0 0 0 0 0 0 0 0 0 0 0 0 0 0 0 0 0 0 0 0 0 0 0 
0 0 0 0 0 0 0 0 0 0 0 0 0 0 0 0 0 0 0 0 0 0 0 0 0 0 0 0 0 0 0 0 0 0 0 0 0 0 0 0 0 0 0 0 0 0 0 0 0 0 0 0 0 0 0 0 0 0 0 0 
0 0 0 0 0 0 0 0 0 0 0 0 0 0 0 0 0 0 0 0 0 0 0 0 0 0 0 0 0 0 0 0 0 0 0 0 0 0 0 0 0 0 0 0 0 0 0 0 0 0 0 0 0 0 0 0 0 0 0 0 
0 0 0 0 0 0 0 0 0 0 0 0 0 0 0 0 0 0 0 0 0 0 0 0 0 0 0 0 0 0 0 0 0 0 0 0 0 0 0 0 0 0 0 0 0 0 0 0 0 0 0 0 0 0 0 0 0 0 0 0 
0 0 0 0 0 0 0 0 0 0 0 0 0 0 0 0 0 0 0 0 0 0 0 0 0 0 0 0 0 0 0 0 0 0 0 0 0 0 0 0 0 0 0 0 0 0 0 0 0 0 0 0 0 0 0 0 0 0 0 0 
0 0 0 0 0 0 0 0 0 0 0 0 0 0 0 0 0 0 0 0 0 0 0 0 0 0 0 0 0 0 0 0 0 0 0 0 0 0 0 0 0 0 0 0 0 0 0 0 0 0 0 0 0 0 0 0 0 0 0 0 
