# Format: McCode with text headers
# URL: http://www.mccode.org
# Creator: McStas 2.5 - Feb. 26, 2020
# Instrument: /zhome/89/0/38697/once/McStas-2.5_CPU_MPICC/PSI_Focus/PSI_Focus.instr
# Ncount: 2500000
# Trace: no
# Gravitation: no
# Seed: 1582960054
# Directory: 1
# Nodes: 4
# Param: lambda=3.4
# Param: chopp_ratio=1
# Param: DET=-69.9
# Date: Wed Feb 26 19:38:27 2020 (1582742307)
# type: array_2d(60, 60)
# Source: PSI_Focus (/zhome/89/0/38697/once/McStas-2.5_CPU_MPICC/PSI_Focus/PSI_Focus.instr)
# component: DivMonMono
# position: 0 0 72.42
# title: Divergence monitor
# Ncount: 10000000
# filename: divmono.dat
# statistics: X0=0.000429005; dX=0.280829; Y0=0.000373944; dY=0.475783;
# signal: Min=0; Max=2.39922e+06; Mean=74173.2;
# values: 2.67024e+08 269429 3.11506e+06
# xvar: X
# yvar: Y
# xlabel: X divergence [deg]
# ylabel: Y divergence [deg]
# zvar: I
# zlabel: Signal per bin
# xylimits: -3 3 -3 3
# variables: I I_err N
# Data [DivMonMono/divmono.dat] I:
0 0 0 0 0 0 0 0 0 0 0 0 0 0 0 0 0 0 0 0 0 0 0 0 0 0 0 0 0 0 0 0 0 0 0 0 0 0 0 0 0 0 0 0 0 0 0 0 0 0 0 0 0 0 0 0 0 0 0 0 
0 0 0 0 0 0 0 0 0 0 0 0 0 0 0 0 0 0 0 0 0 0 0 0 0 0 0 0 0 0 0 0 0 0 0 0 0 0 0 0 0 0 0 0 0 0 0 0 0 0 0 0 0 0 0 0 0 0 0 0 
0 0 0 0 0 0 0 0 0 0 0 0 0 0 0 0 0 0 0 0 0 0 0 0 0 0 0 0 0 0 0 0 0 0 0 0 0 0 0 0 0 0 0 0 0 0 0 0 0 0 0 0 0 0 0 0 0 0 0 0 
0 0 0 0 0 0 0 0 0 0 0 0 0 0 0 0 0 0 0 0 0 0 0 0 0 0 0 0 0 0 0 0 0 0 0 0 0 0 0 0 0 0 0 0 0 0 0 0 0 0 0 0 0 0 0 0 0 0 0 0 
0 0 0 0 0 0 0 0 0 0 0 0 0 0 0 0 0 0 0 0 0 0 0 0 0 0 0 0 0 0 0 0 0 0 0 0 0 0 0 0 0 0 0 0 0 0 0 0 0 0 0 0 0 0 0 0 0 0 0 0 
0 0 0 0 0 0 0 0 0 0 0 0 0 0 0 0 0 0 0 0 0 0 0 0 0 0 0 0 0 0 0 0 0 0 0 0 0 0 0 0 0 0 0 0 0 0 0 0 0 0 0 0 0 0 0 0 0 0 0 0 
0 0 0 0 0 0 0 0 0 0 0 0 0 0 0 0 0 0 0 0 0 0 0 0 0 0 0 0 0 0 0 0 0 0 0 0 0 0 0 0 0 0 0 0 0 0 0 0 0 0 0 0 0 0 0 0 0 0 0 0 
0 0 0 0 0 0 0 0 0 0 0 0 0 0 0 0 0 0 0 0 0 0 0 0 0 0 0 0 0 0 0 0 0 0 0 0 0 0 0 0 0 0 0 0 0 0 0 0 0 0 0 0 0 0 0 0 0 0 0 0 
0 0 0 0 0 0 0 0 0 0 0 0 0 0 0 0 0 0 0 0 0 0 0 0 0 0 0 0 0 0 0 0 0 0 0 0 0 0 0 0 0 0 0 0 0 0 0 0 0 0 0 0 0 0 0 0 0 0 0 0 
0 0 0 0 0 0 0 0 0 0 0 0 0 0 0 0 0 0 0 0 0 0 0 0 0 0 0 0 0 0 0 0 0 0 0 0 0 0 0 0 0 0 0 0 0 0 0 0 0 0 0 0 0 0 0 0 0 0 0 0 
0 0 0 0 0 0 0 0 0 0 0 0 0 0 0 0 0 0 1.702170264e-267 0 8.566356423e-177 0 4.593970446e-129 1.256055019e-119 5.128901727e-118 4.142156431e-119 9.948902966e-118 7.173240747e-128 9.194005056e-119 1.31365176e-118 8.357423464e-127 2.245077333e-119 4.098904879e-119 3.240797364e-119 2.967121298e-119 1.566619101e-118 9.486858623e-120 2.356565315e-135 2.450530429e-130 8.73698915e-186 0 1.101152874e-246 0 0 0 0 0 0 0 0 0 0 0 0 0 0 0 0 0 0 
0 0 0 0 0 0 0 0 0 0 0 0 0 0 0 0 0 2.840869761e-266 8.59398831e-227 1.729887669e-180 3.942545585e-115 1.021712213e-102 1.26615446e-93 2.320456875e-93 2.49787808e-91 8.281430317e-91 1.53752018e-90 1.663845077e-90 2.685770592e-91 5.663130862e-92 1.250274727e-91 4.301658305e-94 4.088534496e-93 5.276125145e-92 5.941582007e-91 9.808937517e-92 1.861677147e-91 4.907995284e-96 2.386911789e-103 3.126713731e-128 8.317157297e-168 1.055292692e-205 3.386336985e-285 0 0 0 0 0 0 0 0 0 0 0 0 0 0 0 0 0 
0 0 0 0 0 0 0 0 0 0 0 0 0 0 0 0 1.539094605e-309 5.697715542e-240 1.226833685e-193 1.533760734e-146 6.937264103e-95 1.639662791e-82 3.130111571e-69 5.490624128e-68 2.558299051e-68 4.970326227e-67 3.359512556e-66 2.084934291e-66 1.155248533e-66 2.060714688e-66 2.360176596e-67 5.383312246e-67 5.69418897e-67 2.698780948e-67 4.447973584e-66 1.432125527e-67 1.089170002e-66 4.176850044e-69 2.743658088e-77 7.295808186e-105 4.206903124e-137 1.579245626e-177 7.908748396e-253 4.472581431e-292 0 0 0 0 0 0 0 0 0 0 0 0 0 0 0 0 
0 0 0 0 0 0 0 0 0 0 0 0 0 0 0 0 3.77280062e-287 2.462881298e-211 1.111206991e-167 1.171659167e-120 1.558857631e-75 1.127500528e-56 8.835064406e-48 1.377858826e-45 5.153845997e-45 6.384505206e-47 2.479274498e-44 8.700030877e-45 1.474373626e-44 1.847738753e-45 2.039947338e-44 9.735000634e-45 4.607240971e-44 1.580436022e-45 1.446123566e-44 5.412559787e-47 7.085255885e-46 8.821557145e-49 1.028082329e-54 2.534950152e-79 3.619697774e-112 7.250477129e-163 6.66149373e-227 1.340185753e-278 0 0 0 0 0 0 0 0 0 0 0 0 0 0 0 0 
0 0 0 0 0 0 0 0 0 0 0 0 0 0 0 0 2.364215602e-273 5.749902306e-191 1.158746606e-149 9.329649462e-106 2.150381229e-47 8.25997686e-38 6.388896924e-28 6.006855622e-27 1.861410932e-26 3.739776932e-26 2.183426141e-26 3.480156574e-26 6.044269314e-27 2.51032416e-26 7.868922149e-27 7.604367401e-26 4.922648362e-26 3.038670237e-26 1.603086519e-26 9.588134294e-27 9.486157796e-27 5.009548397e-28 6.226667061e-38 1.863494324e-65 4.402819756e-99 3.599245833e-128 3.404547388e-210 1.425081973e-268 0 0 0 0 0 0 0 0 0 0 0 0 0 0 0 0 
0 0 0 0 0 0 0 0 0 0 0 0 0 0 0 0 1.05626918e-239 4.206070664e-179 5.494779418e-136 8.484909923e-95 7.598880046e-38 8.599115945e-21 1.024596412e-13 2.120201946e-11 1.222030784e-11 4.501847979e-11 3.536175535e-11 1.774856221e-11 7.368836723e-11 5.324887408e-11 6.79269787e-11 1.200655173e-11 9.544083109e-11 7.840757167e-11 5.067321763e-11 5.317446595e-11 4.850613101e-12 7.085484436e-14 6.753603985e-20 5.704783342e-50 1.46113725e-77 1.933797535e-117 1.613829473e-194 1.879936878e-252 0 0 0 0 0 0 0 0 0 0 0 0 0 0 0 0 
0 0 0 0 0 0 0 0 0 0 0 0 0 0 0 0 2.307602562e-233 1.411659193e-161 3.25210109e-119 1.005133306e-81 4.665247307e-25 7.380008029e-10 0.001493019401 0.08881705081 0.372204122 0.5250158563 1.619086389 1.342540917 0.9340389626 0.5853867908 0.943253672 0.967065464 1.34619307 0.753450146 1.049698933 0.4924249242 0.1644005191 0.01723088313 1.049606701e-09 3.4908648e-36 2.112752848e-66 4.814552204e-103 4.133955927e-184 1.805781519e-238 0 0 0 0 0 0 0 0 0 0 0 0 0 0 0 0 
0 0 0 0 0 0 0 0 0 0 0 0 0 0 0 0 2.318581798e-230 2.331234366e-156 4.806976533e-116 7.161688304e-74 2.288484699e-23 2.224810786e-05 33.77281971 1558.470286 3338.96769 6635.099649 7139.088191 7882.753919 7932.152367 8925.017928 8179.043133 8943.584623 7638.142694 7603.408806 6042.905824 3719.086683 987.5494658 74.13002181 0.0002907324847 2.087386326e-32 7.049263977e-61 4.291517213e-102 5.11314612e-178 4.477715682e-230 0 0 0 0 0 0 0 0 0 0 0 0 0 0 0 0 
0 0 0 0 0 0 0 0 0 0 0 0 0 0 0 0 1.757055309e-240 4.00494014e-156 5.418700957e-117 1.947788273e-65 1.406776707e-22 6.284113242e-05 154.9825822 13318.32693 35973.26977 81046.23776 105967.1699 108333.018 116461.4086 121983.8143 115657.3301 113235.3301 120460.2447 105639.5805 84975.65628 45505.45421 8050.947692 557.3237406 0.0005909846635 3.911483267e-31 3.439903127e-61 1.160747598e-97 2.966446106e-176 5.541144223e-229 2.570873013e-282 0 0 0 0 0 0 0 0 0 0 0 0 0 0 0 
0 0 0 0 0 0 0 0 0 0 0 0 0 0 0 0 1.185662706e-230 3.428393464e-157 8.839507892e-119 1.077906805e-72 1.341889014e-20 0.0003907123022 252.212802 21286.37295 70002.1276 208015.7502 296699.8462 313880.7469 331517.7981 342607.9814 348210.3528 338892.3682 336068.0361 295367.9324 192234.639 97569.1312 10736.66123 604.6813142 0.0006753595575 1.529590884e-32 7.426672049e-61 4.415500582e-102 1.912938036e-182 5.206440203e-237 0 0 0 0 0 0 0 0 0 0 0 0 0 0 0 0 
0 0 0 0 0 0 0 0 0 0 0 0 0 0 0 0 1.260224174e-232 3.553647202e-157 6.117279695e-116 1.133306123e-75 5.813534402e-21 0.0001382560652 302.7738416 27683.17484 89018.78382 288066.0435 452592.4045 497209.2363 560426.4468 591979.7862 565301.9487 562659.2611 537791.4561 434497.768 270834.2754 121508.7462 12209.74554 887.1323786 0.000820463739 1.950865696e-32 3.292466889e-62 2.582665749e-99 1.235697573e-177 2.428997666e-230 1.969740774e-280 0 0 0 0 0 0 0 0 0 0 0 0 0 0 0 
0 0 0 0 0 0 0 0 0 0 0 0 0 0 0 0 1.540824731e-231 5.435982813e-153 4.376488475e-118 4.515761604e-69 1.460036763e-21 0.0002243274567 286.9645174 27344.63044 96783.74488 306763.9079 497704.2136 569266.4299 621249.6167 609864.7625 616354.8201 615171.3598 575251.2007 456374.5168 303151.4013 124127.4411 13075.43767 987.8769428 0.0002951856376 5.649606677e-33 9.918046572e-61 1.106202471e-101 1.04584705e-178 4.341904032e-233 1.396053319e-287 0 0 0 0 0 0 0 0 0 0 0 0 0 0 0 
0 0 0 0 0 0 0 0 0 0 0 0 0 0 0 0 6.680164542e-231 2.707849127e-155 2.780231853e-116 5.528413895e-72 7.021103644e-22 0.0002760364159 321.2447669 27892.86666 97541.07736 308119.0781 490711.8554 516615.8226 590638.3865 634256.7947 608650.7931 580976.1454 565499.5806 460114.7833 293165.0573 125263.5938 14206.39654 828.9168834 0.001281146576 2.391776419e-32 2.469224033e-61 1.208989404e-100 6.380209991e-177 5.865636649e-228 6.665601633e-283 0 0 0 0 0 0 0 0 0 0 0 0 0 0 0 
0 0 0 0 0 0 0 0 0 0 0 0 0 0 0 0 2.924869018e-229 3.090818525e-156 6.673700464e-115 6.119911427e-70 5.342273314e-21 0.0005795559492 461.8890408 47734.11414 156681.9039 429170.5584 623257.6234 683553.0325 757445.298 752148.0846 759879.2379 740374.5322 729227.8434 608279.5028 400302.1271 196375.2059 24600.26691 1603.37757 0.003053258336 6.111233272e-31 1.086818984e-59 1.306565554e-98 1.745791809e-176 1.70262684e-231 0 0 0 0 0 0 0 0 0 0 0 0 0 0 0 0 
0 0 0 0 0 0 0 0 0 0 0 0 0 0 0 0 4.436099312e-226 2.792327457e-157 7.94460016e-116 3.022393208e-68 5.379733709e-21 0.0006751460636 555.8512865 67252.35192 223435.0932 674803.3873 1021189.006 1078960.056 1246468.378 1256191.994 1236681.707 1198406.349 1191115.596 968602.6715 636937.7167 296319.1915 31452.79987 2171.195644 0.001308321274 2.046015786e-31 1.221768676e-59 7.539983705e-95 1.830886538e-175 8.714628185e-229 0 0 0 0 0 0 0 0 0 0 0 0 0 0 0 0 
0 0 0 0 0 0 0 0 0 0 0 0 0 0 0 0 3.085944415e-227 9.028267779e-156 5.086367223e-113 7.342204885e-65 1.584037483e-20 0.0004850216195 799.5653884 77621.18573 281925.3504 883793.6441 1423649.698 1574501.084 1744608.759 1820831.85 1810268.554 1805967.941 1697774.787 1368270.185 854089.6177 361405.4395 38538.56919 2951.92101 0.002093157591 5.033112138e-32 1.95847019e-59 1.064439461e-96 1.5313778e-175 4.306561842e-228 0 0 0 0 0 0 0 0 0 0 0 0 0 0 0 0 
0 0 0 0 0 0 0 0 0 0 0 0 0 0 0 0 5.616078453e-229 1.465654108e-155 2.839060792e-114 1.386921664e-69 8.31112717e-22 0.0005468243705 757.9174277 89178.83869 323403.4004 1071622.672 1675387.982 1924769.455 2142752.791 2139228.256 2175461.636 2090310.662 2125043.498 1598914.62 1004264.19 420622.4127 42796.84968 2815.155167 0.001878206283 9.338689215e-32 3.258825387e-60 1.149225373e-94 1.670961572e-174 1.982448113e-232 3.794274963e-283 0 0 0 0 0 0 0 0 0 0 0 0 0 0 0 
0 0 0 0 0 0 0 0 0 0 0 0 0 0 0 0 6.442910934e-229 4.754805657e-159 1.604495767e-114 1.441290376e-72 4.56122638e-21 0.0006067136738 759.7156667 90144.48255 341269.6339 1121648.413 1762725.543 2046103.409 2290568.505 2316132.269 2259021.486 2261209.149 2125585.38 1720767.11 1071453.715 437583.1235 46401.46491 2818.395638 0.003554943468 2.878224595e-30 3.15913284e-59 1.310818718e-98 3.526908262e-175 7.841985024e-230 0 0 0 0 0 0 0 0 0 0 0 0 0 0 0 0 
0 0 0 0 0 0 0 0 0 0 0 0 0 0 0 0 2.136729919e-227 1.094045126e-155 6.978701843e-114 5.580350204e-70 2.222730158e-21 0.001213676343 729.3268086 97151.46814 338611.4294 1122434.161 1831935.546 2025758.952 2285507.286 2349858.123 2303005.303 2278294.26 2303128.755 1746559.155 1092723.477 441544.8187 46492.61517 2628.84561 0.001485517485 1.462730636e-31 1.666192829e-58 5.251722472e-95 2.157748365e-174 7.327420635e-227 0 0 0 0 0 0 0 0 0 0 0 0 0 0 0 0 
0 0 0 0 0 0 0 0 0 0 0 0 0 0 0 0 7.456159465e-231 1.291362607e-153 9.18293955e-114 1.708521929e-66 1.498651316e-21 0.001988067467 780.2223461 97151.82965 335192.9656 1140517.355 1838506.685 2082190.631 2287692.017 2356315.107 2387983.845 2275325.976 2237970.054 1794856.015 1105340.62 438962.5803 44619.19751 2905.354422 0.003807571497 1.762092665e-32 5.91716688e-60 4.024473699e-96 1.198916066e-174 3.453201231e-232 5.45615497e-282 0 0 0 0 0 0 0 0 0 0 0 0 0 0 0 
0 0 0 0 0 0 0 0 0 0 0 0 0 0 0 0 3.282857193e-231 2.580111625e-156 7.868493419e-115 4.569057047e-69 7.534613999e-21 0.0004047369898 795.4737152 97909.38582 342867.867 1122226.031 1866606.991 2046090.998 2284239.145 2399220.768 2322304.533 2258943.654 2282415.978 1733937.548 1080755.226 433241.9905 47162.16043 2478.288995 0.002655914684 7.43727342e-31 4.512979089e-60 3.412489282e-96 1.402838267e-176 4.427055228e-232 0 0 0 0 0 0 0 0 0 0 0 0 0 0 0 0 
0 0 0 0 0 0 0 0 0 0 0 0 0 0 0 0 3.68679531e-230 2.119322621e-155 6.263717119e-116 8.568337342e-71 3.797002068e-21 0.0003236459776 746.7806099 95577.4691 328354.1028 1141643.745 1838235.329 2041002.905 2309818.651 2389424.205 2312695.625 2350969.494 2220520.71 1720202.391 1082358.521 431538.0661 45153.77104 2868.138701 0.002497054744 1.065631e-30 3.618048005e-61 1.996920576e-94 4.125607832e-175 4.013163185e-227 6.886771584e-283 0 0 0 0 0 0 0 0 0 0 0 0 0 0 0 
0 0 0 0 0 0 0 0 0 0 0 0 0 0 0 0 3.900539768e-232 3.069908574e-155 9.635023662e-113 2.225829552e-69 3.026338034e-21 0.000212159768 689.5170124 89357.83814 339758.8225 1139633.582 1828586.162 2071314.371 2279036.907 2303711.974 2265858.824 2266098.386 2209130.776 1725023.016 1045234.753 442348.7433 46675.26456 2962.066526 0.001912267903 4.349846911e-31 8.440114642e-61 7.63391746e-96 7.030663943e-175 2.683437747e-227 1.707330902e-280 0 0 0 0 0 0 0 0 0 0 0 0 0 0 0 
0 0 0 0 0 0 0 0 0 0 0 0 0 0 0 0 4.098020876e-229 1.045128052e-154 6.926815886e-114 5.670472807e-72 2.145285838e-20 0.000781601233 805.884227 87033.43917 304116.2048 1062082.6 1697394.826 1934660.558 2142038.559 2195928.902 2107778.462 2072431.429 2049638.134 1614833.552 1023610.423 418233.1515 46111.61661 2281.692021 0.004118353321 1.961727644e-31 1.078677093e-59 2.162630529e-95 3.832181905e-176 3.959538769e-226 0 0 0 0 0 0 0 0 0 0 0 0 0 0 0 0 
0 0 0 0 0 0 0 0 0 0 0 0 0 0 0 0 1.889150842e-227 7.441955314e-154 1.006112239e-114 5.107413217e-74 1.140249106e-20 0.0007784426511 716.9481859 79949.79802 280757.3083 928411.9383 1446607.08 1572420.639 1735107.26 1801092.455 1809959.933 1744760.941 1757648.338 1328244.389 838811.6022 358123.9369 38084.08329 2572.992047 0.004080679308 2.959846758e-31 7.828513957e-60 6.836105074e-97 1.653363348e-177 5.26023173e-229 0 0 0 0 0 0 0 0 0 0 0 0 0 0 0 0 
0 0 0 0 0 0 0 0 0 0 0 0 0 0 0 0 2.170994079e-225 4.1258348e-153 2.134398194e-116 3.16046446e-70 2.019212971e-20 0.004179643198 622.8469466 70701.89192 224947.3679 678130.6111 997092.4791 1125362.262 1187049.064 1240677.473 1245557.582 1210468.442 1205441.95 1002993.558 623689.5307 287080.18 33289.71782 2565.782967 0.002955951949 2.414293031e-32 9.158856359e-59 7.329512689e-97 5.259154587e-176 3.202025098e-227 0 0 0 0 0 0 0 0 0 0 0 0 0 0 0 0 
0 0 0 0 0 0 0 0 0 0 0 0 0 0 0 0 2.026672925e-224 1.417200365e-155 2.346149426e-115 8.313581071e-74 4.111092627e-20 0.0008283494617 468.8966809 50033.48668 157365.3383 437265.4936 643687.6508 675485.9053 767826.0942 768210.07 778142.7868 745852.305 727970.9092 638655.9441 401981.1182 189158.4031 24360.54665 1708.574925 0.00205929069 7.706010638e-31 2.693644741e-60 2.501309142e-96 4.080967384e-175 6.453577194e-228 0 0 0 0 0 0 0 0 0 0 0 0 0 0 0 0 
0 0 0 0 0 0 0 0 0 0 0 0 0 0 0 0 1.226397176e-232 2.634356551e-158 1.746110103e-114 2.360238167e-74 1.512616613e-20 0.0001931813524 246.789367 29580.90088 101026.5659 307524.4264 480018.813 560791.6474 627885.6292 606495.2778 613713.5937 614061.8646 574466.9388 470219.7107 292408.5602 120788.0009 14934.28871 958.626931 0.003883165726 8.29371662e-32 9.47911071e-59 2.840832438e-98 1.317148447e-177 1.175915991e-224 3.785023523e-283 0 0 0 0 0 0 0 0 0 0 0 0 0 0 0 
0 0 0 0 0 0 0 0 0 0 0 0 0 0 0 0 1.337889733e-224 3.191572784e-154 2.674071823e-117 1.47372848e-74 1.136658511e-22 0.0003653291694 270.6236999 26664.69471 92812.83237 306704.8281 476485.716 565988.2679 625181.5369 621306.9414 618499.0764 606964.1778 585132.5897 480079.0281 301730.2763 122432.8528 13091.64622 935.61957 0.001521786627 2.732554126e-32 9.651840675e-63 3.973055531e-98 8.271522405e-175 8.056652796e-235 1.220633207e-286 0 0 0 0 0 0 0 0 0 0 0 0 0 0 0 
0 0 0 0 0 0 0 0 0 0 0 0 0 0 0 0 7.948904134e-233 2.255753452e-158 7.441591541e-114 6.299207386e-78 2.007635004e-20 0.001624866686 240.2687892 26861.67089 91212.5246 290265.8167 437482.5884 514462.1866 545940.8794 569669.7795 560963.5152 554156.1504 521776.352 414700.7537 273484.9149 121566.7988 12516.34582 834.2758768 0.0001288638682 2.691989235e-32 9.474869586e-62 4.105925894e-98 5.526453748e-175 4.746168575e-231 0 0 0 0 0 0 0 0 0 0 0 0 0 0 0 0 
0 0 0 0 0 0 0 0 0 0 0 0 0 0 0 0 7.066617349e-235 1.695736086e-155 4.912605022e-114 2.959375954e-77 1.002746829e-20 0.001269770476 162.1387015 23132.37652 76828.72642 204653.2487 294467.701 307563.3202 350752.669 337610.9831 344483.0737 347728.22 334851.452 290750.2447 196544.2249 92245.51325 11244.73958 983.207353 0.0009452278528 4.867809924e-32 3.506940891e-61 1.790498816e-96 3.909234734e-176 3.678085195e-228 0 0 0 0 0 0 0 0 0 0 0 0 0 0 0 0 
0 0 0 0 0 0 0 0 0 0 0 0 0 0 0 0 1.383970124e-232 1.529551256e-155 1.000341358e-116 5.240410389e-76 5.691567144e-21 0.0002275320641 156.8034228 12628.2404 35791.6024 85076.45788 106685.7442 110900.6962 114468.734 125585.2951 116588.1794 118453.6666 113826.7337 107131.9166 76039.22495 46333.83328 7606.665725 503.6664634 4.776172197e-05 1.939707722e-32 1.441209676e-60 3.459271335e-102 3.777774714e-178 3.623525402e-227 0 0 0 0 0 0 0 0 0 0 0 0 0 0 0 0 
0 0 0 0 0 0 0 0 0 0 0 0 0 0 0 0 1.608431349e-231 6.895035974e-156 2.643943526e-117 3.172646952e-70 1.677873733e-22 9.464382341e-06 28.00231501 1436.864384 3981.274634 6916.54566 7178.545136 7551.852222 8550.772251 9069.932565 9463.280461 8596.116312 7281.501112 8070.724508 7233.188769 3769.417486 992.89307 105.4719046 0.0001687749163 6.396717742e-34 9.480092243e-63 1.66938421e-99 7.271378796e-178 1.075540432e-232 0 0 0 0 0 0 0 0 0 0 0 0 0 0 0 0 
0 0 0 0 0 0 0 0 0 0 0 0 0 0 0 0 3.493866562e-229 1.596276183e-165 8.249949829e-121 1.949967508e-81 5.247481681e-26 1.392298513e-09 0.005706820605 0.3416742775 0.4682523949 1.25792004 1.050013927 0.7700960512 0.5766033789 1.060559196 1.009720944 1.223529826 1.136659966 0.8146037271 1.566340362 0.7678774396 0.07993962079 0.007207469049 1.157684722e-10 1.896467943e-38 1.915598112e-70 1.132766317e-101 9.688797677e-185 5.63190101e-235 0 0 0 0 0 0 0 0 0 0 0 0 0 0 0 0 
0 0 0 0 0 0 0 0 0 0 0 0 0 0 0 0 2.069949714e-250 7.441311845e-175 1.463738198e-138 3.257431003e-95 3.062759854e-37 7.585394819e-25 2.273383106e-14 8.8953933e-12 1.655725171e-11 9.170681689e-11 2.615094854e-11 4.985405094e-12 3.754642534e-11 3.042779745e-11 5.941878381e-11 1.239244611e-10 2.731788769e-11 2.650481333e-11 3.262048959e-11 1.408709216e-11 1.570183179e-12 2.033414048e-13 5.582884973e-21 6.045860131e-50 2.620380221e-76 7.800567907e-116 3.489247543e-195 1.383856172e-248 0 0 0 0 0 0 0 0 0 0 0 0 0 0 0 0 
0 0 0 0 0 0 0 0 0 0 0 0 0 0 0 0 3.346256723e-261 2.152570373e-194 5.689014411e-145 6.825853792e-110 1.437100936e-51 1.185930971e-37 9.488881391e-29 1.805463e-27 2.705306786e-26 4.523033062e-26 6.794468358e-26 5.980270676e-26 1.927469907e-26 3.537393558e-26 2.958487735e-26 2.167503369e-26 2.511012565e-26 1.680377811e-26 6.022922807e-26 4.499507541e-26 7.478655252e-27 2.452165223e-27 2.730037261e-34 8.58485702e-66 1.155469449e-95 4.698124499e-134 1.179538124e-214 5.249702271e-267 0 0 0 0 0 0 0 0 0 0 0 0 0 0 0 0 
0 0 0 0 0 0 0 0 0 0 0 0 0 0 0 0 1.930731224e-281 1.008113207e-212 4.099915445e-173 8.066626209e-121 9.118482288e-72 1.465604075e-57 9.941412356e-49 5.590646686e-46 9.082617144e-45 1.003615529e-44 8.633373533e-45 3.051530333e-45 4.726705783e-45 1.222552661e-44 1.848639728e-45 2.953532449e-44 4.366575644e-45 9.904555816e-45 2.321571201e-44 1.593739944e-45 3.916512316e-45 3.808856251e-46 1.682757373e-54 6.907951043e-87 2.479622803e-113 1.119276034e-152 6.069841192e-227 1.273582352e-287 0 0 0 0 0 0 0 0 0 0 0 0 0 0 0 0 
0 0 0 0 0 0 0 0 0 0 0 0 0 0 0 0 1.688158083e-318 2.670520865e-239 1.217211109e-197 9.172424461e-148 2.603993005e-98 9.191728517e-81 1.233211844e-69 4.156758679e-68 4.889932562e-68 1.366516554e-67 3.160184905e-66 3.04147151e-66 2.376775868e-66 8.498529555e-66 7.916309198e-66 4.643546277e-66 1.972715971e-66 1.297048282e-66 4.436429694e-66 3.455020846e-66 2.706939752e-67 9.083779514e-69 1.10709313e-73 1.850684561e-110 1.466558128e-138 6.567223063e-176 7.182903975e-251 4.059172893e-311 0 0 0 0 0 0 0 0 0 0 0 0 0 0 0 0 
0 0 0 0 0 0 0 0 0 0 0 0 0 0 0 0 0 5.795272756e-251 3.390437754e-220 3.367597101e-185 3.995742063e-127 3.192584844e-110 7.497103887e-103 7.056296371e-92 3.141017237e-91 7.756544994e-91 1.838297309e-91 8.732551147e-92 3.78131701e-92 4.413848874e-91 2.95934307e-93 1.622905398e-92 3.338195828e-91 1.750525552e-91 1.752238931e-92 2.493683851e-93 2.808414517e-91 3.552256889e-92 2.343427484e-100 4.689604936e-138 3.420790567e-161 3.114041524e-203 1.756197617e-278 0 0 0 0 0 0 0 0 0 0 0 0 0 0 0 0 0 
0 0 0 0 0 0 0 0 0 0 0 0 0 0 0 0 0 0 7.180017563e-247 4.472396971e-238 0 1.029811217e-133 5.615093076e-130 7.934530696e-119 2.082982101e-127 2.543140123e-119 0 3.036906903e-128 2.180169855e-118 2.908969786e-118 2.523051882e-127 0 1.141781567e-127 1.506005103e-119 1.398209959e-128 0 1.697949258e-118 3.443620896e-128 3.487436863e-141 3.83210375e-164 0 2.446051364e-289 0 0 0 0 0 0 0 0 0 0 0 0 0 0 0 0 0 0 
0 0 0 0 0 0 0 0 0 0 0 0 0 0 0 0 0 0 0 0 0 0 0 0 0 0 0 0 0 0 0 0 0 0 0 0 0 0 0 0 0 0 0 0 0 0 0 0 0 0 0 0 0 0 0 0 0 0 0 0 
0 0 0 0 0 0 0 0 0 0 0 0 0 0 0 0 0 0 0 0 0 0 0 0 0 0 0 0 0 0 0 0 0 0 0 0 0 0 0 0 0 0 0 0 0 0 0 0 0 0 0 0 0 0 0 0 0 0 0 0 
0 0 0 0 0 0 0 0 0 0 0 0 0 0 0 0 0 0 0 0 0 0 0 0 0 0 0 0 0 0 0 0 0 0 0 0 0 0 0 0 0 0 0 0 0 0 0 0 0 0 0 0 0 0 0 0 0 0 0 0 
0 0 0 0 0 0 0 0 0 0 0 0 0 0 0 0 0 0 0 0 0 0 0 0 0 0 0 0 0 0 0 0 0 0 0 0 0 0 0 0 0 0 0 0 0 0 0 0 0 0 0 0 0 0 0 0 0 0 0 0 
0 0 0 0 0 0 0 0 0 0 0 0 0 0 0 0 0 0 0 0 0 0 0 0 0 0 0 0 0 0 0 0 0 0 0 0 0 0 0 0 0 0 0 0 0 0 0 0 0 0 0 0 0 0 0 0 0 0 0 0 
0 0 0 0 0 0 0 0 0 0 0 0 0 0 0 0 0 0 0 0 0 0 0 0 0 0 0 0 0 0 0 0 0 0 0 0 0 0 0 0 0 0 0 0 0 0 0 0 0 0 0 0 0 0 0 0 0 0 0 0 
0 0 0 0 0 0 0 0 0 0 0 0 0 0 0 0 0 0 0 0 0 0 0 0 0 0 0 0 0 0 0 0 0 0 0 0 0 0 0 0 0 0 0 0 0 0 0 0 0 0 0 0 0 0 0 0 0 0 0 0 
0 0 0 0 0 0 0 0 0 0 0 0 0 0 0 0 0 0 0 0 0 0 0 0 0 0 0 0 0 0 0 0 0 0 0 0 0 0 0 0 0 0 0 0 0 0 0 0 0 0 0 0 0 0 0 0 0 0 0 0 
0 0 0 0 0 0 0 0 0 0 0 0 0 0 0 0 0 0 0 0 0 0 0 0 0 0 0 0 0 0 0 0 0 0 0 0 0 0 0 0 0 0 0 0 0 0 0 0 0 0 0 0 0 0 0 0 0 0 0 0 
0 0 0 0 0 0 0 0 0 0 0 0 0 0 0 0 0 0 0 0 0 0 0 0 0 0 0 0 0 0 0 0 0 0 0 0 0 0 0 0 0 0 0 0 0 0 0 0 0 0 0 0 0 0 0 0 0 0 0 0 
# Errors [DivMonMono/divmono.dat] I_err:
0 0 0 0 0 0 0 0 0 0 0 0 0 0 0 0 0 0 0 0 0 0 0 0 0 0 0 0 0 0 0 0 0 0 0 0 0 0 0 0 0 0 0 0 0 0 0 0 0 0 0 0 0 0 0 0 0 0 0 0 
0 0 0 0 0 0 0 0 0 0 0 0 0 0 0 0 0 0 0 0 0 0 0 0 0 0 0 0 0 0 0 0 0 0 0 0 0 0 0 0 0 0 0 0 0 0 0 0 0 0 0 0 0 0 0 0 0 0 0 0 
0 0 0 0 0 0 0 0 0 0 0 0 0 0 0 0 0 0 0 0 0 0 0 0 0 0 0 0 0 0 0 0 0 0 0 0 0 0 0 0 0 0 0 0 0 0 0 0 0 0 0 0 0 0 0 0 0 0 0 0 
0 0 0 0 0 0 0 0 0 0 0 0 0 0 0 0 0 0 0 0 0 0 0 0 0 0 0 0 0 0 0 0 0 0 0 0 0 0 0 0 0 0 0 0 0 0 0 0 0 0 0 0 0 0 0 0 0 0 0 0 
0 0 0 0 0 0 0 0 0 0 0 0 0 0 0 0 0 0 0 0 0 0 0 0 0 0 0 0 0 0 0 0 0 0 0 0 0 0 0 0 0 0 0 0 0 0 0 0 0 0 0 0 0 0 0 0 0 0 0 0 
0 0 0 0 0 0 0 0 0 0 0 0 0 0 0 0 0 0 0 0 0 0 0 0 0 0 0 0 0 0 0 0 0 0 0 0 0 0 0 0 0 0 0 0 0 0 0 0 0 0 0 0 0 0 0 0 0 0 0 0 
0 0 0 0 0 0 0 0 0 0 0 0 0 0 0 0 0 0 0 0 0 0 0 0 0 0 0 0 0 0 0 0 0 0 0 0 0 0 0 0 0 0 0 0 0 0 0 0 0 0 0 0 0 0 0 0 0 0 0 0 
0 0 0 0 0 0 0 0 0 0 0 0 0 0 0 0 0 0 0 0 0 0 0 0 0 0 0 0 0 0 0 0 0 0 0 0 0 0 0 0 0 0 0 0 0 0 0 0 0 0 0 0 0 0 0 0 0 0 0 0 
0 0 0 0 0 0 0 0 0 0 0 0 0 0 0 0 0 0 0 0 0 0 0 0 0 0 0 0 0 0 0 0 0 0 0 0 0 0 0 0 0 0 0 0 0 0 0 0 0 0 0 0 0 0 0 0 0 0 0 0 
0 0 0 0 0 0 0 0 0 0 0 0 0 0 0 0 0 0 0 0 0 0 0 0 0 0 0 0 0 0 0 0 0 0 0 0 0 0 0 0 0 0 0 0 0 0 0 0 0 0 0 0 0 0 0 0 0 0 0 0 
0 0 0 0 0 0 0 0 0 0 0 0 0 0 0 0 0 0 1.702170264e-267 0 8.566356423e-177 0 4.287885493e-129 1.245601288e-119 5.128901727e-118 5.073084837e-119 8.960450994e-118 5.133068639e-128 1.061632258e-118 1.442182242e-118 7.438525037e-127 2.245077333e-119 3.529879236e-119 3.240797364e-119 2.967121298e-119 1.808975913e-118 1.095448066e-119 2.356565315e-135 3.001274575e-130 8.73698915e-186 0 1.101152874e-246 0 0 0 0 0 0 0 0 0 0 0 0 0 0 0 0 0 0 
0 0 0 0 0 0 0 0 0 0 0 0 0 0 0 0 0 0 0 0 3.954402891e-115 1.024302057e-102 1.264236103e-93 2.112229579e-93 2.490602955e-91 7.848378608e-91 1.350328547e-90 1.206090028e-90 1.777639346e-91 5.175264079e-92 1.020536314e-91 4.284569631e-94 3.885807955e-93 4.105017883e-92 5.93875641e-91 8.81188866e-92 1.634731325e-91 4.655046254e-96 2.391622837e-103 3.13844606e-128 0 0 0 0 0 0 0 0 0 0 0 0 0 0 0 0 0 0 0 0 
0 0 0 0 0 0 0 0 0 0 0 0 0 0 0 0 0 0 0 1.225305781e-146 6.944253782e-95 1.000808753e-82 2.282179152e-69 5.471061891e-68 2.07976614e-68 4.448436018e-67 3.320095105e-66 1.680180566e-66 5.713666672e-67 1.72533565e-66 2.090848038e-67 4.548635405e-67 5.07866762e-67 1.749641515e-67 2.823459912e-66 8.462766524e-68 1.073029408e-66 4.179259694e-69 2.071101361e-77 7.305414598e-105 4.211591291e-137 0 0 0 0 0 0 0 0 0 0 0 0 0 0 0 0 0 0 0 
0 0 0 0 0 0 0 0 0 0 0 0 0 0 0 0 0 0 0 1.035938439e-120 1.559713868e-75 1.127346653e-56 6.359438498e-48 1.210867122e-45 3.760974661e-45 3.676576551e-47 1.230182453e-44 4.923859078e-45 7.294151305e-45 1.171121235e-45 1.439319932e-44 6.227662367e-45 2.937278242e-44 1.362898581e-45 1.245914464e-44 2.189263168e-47 5.328039885e-46 5.546050697e-49 9.528996385e-55 2.536752461e-79 3.622135948e-112 0 0 0 0 0 0 0 0 0 0 0 0 0 0 0 0 0 0 0 
0 0 0 0 0 0 0 0 0 0 0 0 0 0 0 0 0 0 1.158697091e-149 9.339020113e-106 2.151240784e-47 8.19209243e-38 4.329653192e-28 3.797802883e-27 9.823016178e-27 1.8187711e-26 1.686215179e-26 2.787592681e-26 3.423221352e-27 9.865794339e-27 3.641820654e-27 5.410979105e-26 2.713671127e-26 1.381975543e-26 1.048885951e-26 4.589881494e-27 9.084041529e-27 4.359238176e-28 3.114687011e-38 1.863264835e-65 2.853615713e-99 3.603448106e-128 0 0 0 0 0 0 0 0 0 0 0 0 0 0 0 0 0 0 
0 0 0 0 0 0 0 0 0 0 0 0 0 0 0 0 0 0 5.240748852e-136 5.241545206e-95 7.566134737e-38 8.592562015e-21 8.315847334e-14 1.257027547e-11 8.970997428e-12 3.765049424e-11 1.47316341e-11 7.949332442e-12 4.6547496e-11 2.855852214e-11 2.920580702e-11 5.303936083e-12 4.400684227e-11 3.777543459e-11 2.195784688e-11 2.991215695e-11 3.983379955e-12 4.877658904e-14 6.593643588e-20 5.705837525e-50 1.461964218e-77 1.441854866e-117 0 0 0 0 0 0 0 0 0 0 0 0 0 0 0 0 0 0 
0 0 0 0 0 0 0 0 0 0 0 0 0 0 0 0 0 1.405796067e-161 3.249090398e-119 1.00432781e-81 4.664473914e-25 6.420273969e-10 0.000828623359 0.03107627172 0.1038531154 0.2304918753 0.4507428849 0.3668696946 0.2406771071 0.1501378254 0.3062216386 0.3058947175 0.4426583728 0.2870032552 0.326714793 0.159102922 0.04969835698 0.01486269632 8.202416411e-10 2.169921801e-36 2.1137574e-66 4.819930475e-103 0 0 0 0 0 0 0 0 0 0 0 0 0 0 0 0 0 0 
0 0 0 0 0 0 0 0 0 0 0 0 0 0 0 0 0 1.542205977e-156 3.703888849e-116 6.808662613e-74 2.034220547e-23 1.400173457e-05 7.234231553 137.1690212 238.1322493 432.9093665 468.0275479 484.0584257 499.0185119 554.0295292 520.3966697 544.1139435 497.2705415 480.1520447 401.1321115 257.896527 89.42425355 18.05786038 0.0001414909788 1.834691799e-32 7.031812372e-61 4.261357126e-102 0 0 0 0 0 0 0 0 0 0 0 0 0 0 0 0 0 0 
0 0 0 0 0 0 0 0 0 0 0 0 0 0 0 0 0 3.883937013e-156 3.644619186e-117 1.949333523e-65 1.039905991e-22 5.084499125e-05 22.75478562 633.0677604 1299.273547 2470.095718 3140.037176 3197.503759 3393.7123 3482.134428 3376.053325 3326.156282 3401.317843 3089.757646 2540.72311 1533.057545 403.7196973 75.00608503 0.0005240048026 3.837741744e-31 2.784491903e-61 8.018776749e-98 0 0 2.570873013e-282 0 0 0 0 0 0 0 0 0 0 0 0 0 0 0 
0 0 0 0 0 0 0 0 0 0 0 0 0 0 0 0 0 3.171926713e-157 8.691735665e-119 1.077375037e-72 1.166888098e-20 0.0002589557212 36.85148757 957.4464612 2202.458848 4839.866573 6613.454086 6939.845011 7269.358265 7440.131836 7488.842665 7342.217367 7295.820183 6467.359588 4706.67055 2728.876918 545.4147555 89.1021804 0.0003333170752 1.298529432e-32 5.343321156e-61 4.398095351e-102 0 0 0 0 0 0 0 0 0 0 0 0 0 0 0 0 0 0 
0 0 0 0 0 0 0 0 0 0 0 0 0 0 0 0 0 3.559107827e-157 4.892801646e-116 1.105473689e-75 5.175841819e-21 8.648559452e-05 47.11943675 1252.741664 2875.336448 6498.740338 9568.592514 10322.10579 11292.60061 11689.24432 11363.54321 11281.0608 10944.30992 9098.290421 6460.451471 3441.12762 653.2070605 126.3490633 0.0004748546359 1.677209079e-32 3.293244251e-62 2.54039676e-99 0 0 1.969740774e-280 0 0 0 0 0 0 0 0 0 0 0 0 0 0 0 
0 0 0 0 0 0 0 0 0 0 0 0 0 0 0 0 0 5.43321216e-153 3.330155831e-118 4.197115425e-69 1.273794832e-21 0.0001688153692 43.65723748 1341.280423 3184.000258 7292.288978 11171.91271 12323.4361 13293.71996 13273.09264 13283.25386 13193.92526 12627.04686 10311.53842 7529.272261 3785.031962 737.0959008 135.8692235 0.0002093173062 3.14841179e-33 7.445037223e-61 6.817646564e-102 0 0 1.396053319e-287 0 0 0 0 0 0 0 0 0 0 0 0 0 0 0 
0 0 0 0 0 0 0 0 0 0 0 0 0 0 0 0 0 2.712807824e-155 2.344683448e-116 5.424034498e-72 4.034445874e-22 0.0001511673683 40.45519122 1290.380396 3190.997965 7390.331848 11335.73716 12064.9301 13411.04686 14016.33366 13633.53307 13237.51995 12924.53089 10531.14322 7530.007945 3734.536952 697.846284 106.7258947 0.0006347901496 1.713158708e-32 2.248123757e-61 8.641085883e-101 0 0 6.665601633e-283 0 0 0 0 0 0 0 0 0 0 0 0 0 0 0 
0 0 0 0 0 0 0 0 0 0 0 0 0 0 0 0 0 2.176462432e-156 6.000248956e-115 6.123792888e-70 2.873667683e-21 0.0003469407926 44.11657882 1544.718093 3743.812424 8033.632936 11763.97988 12814.78569 13968.76587 13992.5127 13948.78745 13768.62717 13582.06292 11200.81146 7927.544269 4290.160849 903.1971376 157.7794333 0.0009784502855 4.68627494e-31 1.0809806e-59 9.410924452e-99 0 0 0 0 0 0 0 0 0 0 0 0 0 0 0 0 0 0 
0 0 0 0 0 0 0 0 0 0 0 0 0 0 0 0 0 2.16175901e-157 5.671292316e-116 3.024180275e-68 3.450850723e-21 0.0004083719002 55.18646448 1953.639139 4606.140279 10091.90844 14783.78209 15546.16474 17307.09574 17568.97688 17310.91864 16963.8635 16855.36935 13921.28712 10081.85169 5427.718767 1047.228096 187.1268035 0.0005552824901 1.587286314e-31 9.14321272e-60 7.544553326e-95 0 0 0 0 0 0 0 0 0 0 0 0 0 0 0 0 0 0 
0 0 0 0 0 0 0 0 0 0 0 0 0 0 0 0 0 7.591208926e-156 4.909497428e-113 7.346706799e-65 8.914258866e-21 0.0002745111096 69.77808617 2233.453713 5543.205375 12373.47374 18712.26908 20316.33271 22099.56223 22790.59224 22547.69903 22370.09766 21551.01608 17710.67613 12519.00119 6390.070333 1240.108716 247.3357263 0.0009477101292 4.033097773e-32 1.655444066e-59 1.03211861e-96 0 0 0 0 0 0 0 0 0 0 0 0 0 0 0 0 0 0 
0 0 0 0 0 0 0 0 0 0 0 0 0 0 0 0 0 1.097101887e-155 2.003437129e-114 1.364434742e-69 4.453546219e-22 0.0001964087437 69.67067172 2468.910124 6209.735296 14385.50053 21752.13948 24169.48421 26330.10747 26549.51791 26650.8026 25955.16727 25941.64474 20454.607 14443.54775 7247.106486 1347.401064 232.849652 0.0008022808466 7.082552667e-32 2.814863631e-60 1.149770985e-94 0 0 3.794274963e-283 0 0 0 0 0 0 0 0 0 0 0 0 0 0 0 
0 0 0 0 0 0 0 0 0 0 0 0 0 0 0 0 0 3.673650024e-159 1.47717375e-114 1.322957498e-72 3.084163584e-21 0.0003289785877 71.46016458 2485.085066 6439.095634 14892.51657 22738.44 25554.04312 28022.37992 28422.46184 27876.92293 27726.33902 26588.6699 21637.18358 15136.49082 7423.514697 1430.096413 241.6618652 0.00127084004 2.750779725e-30 3.150506932e-59 8.97847629e-99 0 0 0 0 0 0 0 0 0 0 0 0 0 0 0 0 0 0 
0 0 0 0 0 0 0 0 0 0 0 0 0 0 0 0 0 6.73743066e-156 5.704124598e-114 4.928956389e-70 1.454924393e-21 0.0007105766249 69.82746393 2618.545424 6412.545176 14947.54264 23264.08316 25449.08995 28075.80354 28701.83226 28244.60553 27927.77841 27825.96424 21838.95767 15366.7297 7509.909166 1434.518262 227.9579405 0.0006946811733 9.537571159e-32 1.639888839e-58 5.255115566e-95 0 0 0 0 0 0 0 0 0 0 0 0 0 0 0 0 0 0 
0 0 0 0 0 0 0 0 0 0 0 0 0 0 0 0 0 1.274336467e-153 5.916100379e-114 1.709521415e-66 6.651934444e-22 0.001003079466 71.91035975 2618.408787 6394.096414 15101.7917 23434.17222 25941.11673 28088.23412 28783.77813 28858.27001 27924.29172 27479.78549 22188.98699 15459.26775 7514.940293 1415.611865 239.2994412 0.001912345313 8.471699521e-33 3.788350123e-60 4.025900582e-96 0 0 5.45615497e-282 0 0 0 0 0 0 0 0 0 0 0 0 0 0 0 
0 0 0 0 0 0 0 0 0 0 0 0 0 0 0 0 0 2.347238994e-156 7.869141389e-115 4.55455559e-69 4.576199536e-21 0.0002963589161 72.63783977 2632.057645 6526.555817 14962.6328 23641.06845 25729.28618 28141.41897 29094.665 28441.06359 27854.09271 27762.49774 21827.4441 15271.03929 7428.125001 1448.114072 216.8154521 0.00109631816 7.193446869e-31 3.221284453e-60 3.009783445e-96 0 0 0 0 0 0 0 0 0 0 0 0 0 0 0 0 0 0 
0 0 0 0 0 0 0 0 0 0 0 0 0 0 0 0 0 1.652766939e-155 4.556963869e-116 8.53958338e-71 3.693698665e-21 0.0001347726141 69.87910074 2596.238937 6336.978576 15050.73552 23387.81408 25566.78121 28211.38257 28948.44504 28291.81082 28346.387 27317.36208 21693.87046 15292.0623 7401.061564 1428.553676 236.7519158 0.0008841995411 9.219358246e-31 3.07709697e-61 1.998263255e-94 0 0 6.886771584e-283 0 0 0 0 0 0 0 0 0 0 0 0 0 0 0 
0 0 0 0 0 0 0 0 0 0 0 0 0 0 0 0 0 2.214701139e-155 9.054160672e-113 2.15574604e-69 2.563898206e-21 0.0001023031653 67.71919623 2480.715703 6412.154539 15021.98472 23235.92352 25723.99353 27894.13197 28335.81611 27953.39288 27787.78816 27159.96244 21682.31047 14939.87164 7474.185729 1443.726101 253.1346759 0.001028658174 3.406470211e-31 6.347865003e-61 6.533475723e-96 0 0 1.707330902e-280 0 0 0 0 0 0 0 0 0 0 0 0 0 0 0 
0 0 0 0 0 0 0 0 0 0 0 0 0 0 0 0 0 1.045714811e-154 6.93210163e-114 4.974646515e-72 1.471754808e-20 0.000464174041 72.42222997 2445.013966 6004.910527 14315.52814 21859.89632 24220.91953 26350.50137 26878.14107 26235.88322 25804.6514 25460.03284 20544.16918 14611.38483 7247.784561 1438.503749 211.4654408 0.002332467562 1.400647639e-31 7.674683958e-60 1.893016498e-95 0 0 0 0 0 0 0 0 0 0 0 0 0 0 0 0 0 0 
0 0 0 0 0 0 0 0 0 0 0 0 0 0 0 0 0 6.610364413e-154 7.730838153e-115 3.025090454e-74 1.060458104e-20 0.0003377471265 67.92624928 2256.294389 5513.272213 12645.27177 18864.39542 20279.3744 21991.91018 22640.15619 22599.33772 22042.8742 21937.23487 17420.19198 12375.94296 6344.913554 1242.24429 214.8233459 0.001475210457 2.388422328e-31 7.120395756e-60 5.960230661e-97 0 0 0 0 0 0 0 0 0 0 0 0 0 0 0 0 0 0 
0 0 0 0 0 0 0 0 0 0 0 0 0 0 0 0 0 3.014416181e-153 1.832163286e-116 3.162128776e-70 1.93940943e-20 0.003461505873 60.82579422 2000.572585 4615.230556 10134.23316 14550.34862 15945.61275 16934.1917 17473.78276 17457.23966 17054.28311 16899.53186 14283.74313 9991.475074 5326.17048 1107.564643 208.9129486 0.001697268416 2.181131449e-32 5.778621305e-59 4.99028572e-97 0 0 0 0 0 0 0 0 0 0 0 0 0 0 0 0 0 0 
0 0 0 0 0 0 0 0 0 0 0 0 0 0 0 0 0 1.110438506e-155 2.158255509e-115 5.928847446e-74 3.128491985e-20 0.0005870477238 49.29879926 1602.213641 3763.880598 8103.16573 11940.86731 12780.071 14101.76079 14222.67691 14249.72907 13828.61837 13539.88697 11534.84575 7991.734265 4190.931078 842.4539609 159.0784509 0.001623977738 6.397791415e-31 2.165738895e-60 2.488800561e-96 0 0 0 0 0 0 0 0 0 0 0 0 0 0 0 0 0 0 
0 0 0 0 0 0 0 0 0 0 0 0 0 0 0 0 0 2.364507969e-158 1.356484135e-114 1.342692159e-74 8.283448576e-21 0.0001114898738 32.73084008 1344.75751 3288.59023 7370.536509 11209.55201 12631.66374 13789.20519 13721.95447 13749.62352 13589.88782 13035.91263 10690.75294 7471.242592 3661.066712 729.0852524 123.6780832 0.002257655868 8.156374694e-32 9.477026103e-59 1.964473556e-98 0 0 3.785023523e-283 0 0 0 0 0 0 0 0 0 0 0 0 0 0 0 
0 0 0 0 0 0 0 0 0 0 0 0 0 0 0 0 0 3.195139654e-154 2.442280446e-117 1.253792607e-74 7.124169834e-23 0.0001776332718 42.2856638 1302.811112 3155.13724 7321.193383 10942.45488 12271.12094 13346.11855 13411.37472 13327.63727 13131.29632 12767.34213 10559.72048 7504.171985 3739.236186 726.4824008 133.816333 0.0008088619857 2.67823066e-32 9.605172706e-63 3.927499495e-98 0 0 0 0 0 0 0 0 0 0 0 0 0 0 0 0 0 0 
0 0 0 0 0 0 0 0 0 0 0 0 0 0 0 0 0 1.847321357e-158 7.407393842e-114 3.032924808e-78 1.439441556e-20 0.00159473207 35.18642658 1222.861196 2906.356039 6515.405436 9410.735091 10531.47889 11132.68058 11458.02461 11330.09007 11198.78687 10774.13646 8878.780838 6495.032632 3439.608768 661.6745534 116.229365 7.495130759e-05 2.556269791e-32 7.52460323e-62 4.058948852e-98 0 0 0 0 0 0 0 0 0 0 0 0 0 0 0 0 0 0 
0 0 0 0 0 0 0 0 0 0 0 0 0 0 0 0 0 1.698501502e-155 4.837228156e-114 2.752265128e-77 8.073966318e-21 0.001000797466 25.02757121 1012.367906 2348.529199 4831.109411 6599.023091 6832.976558 7510.358689 7402.024006 7427.566219 7437.287418 7260.681342 6413.092771 4789.655418 2646.510056 563.1015744 121.3114072 0.0004544530027 3.662579736e-32 3.448143372e-61 1.548981949e-96 0 0 0 0 0 0 0 0 0 0 0 0 0 0 0 0 0 0 
0 0 0 0 0 0 0 0 0 0 0 0 0 0 0 0 0 7.956202013e-156 9.994973958e-117 2.74651596e-76 5.231028302e-21 0.0002073642187 21.73338669 619.1845812 1283.954891 2530.870868 3133.339145 3235.78175 3334.52356 3542.286873 3393.605036 3377.831743 3331.072977 3111.096309 2398.148694 1537.358023 377.9037798 68.43925477 2.112151139e-05 9.470391362e-33 1.428640238e-60 2.488029532e-102 0 0 0 0 0 0 0 0 0 0 0 0 0 0 0 0 0 0 
0 0 0 0 0 0 0 0 0 0 0 0 0 0 0 0 0 6.911188402e-156 1.871451034e-117 2.940861022e-70 1.621093271e-22 7.192990381e-06 6.039583476 133.0794256 256.5756015 428.4917442 479.5613862 479.6121739 548.7550992 574.5127143 577.2575762 540.7919628 462.497071 520.3883247 452.6737825 264.3069831 88.59495418 17.61420114 9.543149617e-05 6.271726365e-34 8.599243974e-63 1.491175319e-99 0 0 0 0 0 0 0 0 0 0 0 0 0 0 0 0 0 0 
0 0 0 0 0 0 0 0 0 0 0 0 0 0 0 0 0 0 6.075838768e-121 1.819454083e-81 4.992270604e-26 1.377844477e-09 0.002947173486 0.175328588 0.1706647484 0.2741557559 0.299267658 0.1930614699 0.1573341877 0.227015478 0.3372960623 0.4472787627 0.2776159341 0.2880775223 0.3924604712 0.2468461895 0.03117380664 0.003364483884 5.77485337e-11 1.778721243e-38 1.49306306e-70 1.134169615e-101 0 0 0 0 0 0 0 0 0 0 0 0 0 0 0 0 0 0 
0 0 0 0 0 0 0 0 0 0 0 0 0 0 0 0 0 0 9.09630835e-139 2.294459552e-95 3.06288033e-37 7.248927341e-25 1.152464103e-14 4.217164473e-12 1.235832791e-11 3.65580866e-11 1.332212508e-11 2.911708026e-12 2.187801851e-11 1.420564533e-11 2.952324275e-11 5.832922546e-11 1.383605239e-11 1.211325601e-11 2.133995145e-11 6.899062236e-12 6.780008082e-13 1.334239328e-13 3.859467312e-21 5.626859761e-50 2.619634329e-76 7.809742608e-116 0 0 0 0 0 0 0 0 0 0 0 0 0 0 0 0 0 0 
0 0 0 0 0 0 0 0 0 0 0 0 0 0 0 0 0 0 5.697276802e-145 6.545790694e-110 1.436913115e-51 9.622911413e-38 6.016241135e-29 1.176735329e-27 1.485321988e-26 2.948425483e-26 4.375908306e-26 4.939434973e-26 1.32457327e-26 1.746381204e-26 1.837750516e-26 9.399155361e-27 1.508201333e-26 7.123451212e-27 3.56205609e-26 3.800323251e-26 4.630877906e-27 2.419298322e-27 2.143850939e-34 7.080958303e-66 1.154474356e-95 4.092342243e-134 0 0 0 0 0 0 0 0 0 0 0 0 0 0 0 0 0 0 
0 0 0 0 0 0 0 0 0 0 0 0 0 0 0 0 0 0 0 8.077345723e-121 8.062709046e-72 1.00877084e-57 6.588357679e-49 3.758682471e-46 5.531011131e-45 6.766449553e-45 6.595148224e-45 1.584848317e-45 2.79562208e-45 8.596555479e-45 1.401923074e-45 2.336278719e-44 2.212630155e-45 4.841321378e-45 1.650430997e-44 1.451342607e-45 3.718017938e-45 3.761916737e-46 1.443372011e-54 6.900489936e-87 2.481362398e-113 1.120238734e-152 0 0 0 0 0 0 0 0 0 0 0 0 0 0 0 0 0 0 
0 0 0 0 0 0 0 0 0 0 0 0 0 0 0 0 0 0 0 9.192624953e-148 2.602693477e-98 8.890642773e-81 1.223759719e-69 2.95475569e-68 3.240987146e-68 8.996414916e-68 1.764636481e-66 2.832296867e-66 1.452031381e-66 5.431413318e-66 4.75800096e-66 4.015565232e-66 1.761391169e-66 1.216460576e-66 2.695833198e-66 3.422136835e-66 2.423749829e-67 9.03954978e-69 1.086294498e-73 1.852928134e-110 1.468261902e-138 0 0 0 0 0 0 0 0 0 0 0 0 0 0 0 0 0 0 0 
0 0 0 0 0 0 0 0 0 0 0 0 0 0 0 0 0 0 0 0 3.969699209e-127 3.002216012e-110 4.562050678e-103 6.300693533e-92 2.029846472e-91 6.748086076e-91 1.835976809e-91 8.742532692e-92 2.527942303e-92 3.807113771e-91 1.830139487e-93 1.594980342e-92 2.296387535e-91 1.752241355e-91 1.451543967e-92 1.750305519e-93 2.806843057e-91 3.559556363e-92 2.345062362e-100 4.695869755e-138 3.436301636e-161 0 0 0 0 0 0 0 0 0 0 0 0 0 0 0 0 0 0 0 
0 0 0 0 0 0 0 0 0 0 0 0 0 0 0 0 0 0 7.180017563e-247 4.472396971e-238 0 1.189108417e-133 5.615093076e-130 9.717775777e-119 2.437595429e-127 3.114697821e-119 0 3.036906903e-128 2.670151849e-118 1.569993598e-118 2.94410969e-127 0 1.272193066e-127 1.506005103e-119 1.398209959e-128 0 1.960622922e-118 3.443620896e-128 4.271220007e-141 0 0 2.446051364e-289 0 0 0 0 0 0 0 0 0 0 0 0 0 0 0 0 0 0 
0 0 0 0 0 0 0 0 0 0 0 0 0 0 0 0 0 0 0 0 0 0 0 0 0 0 0 0 0 0 0 0 0 0 0 0 0 0 0 0 0 0 0 0 0 0 0 0 0 0 0 0 0 0 0 0 0 0 0 0 
0 0 0 0 0 0 0 0 0 0 0 0 0 0 0 0 0 0 0 0 0 0 0 0 0 0 0 0 0 0 0 0 0 0 0 0 0 0 0 0 0 0 0 0 0 0 0 0 0 0 0 0 0 0 0 0 0 0 0 0 
0 0 0 0 0 0 0 0 0 0 0 0 0 0 0 0 0 0 0 0 0 0 0 0 0 0 0 0 0 0 0 0 0 0 0 0 0 0 0 0 0 0 0 0 0 0 0 0 0 0 0 0 0 0 0 0 0 0 0 0 
0 0 0 0 0 0 0 0 0 0 0 0 0 0 0 0 0 0 0 0 0 0 0 0 0 0 0 0 0 0 0 0 0 0 0 0 0 0 0 0 0 0 0 0 0 0 0 0 0 0 0 0 0 0 0 0 0 0 0 0 
0 0 0 0 0 0 0 0 0 0 0 0 0 0 0 0 0 0 0 0 0 0 0 0 0 0 0 0 0 0 0 0 0 0 0 0 0 0 0 0 0 0 0 0 0 0 0 0 0 0 0 0 0 0 0 0 0 0 0 0 
0 0 0 0 0 0 0 0 0 0 0 0 0 0 0 0 0 0 0 0 0 0 0 0 0 0 0 0 0 0 0 0 0 0 0 0 0 0 0 0 0 0 0 0 0 0 0 0 0 0 0 0 0 0 0 0 0 0 0 0 
0 0 0 0 0 0 0 0 0 0 0 0 0 0 0 0 0 0 0 0 0 0 0 0 0 0 0 0 0 0 0 0 0 0 0 0 0 0 0 0 0 0 0 0 0 0 0 0 0 0 0 0 0 0 0 0 0 0 0 0 
0 0 0 0 0 0 0 0 0 0 0 0 0 0 0 0 0 0 0 0 0 0 0 0 0 0 0 0 0 0 0 0 0 0 0 0 0 0 0 0 0 0 0 0 0 0 0 0 0 0 0 0 0 0 0 0 0 0 0 0 
0 0 0 0 0 0 0 0 0 0 0 0 0 0 0 0 0 0 0 0 0 0 0 0 0 0 0 0 0 0 0 0 0 0 0 0 0 0 0 0 0 0 0 0 0 0 0 0 0 0 0 0 0 0 0 0 0 0 0 0 
0 0 0 0 0 0 0 0 0 0 0 0 0 0 0 0 0 0 0 0 0 0 0 0 0 0 0 0 0 0 0 0 0 0 0 0 0 0 0 0 0 0 0 0 0 0 0 0 0 0 0 0 0 0 0 0 0 0 0 0 
# Events [DivMonMono/divmono.dat] N:
0 0 0 0 0 0 0 0 0 0 0 0 0 0 0 0 0 0 0 0 0 0 0 0 0 0 0 0 0 0 0 0 0 0 0 0 0 0 0 0 0 0 0 0 0 0 0 0 0 0 0 0 0 0 0 0 0 0 0 0 
0 0 0 0 0 0 0 0 0 0 0 0 0 0 0 0 0 0 0 0 0 0 0 0 0 0 0 0 0 0 0 0 0 0 0 0 0 0 0 0 0 0 0 0 0 0 0 0 0 0 0 0 0 0 0 0 0 0 0 0 
0 0 0 0 0 0 0 0 0 0 0 0 0 0 0 0 0 0 0 0 0 0 0 0 0 0 0 0 0 0 0 0 0 0 0 0 0 0 0 0 0 0 0 0 0 0 0 0 0 0 0 0 0 0 0 0 0 0 0 0 
0 0 0 0 0 0 0 0 0 0 0 0 0 0 0 0 0 0 0 0 0 0 0 0 0 0 0 0 0 0 0 0 0 0 0 0 0 0 0 0 0 0 0 0 0 0 0 0 0 0 0 0 0 0 0 0 0 0 0 0 
0 0 0 0 0 0 0 0 0 0 0 0 0 0 0 0 0 0 0 0 0 0 0 0 0 0 0 0 0 0 0 0 0 0 0 0 0 0 0 0 0 0 0 0 0 0 0 0 0 0 0 0 0 0 0 0 0 0 0 0 
0 0 0 0 0 0 0 0 0 0 0 0 0 0 0 0 0 0 0 0 0 0 0 0 0 0 0 0 0 0 0 0 0 0 0 0 0 0 0 0 0 0 0 0 0 0 0 0 0 0 0 0 0 0 0 0 0 0 0 0 
0 0 0 0 0 0 0 0 0 0 0 0 0 0 0 0 0 0 0 0 0 0 0 0 0 0 0 0 0 0 0 0 0 0 0 0 0 0 0 0 0 0 0 0 0 0 0 0 0 0 0 0 0 0 0 0 0 0 0 0 
0 0 0 0 0 0 0 0 0 0 0 0 0 0 0 0 0 0 0 0 0 0 0 0 0 0 0 0 0 0 0 0 0 0 0 0 0 0 0 0 0 0 0 0 0 0 0 0 0 0 0 0 0 0 0 0 0 0 0 0 
0 0 0 0 0 0 0 0 0 0 0 0 0 0 0 0 0 0 0 0 0 0 0 0 0 0 0 0 0 0 0 0 0 0 0 0 0 0 0 0 0 0 0 0 0 0 0 0 0 0 0 0 0 0 0 0 0 0 0 0 
0 0 0 0 0 0 0 0 0 0 0 0 0 0 0 0 0 0 0 0 0 0 0 0 0 0 0 0 0 0 0 0 0 0 0 0 0 0 0 0 0 0 0 0 0 0 0 0 0 0 0 0 0 0 0 0 0 0 0 0 
0 0 0 0 0 0 0 0 0 0 0 0 0 0 0 0 0 0 1 0 1 0 2 3 1 2 2 3 3 3 3 1 5 1 1 3 3 1 2 1 0 1 0 0 0 0 0 0 0 0 0 0 0 0 0 0 0 0 0 0 
0 0 0 0 0 0 0 0 0 0 0 0 0 0 0 0 14 69 89 81 166 197 238 320 339 384 378 388 371 343 413 394 370 358 362 324 300 240 242 133 144 91 50 18 1 0 0 0 0 0 0 0 0 0 0 0 0 0 0 0 
0 0 0 0 0 0 0 0 0 0 0 0 0 0 0 0 19 117 243 207 496 630 658 875 1010 1054 1059 1084 1117 1078 1106 1108 1072 1070 1059 983 856 797 686 374 441 233 126 17 0 0 0 0 0 0 0 0 0 0 0 0 0 0 0 0 
0 0 0 0 0 0 0 0 0 0 0 0 0 0 0 0 21 143 372 380 909 1140 1166 1662 1800 1931 1907 2022 1969 1992 1967 1983 1954 2052 1948 1767 1612 1418 1115 703 742 369 166 26 0 0 0 0 0 0 0 0 0 0 0 0 0 0 0 0 
0 0 0 0 0 0 0 0 0 0 0 0 0 0 0 0 19 178 402 487 1247 1591 1654 2348 2675 2888 2729 2693 2849 2881 2834 2818 2870 2753 2730 2567 2257 1995 1624 1066 830 428 141 21 0 0 0 0 0 0 0 0 0 0 0 0 0 0 0 0 
0 0 0 0 0 0 0 0 0 0 0 0 0 0 0 0 17 187 365 493 1369 1952 2086 2869 3215 3269 3335 3347 3617 3421 3472 3563 3464 3447 3335 3193 2612 2423 1944 1182 882 402 142 15 0 0 0 0 0 0 0 0 0 0 0 0 0 0 0 0 
0 0 0 0 0 0 0 0 0 0 0 0 0 0 0 0 21 190 447 486 1365 2093 2141 3094 3387 3644 3643 3620 3713 3700 3762 3726 3569 3650 3620 3308 2889 2636 1999 1196 865 431 136 26 0 0 0 0 0 0 0 0 0 0 0 0 0 0 0 0 
0 0 0 0 0 0 0 0 0 0 0 0 0 0 0 0 34 216 473 525 1491 2218 2401 3213 3664 3819 3794 3739 4037 3961 3997 4012 3919 3886 3816 3552 3146 2768 2194 1216 1045 441 190 26 0 0 0 0 0 0 0 0 0 0 0 0 0 0 0 0 
0 0 0 0 0 0 0 0 0 0 0 0 0 0 0 0 20 213 561 630 1762 2433 2571 3645 4103 4274 4369 4324 4448 4474 4435 4392 4455 4225 4429 4046 3564 3208 2450 1453 1212 538 252 29 1 0 0 0 0 0 0 0 0 0 0 0 0 0 0 0 
0 0 0 0 0 0 0 0 0 0 0 0 0 0 0 0 25 259 569 727 2074 2788 3025 4243 4717 4995 4903 4962 5107 5160 5190 5117 5124 5155 4976 4517 4063 3707 2711 1642 1368 637 205 24 0 0 0 0 0 0 0 0 0 0 0 0 0 0 0 0 
0 0 0 0 0 0 0 0 0 0 0 0 0 0 0 0 28 239 567 769 2177 3143 3384 4756 5380 5587 5564 5621 5728 5905 5840 5793 5857 5702 5491 5212 4473 4165 3119 1806 1360 668 201 36 1 0 0 0 0 0 0 0 0 0 0 0 0 0 0 0 
0 0 0 0 0 0 0 0 0 0 0 0 0 0 0 0 29 248 600 734 2208 3349 3506 4796 5542 5829 5832 5823 6059 5943 6040 5939 5867 5834 5843 5235 4639 4216 3232 1853 1432 666 222 29 1 0 0 0 0 0 0 0 0 0 0 0 0 0 0 0 
0 0 0 0 0 0 0 0 0 0 0 0 0 0 0 0 35 272 625 818 2261 3384 3679 5015 5828 5914 5984 5772 6154 6132 6140 6084 6119 6011 5781 5385 4853 4268 3194 2000 1471 683 266 37 1 0 0 0 0 0 0 0 0 0 0 0 0 0 0 0 
0 0 0 0 0 0 0 0 0 0 0 0 0 0 0 0 44 239 624 786 2318 3443 3544 5198 5845 6113 5980 6034 6229 6239 6395 6247 6255 6089 6020 5623 4947 4519 3337 1987 1448 686 264 36 0 0 0 0 0 0 0 0 0 0 0 0 0 0 0 0 
0 0 0 0 0 0 0 0 0 0 0 0 0 0 0 0 30 283 675 845 2461 3579 3734 5281 5848 6149 6161 6098 6564 6443 6439 6291 6329 6255 6061 5709 4960 4457 3388 1976 1512 699 267 49 0 0 0 0 0 0 0 0 0 0 0 0 0 0 0 0 
0 0 0 0 0 0 0 0 0 0 0 0 0 0 0 0 43 280 671 808 2380 3630 3904 5233 6006 6148 6250 6224 6383 6544 6596 6673 6376 6433 6241 5796 5101 4667 3458 2045 1522 707 256 50 0 0 0 0 0 0 0 0 0 0 0 0 0 0 0 0 
0 0 0 0 0 0 0 0 0 0 0 0 0 0 0 0 25 299 661 816 2360 3608 3913 5395 6155 6500 6350 6517 6735 6608 6774 6602 6842 6503 6322 5856 5231 4757 3519 2073 1549 728 255 32 1 0 0 0 0 0 0 0 0 0 0 0 0 0 0 0 
0 0 0 0 0 0 0 0 0 0 0 0 0 0 0 0 27 287 705 890 2566 3717 4020 5696 6485 6653 6434 6614 6836 6809 6720 6814 6555 6694 6597 6077 5262 4776 3767 2142 1609 773 259 45 0 0 0 0 0 0 0 0 0 0 0 0 0 0 0 0 
0 0 0 0 0 0 0 0 0 0 0 0 0 0 0 0 50 287 715 913 2619 3868 4042 5702 6313 6557 6647 6538 6782 6877 6806 6818 7029 6780 6647 5973 5371 4755 3710 2078 1677 734 271 35 0 0 0 0 0 0 0 0 0 0 0 0 0 0 0 0 
0 0 0 0 0 0 0 0 0 0 0 0 0 0 0 0 37 298 727 854 2525 3824 4000 5691 6484 6605 6596 6642 6789 6874 7010 6807 6806 6909 6725 6011 5351 4782 3780 2189 1582 737 303 36 1 0 0 0 0 0 0 0 0 0 0 0 0 0 0 0 
0 0 0 0 0 0 0 0 0 0 0 0 0 0 0 0 29 281 653 788 2596 3873 3998 5707 6321 6580 6646 6516 6747 6973 6823 6738 6931 6694 6634 6003 5497 4923 3716 2126 1596 718 273 34 0 0 0 0 0 0 0 0 0 0 0 0 0 0 0 0 
0 0 0 0 0 0 0 0 0 0 0 0 0 0 0 0 33 320 716 878 2444 3849 4016 5566 6190 6738 6586 6585 6861 6986 6843 7050 6774 6645 6557 6031 5386 4830 3710 2204 1605 718 287 34 1 0 0 0 0 0 0 0 0 0 0 0 0 0 0 0 
0 0 0 0 0 0 0 0 0 0 0 0 0 0 0 0 29 297 700 859 2454 3810 3976 5550 6397 6717 6629 6692 6831 6777 6725 6815 6784 6701 6497 6112 5425 4689 3612 2151 1633 733 240 40 1 0 0 0 0 0 0 0 0 0 0 0 0 0 0 0 
0 0 0 0 0 0 0 0 0 0 0 0 0 0 0 0 27 272 626 805 2404 3643 4005 5387 5977 6435 6431 6542 6717 6798 6561 6563 6605 6555 6429 5853 5307 4651 3568 2064 1534 717 269 43 0 0 0 0 0 0 0 0 0 0 0 0 0 0 0 0 
0 0 0 0 0 0 0 0 0 0 0 0 0 0 0 0 26 264 670 790 2404 3665 3864 5339 6164 6424 6332 6227 6372 6481 6567 6419 6592 6252 6121 5721 5078 4698 3576 2012 1538 741 272 42 0 0 0 0 0 0 0 0 0 0 0 0 0 0 0 0 
0 0 0 0 0 0 0 0 0 0 0 0 0 0 0 0 37 315 620 851 2358 3595 3802 5331 5904 6155 6104 6238 6216 6349 6393 6320 6480 6293 6063 5611 4982 4582 3407 1981 1531 717 264 34 0 0 0 0 0 0 0 0 0 0 0 0 0 0 0 0 
0 0 0 0 0 0 0 0 0 0 0 0 0 0 0 0 28 294 660 757 2378 3448 3585 5104 5751 6106 6083 5977 6334 6301 6364 6262 6168 6318 6038 5531 4958 4268 3319 1835 1430 718 250 36 0 0 0 0 0 0 0 0 0 0 0 0 0 0 0 0 
0 0 0 0 0 0 0 0 0 0 0 0 0 0 0 0 29 235 586 769 2263 3412 3566 5023 5663 5899 5957 6146 6092 6033 6296 6095 6148 6028 5959 5405 4730 4304 3277 1969 1421 690 234 36 1 0 0 0 0 0 0 0 0 0 0 0 0 0 0 0 
0 0 0 0 0 0 0 0 0 0 0 0 0 0 0 0 32 253 582 785 2204 3304 3621 4879 5533 5824 5762 5932 6066 6028 6043 5998 5959 5874 5779 5296 4677 4271 3164 1897 1478 689 229 27 2 0 0 0 0 0 0 0 0 0 0 0 0 0 0 0 
0 0 0 0 0 0 0 0 0 0 0 0 0 0 0 0 25 258 526 765 2157 3193 3433 4617 5419 5739 5443 5575 5761 5724 5738 5818 5716 5558 5554 5183 4581 4102 3009 1798 1448 655 229 44 0 0 0 0 0 0 0 0 0 0 0 0 0 0 0 0 
0 0 0 0 0 0 0 0 0 0 0 0 0 0 0 0 19 269 582 725 2057 2821 3031 4209 4821 4859 4965 4901 5175 5055 5138 5208 5060 5090 5003 4510 3942 3538 2869 1683 1422 659 245 40 0 0 0 0 0 0 0 0 0 0 0 0 0 0 0 0 
0 0 0 0 0 0 0 0 0 0 0 0 0 0 0 0 35 228 487 617 1763 2491 2611 3638 4047 4289 4296 4192 4526 4470 4455 4486 4411 4390 4274 3979 3578 3108 2447 1472 1271 583 219 43 2 0 0 0 0 0 0 0 0 0 0 0 0 0 0 0 
0 0 0 0 0 0 0 0 0 0 0 0 0 0 0 0 17 209 456 534 1555 2175 2383 3349 3844 3810 3711 3797 3952 3848 4113 3905 3973 3853 3854 3501 3015 2749 2214 1268 987 486 182 21 1 0 0 0 0 0 0 0 0 0 0 0 0 0 0 0 
0 0 0 0 0 0 0 0 0 0 0 0 0 0 0 0 29 186 377 464 1301 2051 2179 3047 3467 3634 3481 3682 3663 3769 3634 3644 3576 3576 3538 3273 2947 2635 2031 1171 885 403 175 27 0 0 0 0 0 0 0 0 0 0 0 0 0 0 0 0 
0 0 0 0 0 0 0 0 0 0 0 0 0 0 0 0 23 143 412 469 1297 1885 2021 2838 3250 3480 3250 3232 3430 3419 3409 3502 3411 3410 3345 3064 2611 2446 1877 1060 901 415 141 25 0 0 0 0 0 0 0 0 0 0 0 0 0 0 0 0 
0 0 0 0 0 0 0 0 0 0 0 0 0 0 0 0 21 173 344 496 1232 1570 1637 2392 2695 2715 2752 2772 2797 2963 2918 2819 2754 2821 2796 2462 2225 2095 1586 992 840 433 161 29 0 0 0 0 0 0 0 0 0 0 0 0 0 0 0 0 
0 0 0 0 0 0 0 0 0 0 0 0 0 0 0 0 23 174 366 376 907 1098 1146 1579 1877 1992 1884 2017 1996 1920 2045 1998 2013 1916 1931 1790 1597 1414 1113 764 712 383 159 22 0 0 0 0 0 0 0 0 0 0 0 0 0 0 0 0 
0 0 0 0 0 0 0 0 0 0 0 0 0 0 0 0 18 109 227 209 467 587 655 899 1042 1050 1040 1080 1119 1088 1122 1105 1080 1133 1163 980 897 781 599 412 430 225 131 27 0 0 0 0 0 0 0 0 0 0 0 0 0 0 0 0 
0 0 0 0 0 0 0 0 0 0 0 0 0 0 0 0 12 74 89 82 142 195 226 290 379 381 333 351 365 385 411 347 389 379 412 368 321 243 195 134 139 82 59 16 0 0 0 0 0 0 0 0 0 0 0 0 0 0 0 0 
0 0 0 0 0 0 0 0 0 0 0 0 0 0 0 0 0 0 1 1 0 3 1 2 2 2 0 1 2 7 2 0 2 1 1 0 3 1 2 3 0 1 0 1 0 0 0 0 0 0 0 0 0 0 0 0 0 0 0 0 
0 0 0 0 0 0 0 0 0 0 0 0 0 0 0 0 0 0 0 0 0 0 0 0 0 0 0 0 0 0 0 0 0 0 0 0 0 0 0 0 0 0 0 0 0 0 0 0 0 0 0 0 0 0 0 0 0 0 0 0 
0 0 0 0 0 0 0 0 0 0 0 0 0 0 0 0 0 0 0 0 0 0 0 0 0 0 0 0 0 0 0 0 0 0 0 0 0 0 0 0 0 0 0 0 0 0 0 0 0 0 0 0 0 0 0 0 0 0 0 0 
0 0 0 0 0 0 0 0 0 0 0 0 0 0 0 0 0 0 0 0 0 0 0 0 0 0 0 0 0 0 0 0 0 0 0 0 0 0 0 0 0 0 0 0 0 0 0 0 0 0 0 0 0 0 0 0 0 0 0 0 
0 0 0 0 0 0 0 0 0 0 0 0 0 0 0 0 0 0 0 0 0 0 0 0 0 0 0 0 0 0 0 0 0 0 0 0 0 0 0 0 0 0 0 0 0 0 0 0 0 0 0 0 0 0 0 0 0 0 0 0 
0 0 0 0 0 0 0 0 0 0 0 0 0 0 0 0 0 0 0 0 0 0 0 0 0 0 0 0 0 0 0 0 0 0 0 0 0 0 0 0 0 0 0 0 0 0 0 0 0 0 0 0 0 0 0 0 0 0 0 0 
0 0 0 0 0 0 0 0 0 0 0 0 0 0 0 0 0 0 0 0 0 0 0 0 0 0 0 0 0 0 0 0 0 0 0 0 0 0 0 0 0 0 0 0 0 0 0 0 0 0 0 0 0 0 0 0 0 0 0 0 
0 0 0 0 0 0 0 0 0 0 0 0 0 0 0 0 0 0 0 0 0 0 0 0 0 0 0 0 0 0 0 0 0 0 0 0 0 0 0 0 0 0 0 0 0 0 0 0 0 0 0 0 0 0 0 0 0 0 0 0 
0 0 0 0 0 0 0 0 0 0 0 0 0 0 0 0 0 0 0 0 0 0 0 0 0 0 0 0 0 0 0 0 0 0 0 0 0 0 0 0 0 0 0 0 0 0 0 0 0 0 0 0 0 0 0 0 0 0 0 0 
0 0 0 0 0 0 0 0 0 0 0 0 0 0 0 0 0 0 0 0 0 0 0 0 0 0 0 0 0 0 0 0 0 0 0 0 0 0 0 0 0 0 0 0 0 0 0 0 0 0 0 0 0 0 0 0 0 0 0 0 
0 0 0 0 0 0 0 0 0 0 0 0 0 0 0 0 0 0 0 0 0 0 0 0 0 0 0 0 0 0 0 0 0 0 0 0 0 0 0 0 0 0 0 0 0 0 0 0 0 0 0 0 0 0 0 0 0 0 0 0 
