# Format: McCode with text headers
# URL: http://www.mccode.org
# Creator: McStas 2.5 - Feb. 24, 2020
# Instrument: /zhome/89/0/38697/once/McStas-2.5_CPU_MPICC/PSI_Focus/PSI_Focus.instr
# Ncount: 1000000
# Trace: no
# Gravitation: no
# Seed: 1582679640
# Directory: 1
# Nodes: 10
# Param: lambda=3.4
# Param: chopp_ratio=1
# Param: DET=-69.9
# Date: Tue Feb 25 21:30:57 2020 (1582662657)
# type: array_1d(60)
# Source: PSI_Focus (/zhome/89/0/38697/once/McStas-2.5_CPU_MPICC/PSI_Focus/PSI_Focus.instr)
# component: EMON_Fermi
# position: 0.820999 0 73.0742
# title: Energy monitor
# Ncount: 10000000
# filename: emon_fermi.dat
# statistics: X0=7.0844; dX=0.184188;
# signal: Min=0; Max=3.14217e+06; Mean=242709;
# values: 1.45626e+07 17234.6 3.0848e+06
# xvar: E
# yvar: (I,I_err)
# xlabel: Energy [meV]
# ylabel: Intensity
# xlimits: 4.86675 11.2222
# variables: E I I_err N
4.919708287 0 0 0 
5.02563289 0 0 0 
5.131557494 0 0 0 
5.237482098 0 0 0 
5.343406702 0 0 0 
5.449331306 0 0 0 
5.55525591 0 0 0 
5.661180514 0 0 0 
5.767105118 0 0 0 
5.873029722 0 0 0 
5.978954326 0 0 0 
6.08487893 0 0 0 
6.190803534 0.001471192236 0.0001220153256 432 
6.296728138 3.69311313 0.09133224172 17815 
6.402652742 307.7972191 4.016058192 63636 
6.508577346 8102.319081 67.19165068 118943 
6.61450195 89811.78234 533.2516603 180635 
6.720426554 474781.6042 2106.124201 239110 
6.826351158 1356341.438 4794.159741 299585 
6.932275762 2497616.78 7376.018746 356489 
7.038200366 3142168.083 8444.907098 384277 
7.14412497 3062399.268 8392.772391 369680 
7.250049574 2211180.247 6965.260509 322060 
7.355974178 1135264.923 4421.585608 259412 
7.461898782 447781.8384 2134.139666 201777 
7.567823386 116476.7517 717.7937186 142996 
7.67374799 18690.98959 163.292089 83777 
7.779672593 1566.641728 21.35118895 36210 
7.885597197 68.39275154 1.777576203 7882 
7.991521801 0.09354139873 0.01252199736 85 
8.097446405 0 0 0 
8.203371009 0 0 0 
8.309295613 0 0 0 
8.415220217 0 0 0 
8.521144821 0 0 0 
8.627069425 0 0 0 
8.732994029 0 0 0 
8.838918633 0 0 0 
8.944843237 0 0 0 
9.050767841 0 0 0 
9.156692445 0 0 0 
9.262617049 0 0 0 
9.368541653 0 0 0 
9.474466257 0 0 0 
9.580390861 0 0 0 
9.686315465 0 0 0 
9.792240069 0 0 0 
9.898164673 0 0 0 
10.00408928 0 0 0 
10.11001388 0 0 0 
10.21593848 0 0 0 
10.32186309 0 0 0 
10.42778769 0 0 0 
10.5337123 0 0 0 
10.6396369 0 0 0 
10.7455615 0 0 0 
10.85148611 0 0 0 
10.95741071 0 0 0 
11.06333532 0 0 0 
11.16925992 0 0 0 
