# Format: McCode with text headers
# URL: http://www.mccode.org
# Creator: McStas 2.5 - Nov. 19, 2019
# Instrument: /zhome/89/0/38697/TESTS/2019-11-20/McStas-2.5_CPU_MPICC/PSI_Focus/PSI_Focus.instr
# Ncount: 1000000
# Trace: no
# Gravitation: no
# Seed: 1574231892
# Directory: 1
# Nodes: 10
# Param: lambda=3.4
# Param: chopp_ratio=1
# Param: DET=-69.9
# Date: Wed Nov 20 01:05:57 2019 (1574208357)
# type: array_1d(60)
# Source: PSI_Focus (/zhome/89/0/38697/TESTS/2019-11-20/McStas-2.5_CPU_MPICC/PSI_Focus/PSI_Focus.instr)
# component: lambdaFermi
# position: 0.787188 0 73.0553
# title: Wavelength monitor
# Ncount: 10000000
# filename: lambdafermi.dat
# statistics: X0=3.39927; dX=0.0448002;
# signal: Min=0; Max=3.02466e+06; Mean=256976;
# values: 1.54185e+07 17386.2 5.50267e+06
# xvar: L
# yvar: (I,I_err)
# xlabel: Wavelength [AA]
# ylabel: Intensity
# xlimits: 2.7 4.1
# variables: L I I_err N
2.711666667 0 0 0 
2.735 0 0 0 
2.758333333 0 0 0 
2.781666667 0 0 0 
2.805 0 0 0 
2.828333333 0 0 0 
2.851666667 0 0 0 
2.875 0 0 0 
2.898333333 0 0 0 
2.921666667 0 0 0 
2.945 0 0 0 
2.968333333 0 0 0 
2.991666667 0 0 0 
3.015 0 0 0 
3.038333333 0 0 0 
3.061666667 0 0 0 
3.085 0 0 0 
3.108333333 0 0 0 
3.131666667 0 0 0 
3.155 0 0 0 
3.178333333 0.373298073 0.01753069323 717 
3.201666667 37.84041757 0.4846817268 24613 
3.225 706.5158166 6.343355812 84953 
3.248333333 7094.063464 51.79939783 164018 
3.271666667 46920.26527 283.010668 255134 
3.295 211009.9852 1067.815361 332488 
3.318333333 646601.5388 2768.102615 374109 
3.341666667 1461816.13 5153.768966 404786 
3.365 2410691.864 7238.179308 420030 
3.388333333 2996845.683 8167.700328 420310 
3.411666667 3024655.487 8164.098074 425370 
3.435 2356142.795 7053.678275 426486 
3.458333333 1411949.811 4901.762318 415250 
3.481666667 613019.6778 2530.806301 377382 
3.505 186757.5968 916.4654324 336980 
3.528333333 38545.76713 226.6376115 282096 
3.551666667 5266.317944 37.89928501 229422 
3.575 454.1316749 4.034414247 188261 
3.598333333 21.75939986 0.2501152159 140918 
3.621666667 0.6396009545 0.009533154984 99691 
3.645 0.01058867877 0.0002269101598 63020 
3.668333333 8.776040795e-05 2.607481641e-06 29544 
3.691666667 3.627272756e-07 1.888603228e-08 7014 
3.715 1.855492607e-11 3.73147564e-12 76 
3.738333333 0 0 0 
3.761666667 0 0 0 
3.785 0 0 0 
3.808333333 0 0 0 
3.831666667 0 0 0 
3.855 0 0 0 
3.878333333 0 0 0 
3.901666667 0 0 0 
3.925 0 0 0 
3.948333333 0 0 0 
3.971666667 0 0 0 
3.995 0 0 0 
4.018333333 0 0 0 
4.041666667 0 0 0 
4.065 0 0 0 
4.088333333 0 0 0 
