# Format: McCode with text headers
# URL: http://www.mccode.org
# Creator: McStas 2.5 - Feb. 26, 2020
# Instrument: /zhome/89/0/38697/once/McStas-2.5_CPU_MPICC/PSI_Focus/PSI_Focus.instr
# Ncount: 2500000
# Trace: no
# Gravitation: no
# Seed: 1582960054
# Directory: 1
# Nodes: 4
# Param: lambda=3.4
# Param: chopp_ratio=1
# Param: DET=-69.9
# Date: Wed Feb 26 19:38:27 2020 (1582742307)
# type: array_2d(60, 60)
# Source: PSI_Focus (/zhome/89/0/38697/once/McStas-2.5_CPU_MPICC/PSI_Focus/PSI_Focus.instr)
# component: PSDmon1Chopper
# position: 0 0 69.719
# title: PSD monitor
# Ncount: 10000000
# filename: psdchopper.dat
# statistics: X0=-0.000557115; dX=1.44797; Y0=-0.00400018; dY=2.84991;
# signal: Min=0; Max=380015; Mean=74346.9;
# values: 2.67649e+08 269516 3.68433e+06
# xvar: X
# yvar: Y
# xlabel: X position [cm]
# ylabel: Y position [cm]
# zvar: I
# zlabel: Signal per bin
# xylimits: -5 5 -10 10
# variables: I I_err N
# Data [PSDmon1Chopper/psdchopper.dat] I:
0 0 0 0 0 0 0 0 0 0 0 0 0 0 0 0 0 0 0 0 0 0 0 0 0 0 0 0 0 0 0 0 0 0 0 0 0 0 0 0 0 0 0 0 0 0 0 0 0 0 0 0 0 0 0 0 0 0 0 0 
0 0 0 0 0 0 0 0 0 0 0 0 0 0 0 0 0 0 0 0 0 0 0 0 0 0 0 0 0 0 0 0 0 0 0 0 0 0 0 0 0 0 0 0 0 0 0 0 0 0 0 0 0 0 0 0 0 0 0 0 
0 0 0 0 0 0 0 0 0 0 0 0 0 0 0 0 0 0 0 0 0 0 0 0 0 0 0 0 0 0 0 0 0 0 0 0 0 0 0 0 0 0 0 0 0 0 0 0 0 0 0 0 0 0 0 0 0 0 0 0 
0 0 0 0 0 0 0 0 0 0 0 0 0 0 0 0 0 0 0 0 0 0 0 0 0 0 0 0 0 0 0 0 0 0 0 0 0 0 0 0 0 0 0 0 0 0 0 0 0 0 0 0 0 0 0 0 0 0 0 0 
0 0 0 0 0 0 0 0 0 0 0 0 0 0 0 0 0 0 0 0 0 0 0 0 0 0 0 0 0 0 0 0 0 0 0 0 0 0 0 0 0 0 0 0 0 0 0 0 0 0 0 0 0 0 0 0 0 0 0 0 
0 0 0 0 0 0 0 0 0 0 0 0 0 0 0 0 0 0 0 0 0 0 0 0 0 0 0 0 0 0 0 0 0 0 0 0 0 0 0 0 0 0 0 0 0 0 0 0 0 0 0 0 0 0 0 0 0 0 0 0 
0 0 0 0 0 0 0 0 0 0 0 0 0 0 0 0 0 0 0 0 0 0 0 0 0 0 0 0 0 0 0 0 0 0 0 0 0 0 0 0 0 0 0 0 0 0 0 0 0 0 0 0 0 0 0 0 0 0 0 0 
0 0 0 0 0 0 0 0 0 0 0 0 0 0 0 0 0 0 0 0 0 0 0 0 0 0 0 0 0 0 0 0 0 0 0 0 0 0 0 0 0 0 0 0 0 0 0 0 0 0 0 0 0 0 0 0 0 0 0 0 
0 0 0 0 0 0 0 0 0 0 0 0 0 0 0 0 0 0 0 0 0 0 0 0 0 0 0 0 0 0 0 0 0 0 0 0 0 0 0 0 0 0 0 0 0 0 0 0 0 0 0 0 0 0 0 0 0 0 0 0 
0 0 0 0 0 0 0 0 0 0 0 0 0 0 0 0 0 0 0 0 0 0 0 0 0 0 0 0 0 0 0 0 0 0 0 0 0 0 0 0 0 0 0 0 0 0 0 0 0 0 0 0 0 0 0 0 0 0 0 0 
0 0 0 0 0 0 0 0 0 0 0 0 0 0 0 0 0 0 0 0 0 0 0 0 0 0 0 0 0 0 0 0 0 0 0 0 0 0 0 0 0 0 0 0 0 0 0 0 0 0 0 0 0 0 0 0 0 0 0 0 
0 0 0 0 0 0 0 0 0 0 0 0 0 0 0 0 0 0 0 0 0 0 0 0 0 0 0 0 0 0 0 0 0 0 0 0 0 0 0 0 0 0 0 0 0 0 0 0 0 0 0 0 0 0 0 0 0 0 0 0 
0 0 0 0 0 0 0 0 0 0 0 0 0 0 0 0 0 0 0 0 0 0 0 0 0 0 0 0 0 0 0 0 0 0 0 0 0 0 0 0 0 0 0 0 0 0 0 0 0 0 0 0 0 0 0 0 0 0 0 0 
0 0 0 0 0 0 0 0 0 0 0 0 0 0 0 0 0 0 0 0 0 0 0 0 0 0 0 0 0 0 0 0 0 0 0 0 0 0 0 0 0 0 0 0 0 0 0 0 0 0 0 0 0 0 0 0 0 0 0 0 
0 0 0 0 0 0 0 0 0 0 0 0 0 0 0 0 0 0 0 0 0 0 0 0 0 0 0 0 0 0 0 0 0 0 0 0 0 0 0 0 0 0 0 0 0 0 0 0 0 0 0 0 0 0 0 0 0 0 0 0 
0 0 0 0 0 0 0 0 0 0 0 0 0 3.047701766e-114 7221.431863 57273.0357 62600.20384 59387.09536 62670.8652 59538.62992 63111.95489 69608.52521 60890.93813 64595.47944 61980.08845 66885.47753 67016.66202 59789.06785 57251.82789 69003.40174 71464.14354 73230.86123 62574.35337 65210.32679 56570.9178 67431.44786 62059.59835 56506.95805 70699.20337 67660.30056 69895.40076 63269.23323 61924.94703 63165.83764 59271.77353 7564.02425 2.401299581e-100 0 0 0 0 0 0 0 0 0 0 0 0 0 
0 0 0 0 0 0 0 0 0 0 0 0 0 3.02868905e-96 42418.04241 298660.4806 354478.8726 337986.0729 368116.6783 338284.8253 354847.3282 318785.0829 344081.4133 359288.2794 347981.3539 340211.1543 339988.9661 346327.5554 323840.9017 340984.3901 341081.8714 343964.9301 335488.2852 337266.5764 329867.3281 347305.6584 357470.6056 349468.8929 338837.054 341679.0202 351398.547 360122.6793 336053.5331 321974.6663 291845.9049 42415.96839 4.12123683e-73 0 0 0 0 0 0 0 0 0 0 0 0 0 
0 0 0 0 0 0 0 0 0 0 0 0 0 1.061969432e-88 47743.82595 307362.0638 368811.9644 354635.8144 350348.338 379440.5712 366873.9545 363899.3835 369655.2223 380014.8654 348878.526 335687.9171 347187.6809 346375.3308 371745.889 346623.0096 360643.2378 351488.6867 345960.5838 362704.4908 352192.5796 363027.4966 350520.6959 354853.7428 373396.7992 355538.9008 367916.3676 358288.2005 360234.9549 379921.4272 307238.6186 48393.27128 1.565005079e-83 0 0 0 0 0 0 0 0 0 0 0 0 0 
0 0 0 0 0 0 0 0 0 0 0 0 0 1.214628953e-87 44365.13223 329438.869 363221.0082 353707.0758 350138.1435 353131.5823 363577.8651 367673.2863 355728.7873 347379.5015 349814.6988 348127.303 359228.3386 349701.6677 359944.5805 370299.4211 341233.6161 379071.3199 343288.3298 364437.2873 338673.6649 358911.2739 341028.074 375834.3834 356662.3416 356174.4715 372594.8196 340603.3152 358585.4264 360164.8591 321505.332 45027.37495 6.293236055e-100 0 0 0 0 0 0 0 0 0 0 0 0 0 
0 0 0 0 0 0 0 0 0 0 0 0 0 6.157126618e-93 43604.62121 316424.6832 346026.4152 335325.6515 368640.6637 338089.2223 366235.7617 361874.5714 358654.4545 343221.5297 344449.5339 373577.2198 346587.9256 352239.1938 332705.8862 352179.1951 348392.3251 355500.1981 348420.3252 357461.9505 356287.9134 349938.0516 343431.6765 349103.8693 341169.9757 345621.2284 343449.1068 345539.8737 353407.4739 360054.2105 315361.5835 50251.8317 8.701925788e-88 0 0 0 0 0 0 0 0 0 0 0 0 0 
0 0 0 0 0 0 0 0 0 0 0 0 0 1.295523882e-92 46903.38208 311206.2929 343610.5782 364485.2827 353814.2408 328930.0829 333629.1572 349394.9878 366657.715 347024.0525 344870.9078 340157.0709 351560.3102 350868.7292 338041.9473 349567.6482 352747.43 357977.2571 356136.6775 347812.0524 362078.2441 348594.5406 336046.667 341980.5934 348129.6194 357442.3069 355600.1495 339482.9183 352481.3065 359605.4113 290956.3465 43179.1447 2.686403956e-126 0 0 0 0 0 0 0 0 0 0 0 0 0 
0 0 0 0 0 0 0 0 0 0 0 0 0 6.987601828e-55 44260.28998 281972.5333 343591.307 351905.2646 323425.4462 329172.6277 334860.0529 348208.6128 340845.6564 337104.4859 345139.2379 341898.9718 341675.0028 336891.8002 328762.2814 333957.1698 322963.3099 334610.7836 332515.4555 343901.8618 341126.0519 345793.0398 342670.0135 359955.8774 342625.3404 328411.629 323553.7506 338868.6379 336759.8128 334441.9703 314356.204 40356.99591 4.234615995e-94 0 0 0 0 0 0 0 0 0 0 0 0 0 
0 0 0 0 0 0 0 0 0 0 0 0 0 9.670036656e-96 43809.5303 281576.0179 316083.6869 329410.4005 326339.1121 337417.5523 333926.8229 313558.9082 318243.5196 342990.6213 324840.2756 342362.9603 331793.4091 321589.2666 310146.4573 334335.4533 338763.0677 317625.7098 334151.1117 321837.5596 326635.9673 333472.7768 335920.2614 329308.2739 329509.3508 327406.9265 323778.6144 334193.2628 315946.4154 340780.5846 276456.7904 42969.57945 2.121264861e-59 0 0 0 0 0 0 0 0 0 0 0 0 0 
0 0 0 0 0 0 0 0 0 0 0 0 0 2.766392915e-100 38305.90156 282630.9482 315897.3772 323469.0909 299262.6843 340395.7785 322868.5821 320867.8928 306265.7716 309392.3246 336358.1948 322742.8759 318379.3139 309469.4787 303531.4845 328725.5225 303155.3797 305853.5117 328087.0909 305174.9508 311788.037 312544.754 315550.3966 338909.7253 319428.4756 311833.0328 322142.1893 335390.9499 299551.9463 327301.9134 268004.4657 41915.20283 3.270206177e-81 0 0 0 0 0 0 0 0 0 0 0 0 0 
0 0 0 0 0 0 0 0 0 0 0 0 0 1.64185333e-115 34855.46357 274792.3595 297241.256 307305.8533 306118.7221 308546.1833 299713.6877 300149.0965 301485.5815 300371.351 303878.9595 293083.9759 302007.8129 287090.2733 301924.056 311980.0479 292599.2266 321234.3555 317390.5367 297035.528 288125.1604 305191.1787 308085.6771 313648.3955 300673.4521 308517.3629 289699.2801 299790.6935 319150.814 323523.156 261904.4538 38335.8786 6.894832055e-125 0 0 0 0 0 0 0 0 0 0 0 0 0 
0 0 0 0 0 0 0 0 0 0 0 0 0 5.705961643e-97 40402.80233 262859.5544 303807.6242 293062.6329 280550.5392 286035.7383 279904.538 281698.3087 294453.9391 271711.2213 283991.2984 296877.3908 299221.2565 307777.8787 282798.9894 289504.544 289215.6659 278743.6805 289946.5439 283884.4876 286278.6345 293361.9889 286203.8827 273664.88 300089.1866 284633.2881 292529.1736 294485.7116 287373.099 288338.3267 254652.9365 37795.10208 1.096968689e-72 0 0 0 0 0 0 0 0 0 0 0 0 0 
0 0 0 0 0 0 0 0 0 0 0 0 0 1.038167545e-88 36235.34511 246693.031 283267.3237 286858.9899 262490.0493 269225.8283 278899.7682 276967.5301 273818.3474 274561.9902 288146.9758 288992.8765 281206.0753 271347.9363 276515.6333 269440.1433 260775.6555 278336.3308 276954.2745 271299.7245 292466.2753 290922.8761 272394.7955 280182.367 273904.4287 291567.1347 274970.5144 274013.5982 289863.5205 290678.8101 240289.59 39296.3928 1.810333783e-67 0 0 0 0 0 0 0 0 0 0 0 0 0 
0 0 0 0 0 0 0 0 0 0 0 0 0 3.817743158e-90 30253.83183 241315.5545 275312.5643 259774.501 277310.9264 269059.646 272662.0866 276521.4319 260860.0736 268403.1176 260516.3415 261011.7708 259549.9398 253869.8839 267470.8796 277815.3525 269553.6205 268082.3222 270527.026 269538.6714 261085.876 275682.7606 276097.1848 266103.5028 273929.4936 253209.2838 268527.263 272478.6665 278023.549 268350.1393 229236.7316 36431.22511 8.986870738e-73 0 0 0 0 0 0 0 0 0 0 0 0 0 
0 0 0 0 0 0 0 0 0 0 0 0 0 3.371189836e-87 31903.38904 220398.0938 285109.2668 267405.5095 258541.4205 281537.1094 250240.9891 264235.2834 251495.5777 269192.9101 255275.4005 276755.6977 262665.4224 261531.5331 266357.1965 257854.7409 267666.7184 256671.8582 266698.6475 253265.6109 255071.415 255773.7388 264374.5834 247248.7492 249670.9094 253927.9078 266188.1674 259425.4464 261037.5415 255672.0285 233679.1679 33969.55088 5.483669232e-80 0 0 0 0 0 0 0 0 0 0 0 0 0 
0 0 0 0 0 0 0 0 0 0 0 0 0 1.179993799e-91 30287.95066 229075.905 255300.5107 266170.5535 275043.8133 243211.4498 259399.4552 245658.4774 258023.6682 262757.5794 247068.3298 261593.2318 263654.9587 247440.4299 264082.4479 244637.2679 270213.9372 254956.9975 255394.1545 251491.1371 244945.4414 241400.2913 267557.3913 258944.4647 255738.7454 248483.4847 267454.1226 242406.0114 251094.8994 253228.1904 233681.3182 33918.92255 3.597191533e-75 0 0 0 0 0 0 0 0 0 0 0 0 0 
0 0 0 0 0 0 0 0 0 0 0 0 0 2.670257708e-76 31729.66703 225444.0614 264525.6733 250669.8157 266018.0131 234791.0288 248759.4657 266563.0014 264365.2287 247270.7367 257867.1528 248011.4678 248070.4064 253111.0807 253934.1434 255580.6261 254590.316 248676.0355 274291.1178 259048.7489 249288.5067 253303.7108 251823.2513 265207.8742 266596.201 260555.9716 253590.7203 259330.9425 256187.3889 249231.9695 245763.0802 33755.35116 1.00183341e-80 0 0 0 0 0 0 0 0 0 0 0 0 0 
0 0 0 0 0 0 0 0 0 0 0 0 0 5.556499905e-99 27314.07924 237674.0258 266600.0965 279926.2048 269973.5821 255926.2733 268988.9323 266033.8894 245896.6482 279742.8005 254282.4962 243019.3614 271831.1786 260211.8411 258619.3316 264501.793 247112.7708 261467.2691 247809.0492 259567.9168 273429.6622 243524.0076 256629.9561 248141.3667 258986.2004 262094.0879 280647.1242 264051.0902 270632.085 266589.618 241793.9013 36645.938 1.602955976e-68 0 0 0 0 0 0 0 0 0 0 0 0 0 
0 0 0 0 0 0 0 0 0 0 0 0 0 1.609083161e-94 29044.42928 238485.0132 262892.4743 268937.7383 268944.8711 278810.5166 256444.8978 283821.6447 277338.7702 281218.4934 266525.142 260769.6176 267634.135 262526.3889 273132.2732 273938.9755 264388.6398 265497.0612 268945.6763 255013.5118 254835.2894 275182.7906 271261.4754 289835.0911 269415.273 271467.5603 264795.9216 265924.2854 277524.9057 278350.8251 236065.9276 29347.35563 1.557949235e-58 0 0 0 0 0 0 0 0 0 0 0 0 0 
0 0 0 0 0 0 0 0 0 0 0 0 0 6.44139713e-99 33574.97853 233407.9157 273953.2463 291534.7038 276369.0817 276100.2723 296829.9034 277530.7969 267648.9322 281867.1498 289719.7767 275643.6674 279103.9264 277373.1392 278291.4491 269061.7857 262366.3337 283290.4745 271380.7518 282654.7094 269458.0945 270849.3389 268325.0747 278812.2994 275515.2018 283779.3303 274198.7381 279119.0112 279006.9993 278180.9373 250663.8013 37719.33017 6.213160772e-97 0 0 0 0 0 0 0 0 0 0 0 0 0 
0 0 0 0 0 0 0 0 0 0 0 0 0 8.113080886e-103 36015.95402 240838.9336 280800.1104 291544.5436 290411.614 289577.1142 299327.9998 288829.6559 284982.8727 283181.7037 290897.5137 282540.3982 288747.0784 284286.8001 291336.9726 292855.9239 274673.9425 290310.937 288163.8675 277825.8332 281652.3888 291616.9791 290807.2362 290696.8472 295382.5704 294515.607 282741.6816 296053.1608 285577.2691 292062.056 261107.214 32243.13176 2.914957737e-74 0 0 0 0 0 0 0 0 0 0 0 0 0 
0 0 0 0 0 0 0 0 0 0 0 0 0 4.471479234e-73 37382.87012 265042.7065 313859.0023 305649.6115 305080.6879 304716.7185 309517.6004 301222.1397 317328.3181 299375.4009 301394.6168 313171.7341 292198.8764 300086.6607 307546.0367 302254.2054 291247.1714 291744.4031 296017.0114 310419.7858 302675.097 289865.9395 323587.0677 304029.0688 310563.6881 311413.3976 287843.4002 295265.7689 296677.0263 296497.993 255080.9361 35717.21558 5.316479206e-87 0 0 0 0 0 0 0 0 0 0 0 0 0 
0 0 0 0 0 0 0 0 0 0 0 0 0 4.295643317e-98 36787.07078 271232.2581 313289.6464 322010.0841 332673.7651 315090.2744 315788.9981 325364.4211 326201.5883 310595.9059 319963.1447 321804.038 318242.4488 302056.7862 305820.4555 330509.726 331350.7585 309887.8004 332161.4511 298063.336 299238.7398 308025.1845 320329.4826 304905.489 309326.4852 312525.7606 316815.3407 305034.6517 317475.7849 307725.814 306947.5219 42131.9617 1.83486489e-105 0 0 0 0 0 0 0 0 0 0 0 0 0 
0 0 0 0 0 0 0 0 0 0 0 0 0 1.208075104e-70 36994.1856 283231.9163 336532.9569 341948.1326 330442.3503 339093.3336 323094.8791 326764.4061 339044.9436 325493.6838 330293.8086 319422.5682 318347.8549 337439.8488 319765.601 330206.0299 344255.0589 319165.6758 328764.1345 334799.0078 319786.8604 308751.4731 340301.0186 328361.7667 339728.3545 331304.9732 325400.1975 339912.1897 338986.1932 327494.7815 283195.0796 35697.94359 8.499938954e-118 0 0 0 0 0 0 0 0 0 0 0 0 0 
0 0 0 0 0 0 0 0 0 0 0 0 0 5.967820721e-101 40809.02729 300705.1707 331540.8397 343111.4216 342559.4351 346545.7948 332709.4706 331839.5016 346603.3725 359344.8717 344432.5019 315978.2369 337287.8875 343596.9558 331798.1934 348904.7586 337979.526 330718.5166 343987.3585 328754.127 345952.6181 320499.4212 329549.4116 322690.5893 344716.3008 351360.0841 335082.1861 329910.5065 338554.6292 343143.6947 307620.2587 44753.30311 1.121065528e-105 0 0 0 0 0 0 0 0 0 0 0 0 0 
0 0 0 0 0 0 0 0 0 0 0 0 0 4.171207622e-77 43331.69179 297509.6386 336285.721 355709.7731 358677.2543 355188.626 358779.9311 357745.5302 342521.1171 354666.9186 347446.01 330518.576 345237.8898 344106.0793 334313.5557 350325.5316 357735.3695 350354.008 336888.6763 343556.5928 366988.2803 346757.0236 348308.6305 352021.644 328676.2167 336253.103 353693.4016 332665.7938 342778.8062 359042.5173 307027.7199 43367.35629 4.226099451e-70 0 0 0 0 0 0 0 0 0 0 0 0 0 
0 0 0 0 0 0 0 0 0 0 0 0 0 1.604403707e-68 45572.74225 322104.1069 358349.4788 362068.0242 343267.5631 350251.8946 347115.7899 340653.6711 329916.3154 354753.4636 346312.251 344452.5921 352884.1538 352601.6545 358431.1042 351017.9117 356092.2162 352188.3988 339644.6956 341218.8788 359381.2954 346705.4285 359736.1323 365669.7756 360845.8086 366851.7335 360464.9246 361423.9442 351617.754 342080.5618 299943.5038 39443.41118 3.402304853e-90 0 0 0 0 0 0 0 0 0 0 0 0 0 
0 0 0 0 0 0 0 0 0 0 0 0 0 1.902543871e-62 55255.62902 324154.6161 346085.3564 351422.3518 353880.511 351116.0627 366918.6262 358555.9444 341271.5659 356946.4747 341592.4346 359217.4294 354394.4803 348601.7488 354026.0539 336310.249 347903.2586 363214.3602 373375.6048 342548.4863 354961.1134 349116.2017 337927.7791 372636.6288 337240.7891 372780.9842 363202.4071 362758.8768 354272.9727 361771.7338 313977.2707 44594.43693 2.137618777e-105 0 0 0 0 0 0 0 0 0 0 0 0 0 
0 0 0 0 0 0 0 0 0 0 0 0 0 1.632011588e-96 38362.48534 319688.7521 378344.9273 364580.2428 348904.4119 379539.4378 359171.6347 344103.6313 353181.726 350110.2332 350159.9498 343021.8895 352621.5797 331431.6156 369483.2951 355168.749 360731.0263 369384.0467 351955.451 357581.1863 350076.4666 355606.4292 353865.7484 365336.0604 364511.9905 351639.293 355160.6348 368933.9666 355624.3513 376847.2529 293603.7783 48044.7193 9.557144622e-95 0 0 0 0 0 0 0 0 0 0 0 0 0 
0 0 0 0 0 0 0 0 0 0 0 0 0 4.042228277e-64 43130.20453 307446.7954 339580.251 338866.8036 347479.9935 346921.227 336028.0371 336763.7652 354694.9717 340092.6441 335723.5051 335521.6757 339959.2663 332698.1929 324688.3746 327544.9476 341616.8598 339372.8374 332314.6343 317931.0702 340607.8612 351542.2783 342227.2089 335719.9349 346244.5906 341261.5247 344210.2053 350166.7109 323426.4728 335863.0214 290429.8156 42091.41282 1.060372058e-111 0 0 0 0 0 0 0 0 0 0 0 0 0 
0 0 0 0 0 0 0 0 0 0 0 0 0 3.01173404e-135 7465.332407 53464.42046 69886.7595 66682.64661 60110.90577 58918.93855 65486.28132 62332.66854 65762.1151 59821.41161 73497.21041 67855.56183 63463.23911 60646.24244 65098.02313 71972.53283 63189.24999 69600.42511 66066.33855 64692.92219 64044.87467 57777.26813 73816.09695 63116.69376 70454.28159 69417.06114 65506.03018 59629.32115 65172.28189 67161.24409 59137.30987 5802.490717 2.704533651e-105 0 0 0 0 0 0 0 0 0 0 0 0 0 
0 0 0 0 0 0 0 0 0 0 0 0 0 0 0 0 0 0 0 0 0 0 0 0 0 0 0 0 0 0 0 0 0 0 0 0 0 0 0 0 0 0 0 0 0 0 0 0 0 0 0 0 0 0 0 0 0 0 0 0 
0 0 0 0 0 0 0 0 0 0 0 0 0 0 0 0 0 0 0 0 0 0 0 0 0 0 0 0 0 0 0 0 0 0 0 0 0 0 0 0 0 0 0 0 0 0 0 0 0 0 0 0 0 0 0 0 0 0 0 0 
0 0 0 0 0 0 0 0 0 0 0 0 0 0 0 0 0 0 0 0 0 0 0 0 0 0 0 0 0 0 0 0 0 0 0 0 0 0 0 0 0 0 0 0 0 0 0 0 0 0 0 0 0 0 0 0 0 0 0 0 
0 0 0 0 0 0 0 0 0 0 0 0 0 0 0 0 0 0 0 0 0 0 0 0 0 0 0 0 0 0 0 0 0 0 0 0 0 0 0 0 0 0 0 0 0 0 0 0 0 0 0 0 0 0 0 0 0 0 0 0 
0 0 0 0 0 0 0 0 0 0 0 0 0 0 0 0 0 0 0 0 0 0 0 0 0 0 0 0 0 0 0 0 0 0 0 0 0 0 0 0 0 0 0 0 0 0 0 0 0 0 0 0 0 0 0 0 0 0 0 0 
0 0 0 0 0 0 0 0 0 0 0 0 0 0 0 0 0 0 0 0 0 0 0 0 0 0 0 0 0 0 0 0 0 0 0 0 0 0 0 0 0 0 0 0 0 0 0 0 0 0 0 0 0 0 0 0 0 0 0 0 
0 0 0 0 0 0 0 0 0 0 0 0 0 0 0 0 0 0 0 0 0 0 0 0 0 0 0 0 0 0 0 0 0 0 0 0 0 0 0 0 0 0 0 0 0 0 0 0 0 0 0 0 0 0 0 0 0 0 0 0 
0 0 0 0 0 0 0 0 0 0 0 0 0 0 0 0 0 0 0 0 0 0 0 0 0 0 0 0 0 0 0 0 0 0 0 0 0 0 0 0 0 0 0 0 0 0 0 0 0 0 0 0 0 0 0 0 0 0 0 0 
0 0 0 0 0 0 0 0 0 0 0 0 0 0 0 0 0 0 0 0 0 0 0 0 0 0 0 0 0 0 0 0 0 0 0 0 0 0 0 0 0 0 0 0 0 0 0 0 0 0 0 0 0 0 0 0 0 0 0 0 
0 0 0 0 0 0 0 0 0 0 0 0 0 0 0 0 0 0 0 0 0 0 0 0 0 0 0 0 0 0 0 0 0 0 0 0 0 0 0 0 0 0 0 0 0 0 0 0 0 0 0 0 0 0 0 0 0 0 0 0 
0 0 0 0 0 0 0 0 0 0 0 0 0 0 0 0 0 0 0 0 0 0 0 0 0 0 0 0 0 0 0 0 0 0 0 0 0 0 0 0 0 0 0 0 0 0 0 0 0 0 0 0 0 0 0 0 0 0 0 0 
0 0 0 0 0 0 0 0 0 0 0 0 0 0 0 0 0 0 0 0 0 0 0 0 0 0 0 0 0 0 0 0 0 0 0 0 0 0 0 0 0 0 0 0 0 0 0 0 0 0 0 0 0 0 0 0 0 0 0 0 
0 0 0 0 0 0 0 0 0 0 0 0 0 0 0 0 0 0 0 0 0 0 0 0 0 0 0 0 0 0 0 0 0 0 0 0 0 0 0 0 0 0 0 0 0 0 0 0 0 0 0 0 0 0 0 0 0 0 0 0 
0 0 0 0 0 0 0 0 0 0 0 0 0 0 0 0 0 0 0 0 0 0 0 0 0 0 0 0 0 0 0 0 0 0 0 0 0 0 0 0 0 0 0 0 0 0 0 0 0 0 0 0 0 0 0 0 0 0 0 0 
0 0 0 0 0 0 0 0 0 0 0 0 0 0 0 0 0 0 0 0 0 0 0 0 0 0 0 0 0 0 0 0 0 0 0 0 0 0 0 0 0 0 0 0 0 0 0 0 0 0 0 0 0 0 0 0 0 0 0 0 
# Errors [PSDmon1Chopper/psdchopper.dat] I_err:
0 0 0 0 0 0 0 0 0 0 0 0 0 0 0 0 0 0 0 0 0 0 0 0 0 0 0 0 0 0 0 0 0 0 0 0 0 0 0 0 0 0 0 0 0 0 0 0 0 0 0 0 0 0 0 0 0 0 0 0 
0 0 0 0 0 0 0 0 0 0 0 0 0 0 0 0 0 0 0 0 0 0 0 0 0 0 0 0 0 0 0 0 0 0 0 0 0 0 0 0 0 0 0 0 0 0 0 0 0 0 0 0 0 0 0 0 0 0 0 0 
0 0 0 0 0 0 0 0 0 0 0 0 0 0 0 0 0 0 0 0 0 0 0 0 0 0 0 0 0 0 0 0 0 0 0 0 0 0 0 0 0 0 0 0 0 0 0 0 0 0 0 0 0 0 0 0 0 0 0 0 
0 0 0 0 0 0 0 0 0 0 0 0 0 0 0 0 0 0 0 0 0 0 0 0 0 0 0 0 0 0 0 0 0 0 0 0 0 0 0 0 0 0 0 0 0 0 0 0 0 0 0 0 0 0 0 0 0 0 0 0 
0 0 0 0 0 0 0 0 0 0 0 0 0 0 0 0 0 0 0 0 0 0 0 0 0 0 0 0 0 0 0 0 0 0 0 0 0 0 0 0 0 0 0 0 0 0 0 0 0 0 0 0 0 0 0 0 0 0 0 0 
0 0 0 0 0 0 0 0 0 0 0 0 0 0 0 0 0 0 0 0 0 0 0 0 0 0 0 0 0 0 0 0 0 0 0 0 0 0 0 0 0 0 0 0 0 0 0 0 0 0 0 0 0 0 0 0 0 0 0 0 
0 0 0 0 0 0 0 0 0 0 0 0 0 0 0 0 0 0 0 0 0 0 0 0 0 0 0 0 0 0 0 0 0 0 0 0 0 0 0 0 0 0 0 0 0 0 0 0 0 0 0 0 0 0 0 0 0 0 0 0 
0 0 0 0 0 0 0 0 0 0 0 0 0 0 0 0 0 0 0 0 0 0 0 0 0 0 0 0 0 0 0 0 0 0 0 0 0 0 0 0 0 0 0 0 0 0 0 0 0 0 0 0 0 0 0 0 0 0 0 0 
0 0 0 0 0 0 0 0 0 0 0 0 0 0 0 0 0 0 0 0 0 0 0 0 0 0 0 0 0 0 0 0 0 0 0 0 0 0 0 0 0 0 0 0 0 0 0 0 0 0 0 0 0 0 0 0 0 0 0 0 
0 0 0 0 0 0 0 0 0 0 0 0 0 0 0 0 0 0 0 0 0 0 0 0 0 0 0 0 0 0 0 0 0 0 0 0 0 0 0 0 0 0 0 0 0 0 0 0 0 0 0 0 0 0 0 0 0 0 0 0 
0 0 0 0 0 0 0 0 0 0 0 0 0 0 0 0 0 0 0 0 0 0 0 0 0 0 0 0 0 0 0 0 0 0 0 0 0 0 0 0 0 0 0 0 0 0 0 0 0 0 0 0 0 0 0 0 0 0 0 0 
0 0 0 0 0 0 0 0 0 0 0 0 0 0 0 0 0 0 0 0 0 0 0 0 0 0 0 0 0 0 0 0 0 0 0 0 0 0 0 0 0 0 0 0 0 0 0 0 0 0 0 0 0 0 0 0 0 0 0 0 
0 0 0 0 0 0 0 0 0 0 0 0 0 0 0 0 0 0 0 0 0 0 0 0 0 0 0 0 0 0 0 0 0 0 0 0 0 0 0 0 0 0 0 0 0 0 0 0 0 0 0 0 0 0 0 0 0 0 0 0 
0 0 0 0 0 0 0 0 0 0 0 0 0 0 0 0 0 0 0 0 0 0 0 0 0 0 0 0 0 0 0 0 0 0 0 0 0 0 0 0 0 0 0 0 0 0 0 0 0 0 0 0 0 0 0 0 0 0 0 0 
0 0 0 0 0 0 0 0 0 0 0 0 0 0 0 0 0 0 0 0 0 0 0 0 0 0 0 0 0 0 0 0 0 0 0 0 0 0 0 0 0 0 0 0 0 0 0 0 0 0 0 0 0 0 0 0 0 0 0 0 
0 0 0 0 0 0 0 0 0 0 0 0 0 3.232575878e-114 1258.328999 4012.898016 4123.825944 3989.658023 4180.219766 4036.57432 4144.478269 4388.181715 4026.376987 4207.333235 4102.205375 4385.482198 4309.580777 4081.339104 3963.696429 4360.272115 4445.71862 4575.201059 4186.891236 4198.302054 3875.978117 4348.268204 4079.401513 3894.281247 4493.964191 4361.884524 4368.037294 4203.732583 4118.075722 4198.061705 4102.324857 1381.72362 2.593699987e-100 0 0 0 0 0 0 0 0 0 0 0 0 0 
0 0 0 0 0 0 0 0 0 0 0 0 0 3.076127209e-96 3264.60828 9252.678042 10029.84864 9724.439374 10206.32273 9764.2303 9994.811916 9463.110872 9831.283234 10040.56619 9860.244182 9799.11291 9794.83482 9878.295085 9531.052497 9843.526605 9732.731987 9800.475439 9801.899212 9748.428166 9677.023977 9897.331343 9986.213791 9981.217726 9770.679543 9906.817132 9957.434075 10148.40975 9735.812558 9488.28025 9102.384424 3271.034908 4.218220378e-73 0 0 0 0 0 0 0 0 0 0 0 0 0 
0 0 0 0 0 0 0 0 0 0 0 0 0 1.08012407e-88 3444.027589 9308.110274 10217.94984 9905.162808 9866.513532 10275.93456 10131.73169 10085.50092 10179.35757 10290.00557 9839.070405 9624.990381 9763.649502 9855.419268 10212.34289 9792.271829 10025.96316 9886.145076 9835.163281 10104.10488 10007.35803 10022.32138 9883.747646 9864.304603 10160.50027 9928.126461 10189.60938 10046.38329 9996.715796 10331.74854 9344.784459 3479.184289 1.584941941e-83 0 0 0 0 0 0 0 0 0 0 0 0 0 
0 0 0 0 0 0 0 0 0 0 0 0 0 1.23406425e-87 3356.590149 9671.398124 10064.23423 9930.256012 9849.953608 9950.053128 10007.49891 10117.88842 9974.684859 9822.319589 9854.642681 9850.14366 10023.46259 9867.874157 10009.83664 10171.19078 9661.513593 10294.76171 9824.259674 10118.10527 9635.280677 9923.913521 9661.046639 10172.44756 9957.809393 9960.115293 10219.6575 9730.004529 9987.086187 10007.76206 9588.315187 3358.839297 6.393933727e-100 0 0 0 0 0 0 0 0 0 0 0 0 0 
0 0 0 0 0 0 0 0 0 0 0 0 0 6.239776311e-93 3296.449738 9481.880898 9731.199118 9599.988937 10063.81449 9585.307975 10125.67279 9957.668905 9961.550839 9722.709947 9750.6027 10198.11757 9781.476188 9870.814129 9592.307025 9890.305523 9862.950111 9938.340732 9788.053075 10001.80972 9909.791488 9842.71803 9759.541118 9854.589101 9687.40468 9787.161735 9725.049636 9809.801391 9893.807348 9970.954872 9389.735673 3505.811216 8.809152311e-88 0 0 0 0 0 0 0 0 0 0 0 0 0 
0 0 0 0 0 0 0 0 0 0 0 0 0 1.311617963e-92 3376.857605 9250.17189 9652.243492 9962.448722 9846.873009 9403.708297 9562.711271 9771.291915 10010.11416 9768.656899 9682.698009 9624.353529 9804.880045 9791.790737 9640.060857 9808.080832 9840.745781 9893.040098 9874.983931 9734.569698 9965.54567 9745.760772 9621.720014 9619.005655 9708.789655 9939.613123 9900.082945 9638.281362 9825.553354 9949.449543 8938.395294 3242.666648 2.513981113e-126 0 0 0 0 0 0 0 0 0 0 0 0 0 
0 0 0 0 0 0 0 0 0 0 0 0 0 7.08961601e-55 3216.286701 8836.306619 9676.527495 9782.081494 9358.584322 9420.584196 9527.08186 9697.318365 9554.308351 9484.710539 9642.128396 9614.292578 9521.143586 9532.20771 9379.534159 9570.846754 9378.966522 9611.525024 9507.878159 9623.471896 9589.562266 9671.079091 9697.157202 9911.163826 9662.529736 9422.088895 9282.930251 9603.698882 9485.54795 9479.795761 9399.031918 3103.47786 4.285946547e-94 0 0 0 0 0 0 0 0 0 0 0 0 0 
0 0 0 0 0 0 0 0 0 0 0 0 0 9.829882801e-96 3148.245436 8669.270268 9174.807288 9297.465064 9303.51514 9505.287324 9383.500523 9105.071664 9202.082943 9522.520084 9305.136571 9590.311094 9396.859957 9216.193292 9084.361215 9441.233288 9540.071573 9237.50366 9574.667772 9267.196418 9349.515544 9505.567639 9507.84387 9367.865674 9420.668743 9342.925474 9379.920189 9467.607317 9172.339035 9565.272836 8684.606715 3196.262909 2.151355227e-59 0 0 0 0 0 0 0 0 0 0 0 0 0 
0 0 0 0 0 0 0 0 0 0 0 0 0 2.80163501e-100 3024.374841 8751.236789 9197.527137 9179.300475 8859.3291 9551.902705 9316.434071 9204.522549 8980.566441 8945.278511 9452.203795 9195.488853 9213.97137 9085.709061 8954.289073 9394.248814 8941.351796 8962.166023 9421.053811 9030.897402 9089.759361 9149.492736 9155.836901 9534.258041 9239.272641 9069.012846 9208.618156 9409.972372 8819.411513 9345.846663 8437.870193 3158.703394 3.312955784e-81 0 0 0 0 0 0 0 0 0 0 0 0 0 
0 0 0 0 0 0 0 0 0 0 0 0 0 1.659995906e-115 2815.403674 8646.354317 8772.079656 9008.087044 9062.184626 9021.612545 8868.856279 8873.987672 8952.547368 8928.959737 8942.598895 8786.941779 8941.55732 8748.271165 8941.344059 9148.254369 8892.221284 9240.575083 9242.885681 8851.116836 8707.478446 8919.137064 9002.482208 9168.929935 8931.51947 9055.525827 8704.062011 8913.356913 9216.059895 9262.142798 8422.064439 3059.89408 7.065100461e-125 0 0 0 0 0 0 0 0 0 0 0 0 0 
0 0 0 0 0 0 0 0 0 0 0 0 0 5.773255176e-97 3079.039932 8402.736273 8957.426737 8780.134746 8553.904264 8685.100471 8535.265859 8592.070671 8779.639936 8463.022343 8671.575448 8909.943159 8953.614502 9102.370452 8630.583238 8766.395033 8739.971909 8570.934962 8743.375596 8713.419328 8667.827468 8922.110672 8682.289326 8484.358022 8928.816531 8603.381925 8803.424264 8870.094078 8716.576736 8722.775449 8212.066078 3023.443708 1.115101626e-72 0 0 0 0 0 0 0 0 0 0 0 0 0 
0 0 0 0 0 0 0 0 0 0 0 0 0 1.049391303e-88 2951.357674 8147.751451 8648.085508 8753.696975 8303.116935 8362.074802 8608.193294 8549.19233 8545.909503 8456.892758 8795.517356 8853.8003 8627.276317 8458.012333 8578.294562 8504.726007 8327.71385 8681.102369 8675.049849 8504.729907 8842.748909 8774.053486 8485.834151 8623.926918 8492.071615 8868.102188 8458.703242 8492.52014 8734.389776 8761.66669 7949.573984 3138.29803 1.832278024e-67 0 0 0 0 0 0 0 0 0 0 0 0 0 
0 0 0 0 0 0 0 0 0 0 0 0 0 3.858143644e-90 2689.453392 8086.510233 8634.699046 8338.989709 8611.207403 8531.708419 8500.074952 8546.02308 8414.947027 8464.802056 8281.611568 8319.482762 8278.62237 8198.519222 8521.987908 8619.990239 8508.998369 8501.754204 8506.183327 8450.004044 8321.719424 8618.915553 8649.276781 8482.084844 8551.177655 8149.936018 8362.40746 8540.153066 8700.711605 8430.588497 7889.076647 3000.129128 9.122019235e-73 0 0 0 0 0 0 0 0 0 0 0 0 0 
0 0 0 0 0 0 0 0 0 0 0 0 0 3.412022631e-87 2765.390893 7792.436688 8784.831827 8480.408182 8405.358441 8721.469614 8201.901733 8446.04148 8127.938537 8542.251113 8336.297204 8604.21899 8381.659306 8452.773049 8432.967743 8356.226187 8517.450506 8353.276184 8483.279547 8274.327328 8261.56058 8242.333468 8501.387012 8182.398851 8215.664285 8227.638814 8441.542318 8308.329391 8425.427885 8251.141792 8003.303188 2806.750029 5.577413958e-80 0 0 0 0 0 0 0 0 0 0 0 0 0 
0 0 0 0 0 0 0 0 0 0 0 0 0 1.187666918e-91 2623.009005 7910.216725 8269.20255 8461.632824 8650.274216 8049.773255 8386.175855 8219.786203 8289.529821 8455.703594 8157.161339 8454.047507 8429.157836 8201.437943 8477.355765 8087.354828 8643.060553 8319.542598 8265.860751 8290.434382 8196.777095 8113.387674 8570.122058 8341.650981 8379.660838 8155.960054 8599.473646 8078.923012 8207.553992 8236.768912 8091.564763 2874.275659 3.127231383e-75 0 0 0 0 0 0 0 0 0 0 0 0 0 
0 0 0 0 0 0 0 0 0 0 0 0 0 2.699764213e-76 2772.340697 7907.944346 8433.372662 8206.539269 8546.21823 7941.765436 8133.585324 8560.739651 8435.050219 8136.938113 8453.879243 8210.302248 8196.33872 8260.988736 8264.320465 8320.40292 8346.592681 8208.470345 8676.594115 8428.724841 8243.623623 8319.325931 8224.05954 8478.016816 8495.494192 8340.650145 8315.060256 8374.976893 8361.184762 8221.220775 8302.03154 2895.005833 1.012435117e-80 0 0 0 0 0 0 0 0 0 0 0 0 0 
0 0 0 0 0 0 0 0 0 0 0 0 0 5.625527395e-99 2493.73719 8091.90523 8488.586894 8659.15882 8501.108047 8305.556839 8554.091902 8439.121014 8099.91761 8733.011583 8240.88195 8112.525531 8543.10607 8380.713593 8324.101664 8488.625101 8164.064109 8450.495735 8207.698099 8449.551214 8649.513139 8047.868667 8386.103327 8150.099365 8389.767978 8417.951017 8718.324501 8426.939062 8611.451287 8564.394172 8240.444182 2948.203187 1.584481887e-68 0 0 0 0 0 0 0 0 0 0 0 0 0 
0 0 0 0 0 0 0 0 0 0 0 0 0 1.624147225e-94 2543.475277 8064.908431 8368.910156 8522.77453 8422.422676 8659.630041 8227.039227 8740.507698 8649.981346 8661.156326 8382.024083 8344.68787 8415.685782 8367.173996 8549.785493 8599.533077 8346.481303 8424.704819 8599.050177 8236.704238 8232.272988 8607.870081 8526.20696 8912.336403 8419.081688 8529.730555 8399.049938 8372.932518 8594.274977 8601.383449 8012.576457 2576.87014 1.577796523e-58 0 0 0 0 0 0 0 0 0 0 0 0 0 
0 0 0 0 0 0 0 0 0 0 0 0 0 6.532755712e-99 2843.810415 7901.676198 8516.429448 8792.270739 8471.028744 8464.447853 8846.633663 8546.962362 8355.955935 8655.073004 8737.907717 8532.572124 8598.309898 8588.03393 8579.868545 8474.99021 8286.458659 8672.303412 8465.925472 8705.211273 8412.624068 8529.864375 8384.883576 8605.02907 8545.92533 8693.073085 8568.357993 8591.997884 8521.065089 8600.867744 8241.594345 3068.59428 6.296562635e-97 0 0 0 0 0 0 0 0 0 0 0 0 0 
0 0 0 0 0 0 0 0 0 0 0 0 0 8.200183571e-103 2937.292959 8022.586219 8625.037256 8746.896431 8758.041879 8678.821912 8847.273931 8723.819332 8658.880732 8641.189902 8723.989482 8561.373481 8735.141976 8693.403098 8780.894328 8893.614259 8455.909712 8772.47685 8682.171966 8612.019053 8589.025464 8814.353677 8824.578775 8721.464779 8801.980024 8791.60031 8584.185646 8774.492812 8685.4776 8837.572033 8321.150984 2718.502544 2.960153575e-74 0 0 0 0 0 0 0 0 0 0 0 0 0 
0 0 0 0 0 0 0 0 0 0 0 0 0 4.52702769e-73 2873.950811 8411.334531 9177.952175 8996.357631 9012.198874 8919.792068 9099.388308 8912.278382 9182.415464 8880.812994 8922.178451 9195.443612 8774.271905 8823.28068 9009.133309 8984.240108 8764.891629 8802.404064 8822.929458 9115.099189 8956.728226 8706.16353 9294.898387 8999.495597 9054.931258 9031.363581 8706.847887 8841.946771 8816.672781 8798.314687 8296.496828 2987.845819 5.39285923e-87 0 0 0 0 0 0 0 0 0 0 0 0 0 
0 0 0 0 0 0 0 0 0 0 0 0 0 4.312804365e-98 2952.359029 8544.939818 9107.988416 9205.857508 9419.398597 9072.883955 9170.561967 9288.914867 9269.696656 9093.093577 9255.833521 9269.676803 9250.405294 8974.040471 9034.932396 9421.070794 9416.090726 9105.875115 9401.378684 8874.589645 8855.772597 9027.15948 9239.456867 8923.859623 9030.625138 9106.914343 9189.603399 8975.676244 9123.493121 8957.79241 9116.52488 3134.334116 1.857106489e-105 0 0 0 0 0 0 0 0 0 0 0 0 0 
0 0 0 0 0 0 0 0 0 0 0 0 0 1.223082823e-70 2914.475391 8829.7593 9520.731491 9538.81184 9376.969286 9525.114677 9277.786033 9388.501177 9522.657403 9320.941723 9384.118332 9190.194279 9150.010962 9478.022886 9234.72804 9445.246576 9594.821978 9159.059685 9344.430806 9476.499549 9172.264968 9107.824644 9580.184645 9375.001138 9493.74793 9356.939053 9285.841838 9505.348603 9533.727207 9413.536623 8769.436877 2916.671426 8.607711551e-118 0 0 0 0 0 0 0 0 0 0 0 0 0 
0 0 0 0 0 0 0 0 0 0 0 0 0 6.052474889e-101 3094.002701 9065.166542 9382.180432 9574.255042 9602.688973 9659.763112 9442.992032 9459.60757 9681.836126 9905.165094 9624.933213 9210.032089 9514.370742 9668.522647 9520.998249 9738.759854 9510.997322 9454.931246 9638.170716 9388.124365 9710.231836 9315.668303 9450.720352 9276.737139 9674.989123 9731.522884 9494.769155 9424.024099 9540.875885 9620.842977 9162.396498 3301.725579 1.136105012e-105 0 0 0 0 0 0 0 0 0 0 0 0 0 
0 0 0 0 0 0 0 0 0 0 0 0 0 4.228744238e-77 3219.586791 9061.28201 9582.646788 9884.70871 9924.683606 9837.062474 9929.197713 9810.319586 9673.732025 9898.406106 9713.354871 9400.21738 9680.443054 9685.177335 9563.692171 9793.808861 9925.116144 9800.446729 9572.53535 9738.363895 10083.77379 9748.493324 9748.619169 9792.011422 9478.825892 9599.305048 9799.691837 9462.436761 9675.512462 9907.428632 9276.23654 3285.851286 4.291617978e-70 0 0 0 0 0 0 0 0 0 0 0 0 0 
0 0 0 0 0 0 0 0 0 0 0 0 0 1.625940291e-68 3290.992164 9493.543724 9922.531279 10020.50383 9656.366782 9878.001598 9809.602734 9642.730672 9490.416982 9895.377958 9763.905391 9710.496591 9832.958206 9867.957474 9934.496499 9902.131854 9960.158075 9862.179175 9708.588877 9646.900968 9969.10341 9831.157092 10049.62733 10113.9673 9938.23441 10112.18927 9998.279055 9990.208459 9831.212139 9711.059422 9187.096009 3099.149796 3.446781314e-90 0 0 0 0 0 0 0 0 0 0 0 0 0 
0 0 0 0 0 0 0 0 0 0 0 0 0 1.929531656e-62 3724.248023 9566.937534 9794.009746 9881.669702 9886.798982 9857.186991 10099.26612 9988.146107 9712.253749 9949.748865 9784.532557 9980.116143 9942.026053 9831.93026 9927.891317 9647.06462 9806.42054 10078.84906 10239.00695 9788.211909 9889.016685 9841.797009 9643.297874 10191.46001 9671.145708 10176.97418 10000.13532 10023.01977 10004.17158 10069.73525 9448.149847 3359.629534 2.169765224e-105 0 0 0 0 0 0 0 0 0 0 0 0 0 
0 0 0 0 0 0 0 0 0 0 0 0 0 1.654517326e-96 3111.584252 9476.204659 10243.22468 10092.37484 9860.825218 10295.03802 10002.24253 9791.293521 9909.388334 9853.481865 9861.575038 9780.967823 9993.751874 9603.232012 10162.80515 10002.3667 10095.0552 10255.92502 9974.928944 10016.86519 9922.997191 9979.521553 9970.8922 10038.03712 10161.21523 9906.381284 9936.55627 10214.14377 9979.305881 10349.58906 9126.767872 3504.194744 9.658281198e-95 0 0 0 0 0 0 0 0 0 0 0 0 0 
0 0 0 0 0 0 0 0 0 0 0 0 0 4.099567712e-64 3271.321432 9408.285053 9725.135016 9758.347529 9829.413767 9879.65991 9770.652121 9692.368821 10043.42149 9808.337397 9691.926712 9729.0223 9754.587282 9743.804796 9566.603498 9638.781267 9792.337572 9834.675355 9719.650308 9473.149374 9796.742427 10008.59379 9809.496883 9740.306311 9917.301598 9806.793295 9876.944592 9963.632655 9474.69572 9724.761763 9158.624433 3189.331621 9.191551315e-112 0 0 0 0 0 0 0 0 0 0 0 0 0 
0 0 0 0 0 0 0 0 0 0 0 0 0 3.21967912e-135 1385.433695 3850.85826 4417.130857 4217.110586 4013.677479 3988.294208 4244.537241 4155.053651 4298.556908 4094.566234 4521.893808 4362.737142 4119.863495 4115.100563 4183.861584 4543.797094 4121.154351 4455.501064 4241.928245 4189.647385 4188.650663 3983.004232 4529.890655 4217.528709 4418.895668 4386.567294 4305.481988 4043.815112 4283.663839 4380.143665 4101.59462 1271.036685 2.850828782e-105 0 0 0 0 0 0 0 0 0 0 0 0 0 
0 0 0 0 0 0 0 0 0 0 0 0 0 0 0 0 0 0 0 0 0 0 0 0 0 0 0 0 0 0 0 0 0 0 0 0 0 0 0 0 0 0 0 0 0 0 0 0 0 0 0 0 0 0 0 0 0 0 0 0 
0 0 0 0 0 0 0 0 0 0 0 0 0 0 0 0 0 0 0 0 0 0 0 0 0 0 0 0 0 0 0 0 0 0 0 0 0 0 0 0 0 0 0 0 0 0 0 0 0 0 0 0 0 0 0 0 0 0 0 0 
0 0 0 0 0 0 0 0 0 0 0 0 0 0 0 0 0 0 0 0 0 0 0 0 0 0 0 0 0 0 0 0 0 0 0 0 0 0 0 0 0 0 0 0 0 0 0 0 0 0 0 0 0 0 0 0 0 0 0 0 
0 0 0 0 0 0 0 0 0 0 0 0 0 0 0 0 0 0 0 0 0 0 0 0 0 0 0 0 0 0 0 0 0 0 0 0 0 0 0 0 0 0 0 0 0 0 0 0 0 0 0 0 0 0 0 0 0 0 0 0 
0 0 0 0 0 0 0 0 0 0 0 0 0 0 0 0 0 0 0 0 0 0 0 0 0 0 0 0 0 0 0 0 0 0 0 0 0 0 0 0 0 0 0 0 0 0 0 0 0 0 0 0 0 0 0 0 0 0 0 0 
0 0 0 0 0 0 0 0 0 0 0 0 0 0 0 0 0 0 0 0 0 0 0 0 0 0 0 0 0 0 0 0 0 0 0 0 0 0 0 0 0 0 0 0 0 0 0 0 0 0 0 0 0 0 0 0 0 0 0 0 
0 0 0 0 0 0 0 0 0 0 0 0 0 0 0 0 0 0 0 0 0 0 0 0 0 0 0 0 0 0 0 0 0 0 0 0 0 0 0 0 0 0 0 0 0 0 0 0 0 0 0 0 0 0 0 0 0 0 0 0 
0 0 0 0 0 0 0 0 0 0 0 0 0 0 0 0 0 0 0 0 0 0 0 0 0 0 0 0 0 0 0 0 0 0 0 0 0 0 0 0 0 0 0 0 0 0 0 0 0 0 0 0 0 0 0 0 0 0 0 0 
0 0 0 0 0 0 0 0 0 0 0 0 0 0 0 0 0 0 0 0 0 0 0 0 0 0 0 0 0 0 0 0 0 0 0 0 0 0 0 0 0 0 0 0 0 0 0 0 0 0 0 0 0 0 0 0 0 0 0 0 
0 0 0 0 0 0 0 0 0 0 0 0 0 0 0 0 0 0 0 0 0 0 0 0 0 0 0 0 0 0 0 0 0 0 0 0 0 0 0 0 0 0 0 0 0 0 0 0 0 0 0 0 0 0 0 0 0 0 0 0 
0 0 0 0 0 0 0 0 0 0 0 0 0 0 0 0 0 0 0 0 0 0 0 0 0 0 0 0 0 0 0 0 0 0 0 0 0 0 0 0 0 0 0 0 0 0 0 0 0 0 0 0 0 0 0 0 0 0 0 0 
0 0 0 0 0 0 0 0 0 0 0 0 0 0 0 0 0 0 0 0 0 0 0 0 0 0 0 0 0 0 0 0 0 0 0 0 0 0 0 0 0 0 0 0 0 0 0 0 0 0 0 0 0 0 0 0 0 0 0 0 
0 0 0 0 0 0 0 0 0 0 0 0 0 0 0 0 0 0 0 0 0 0 0 0 0 0 0 0 0 0 0 0 0 0 0 0 0 0 0 0 0 0 0 0 0 0 0 0 0 0 0 0 0 0 0 0 0 0 0 0 
0 0 0 0 0 0 0 0 0 0 0 0 0 0 0 0 0 0 0 0 0 0 0 0 0 0 0 0 0 0 0 0 0 0 0 0 0 0 0 0 0 0 0 0 0 0 0 0 0 0 0 0 0 0 0 0 0 0 0 0 
0 0 0 0 0 0 0 0 0 0 0 0 0 0 0 0 0 0 0 0 0 0 0 0 0 0 0 0 0 0 0 0 0 0 0 0 0 0 0 0 0 0 0 0 0 0 0 0 0 0 0 0 0 0 0 0 0 0 0 0 
# Events [PSDmon1Chopper/psdchopper.dat] N:
0 0 0 0 0 0 0 0 0 0 0 0 0 0 0 0 0 0 0 0 0 0 0 0 0 0 0 0 0 0 0 0 0 0 0 0 0 0 0 0 0 0 0 0 0 0 0 0 0 0 0 0 0 0 0 0 0 0 0 0 
0 0 0 0 0 0 0 0 0 0 0 0 0 0 0 0 0 0 0 0 0 0 0 0 0 0 0 0 0 0 0 0 0 0 0 0 0 0 0 0 0 0 0 0 0 0 0 0 0 0 0 0 0 0 0 0 0 0 0 0 
0 0 0 0 0 0 0 0 0 0 0 0 0 0 0 0 0 0 0 0 0 0 0 0 0 0 0 0 0 0 0 0 0 0 0 0 0 0 0 0 0 0 0 0 0 0 0 0 0 0 0 0 0 0 0 0 0 0 0 0 
0 0 0 0 0 0 0 0 0 0 0 0 0 0 0 0 0 0 0 0 0 0 0 0 0 0 0 0 0 0 0 0 0 0 0 0 0 0 0 0 0 0 0 0 0 0 0 0 0 0 0 0 0 0 0 0 0 0 0 0 
0 0 0 0 0 0 0 0 0 0 0 0 0 0 0 0 0 0 0 0 0 0 0 0 0 0 0 0 0 0 0 0 0 0 0 0 0 0 0 0 0 0 0 0 0 0 0 0 0 0 0 0 0 0 0 0 0 0 0 0 
0 0 0 0 0 0 0 0 0 0 0 0 0 0 0 0 0 0 0 0 0 0 0 0 0 0 0 0 0 0 0 0 0 0 0 0 0 0 0 0 0 0 0 0 0 0 0 0 0 0 0 0 0 0 0 0 0 0 0 0 
0 0 0 0 0 0 0 0 0 0 0 0 0 0 0 0 0 0 0 0 0 0 0 0 0 0 0 0 0 0 0 0 0 0 0 0 0 0 0 0 0 0 0 0 0 0 0 0 0 0 0 0 0 0 0 0 0 0 0 0 
0 0 0 0 0 0 0 0 0 0 0 0 0 0 0 0 0 0 0 0 0 0 0 0 0 0 0 0 0 0 0 0 0 0 0 0 0 0 0 0 0 0 0 0 0 0 0 0 0 0 0 0 0 0 0 0 0 0 0 0 
0 0 0 0 0 0 0 0 0 0 0 0 0 0 0 0 0 0 0 0 0 0 0 0 0 0 0 0 0 0 0 0 0 0 0 0 0 0 0 0 0 0 0 0 0 0 0 0 0 0 0 0 0 0 0 0 0 0 0 0 
0 0 0 0 0 0 0 0 0 0 0 0 0 0 0 0 0 0 0 0 0 0 0 0 0 0 0 0 0 0 0 0 0 0 0 0 0 0 0 0 0 0 0 0 0 0 0 0 0 0 0 0 0 0 0 0 0 0 0 0 
0 0 0 0 0 0 0 0 0 0 0 0 0 0 0 0 0 0 0 0 0 0 0 0 0 0 0 0 0 0 0 0 0 0 0 0 0 0 0 0 0 0 0 0 0 0 0 0 0 0 0 0 0 0 0 0 0 0 0 0 
0 0 0 0 0 0 0 0 0 0 0 0 0 0 0 0 0 0 0 0 0 0 0 0 0 0 0 0 0 0 0 0 0 0 0 0 0 0 0 0 0 0 0 0 0 0 0 0 0 0 0 0 0 0 0 0 0 0 0 0 
0 0 0 0 0 0 0 0 0 0 0 0 0 0 0 0 0 0 0 0 0 0 0 0 0 0 0 0 0 0 0 0 0 0 0 0 0 0 0 0 0 0 0 0 0 0 0 0 0 0 0 0 0 0 0 0 0 0 0 0 
0 0 0 0 0 0 0 0 0 0 0 0 0 0 0 0 0 0 0 0 0 0 0 0 0 0 0 0 0 0 0 0 0 0 0 0 0 0 0 0 0 0 0 0 0 0 0 0 0 0 0 0 0 0 0 0 0 0 0 0 
0 0 0 0 0 0 0 0 0 0 0 0 0 0 0 0 0 0 0 0 0 0 0 0 0 0 0 0 0 0 0 0 0 0 0 0 0 0 0 0 0 0 0 0 0 0 0 0 0 0 0 0 0 0 0 0 0 0 0 0 
0 0 0 0 0 0 0 0 0 0 0 0 0 8 286 771 1069 1063 1047 1056 1074 1070 1079 1026 1041 1031 1049 1016 977 989 1078 1027 1035 990 1008 1069 1000 935 1000 998 1048 1013 1023 955 730 279 6 0 0 0 0 0 0 0 0 0 0 0 0 0 
0 0 0 0 0 0 0 0 0 0 0 0 0 31 964 2742 3736 3760 3833 3724 3836 3769 3700 3767 3821 3677 3760 3636 3465 3485 3659 3564 3664 3633 3598 3687 3709 3699 3698 3618 3628 3715 3586 3461 2687 906 21 0 0 0 0 0 0 0 0 0 0 0 0 0 
0 0 0 0 0 0 0 0 0 0 0 0 0 29 1175 3041 4217 4154 4306 4306 4212 4305 4272 4296 4207 4106 4174 4034 4149 3958 4157 4120 4114 4212 4145 4166 4122 4173 4226 4111 4099 4088 4054 4055 2932 1119 39 0 0 0 0 0 0 0 0 0 0 0 0 0 
0 0 0 0 0 0 0 0 0 0 0 0 0 31 1121 3226 4276 4230 4189 4235 4375 4290 4201 4236 4207 4135 4285 4086 4140 4086 4093 4276 4059 4127 4173 4274 4142 4203 4138 4085 4119 4104 4127 4090 3079 1101 31 0 0 0 0 0 0 0 0 0 0 0 0 0 
0 0 0 0 0 0 0 0 0 0 0 0 0 37 1207 3069 4069 4166 4332 4291 4338 4408 4380 4207 4215 4243 4274 4128 3958 4090 4087 4091 4151 4131 4200 4144 4074 4060 4173 4033 4078 4109 4131 3977 3023 1105 40 0 0 0 0 0 0 0 0 0 0 0 0 0 
0 0 0 0 0 0 0 0 0 0 0 0 0 40 1168 3209 4158 4370 4255 4249 4209 4399 4330 4186 4176 4271 4250 4197 4056 4112 4246 4275 4276 4171 4320 4172 4151 4227 4168 4209 4197 4096 4078 4093 2983 1073 26 0 0 0 0 0 0 0 0 0 0 0 0 0 
0 0 0 0 0 0 0 0 0 0 0 0 0 34 1190 3065 4253 4330 4239 4359 4267 4433 4419 4371 4318 4337 4264 4174 4005 4057 4153 4233 4275 4323 4262 4373 4329 4209 4304 4149 4108 4183 4195 4084 3125 1076 41 0 0 0 0 0 0 0 0 0 0 0 0 0 
0 0 0 0 0 0 0 0 0 0 0 0 0 30 1217 3174 4206 4488 4304 4425 4498 4397 4321 4486 4402 4379 4396 4202 4113 4181 4244 4189 4205 4289 4300 4315 4309 4266 4222 4266 4091 4226 4127 4208 2970 1102 35 0 0 0 0 0 0 0 0 0 0 0 0 0 
0 0 0 0 0 0 0 0 0 0 0 0 0 39 1163 3289 4401 4537 4340 4511 4390 4453 4438 4422 4445 4497 4349 4244 4215 4289 4329 4196 4379 4280 4326 4243 4291 4460 4221 4278 4248 4293 4243 4211 3049 1082 38 0 0 0 0 0 0 0 0 0 0 0 0 0 
0 0 0 0 0 0 0 0 0 0 0 0 0 45 1202 3359 4425 4416 4390 4496 4462 4605 4399 4499 4507 4357 4398 4203 4276 4262 4247 4522 4400 4395 4342 4398 4357 4484 4351 4366 4265 4305 4333 4371 3050 1147 20 0 0 0 0 0 0 0 0 0 0 0 0 0 
0 0 0 0 0 0 0 0 0 0 0 0 0 36 1268 3300 4478 4507 4532 4377 4497 4519 4537 4530 4495 4525 4480 4457 4359 4261 4374 4377 4460 4410 4448 4447 4572 4295 4445 4229 4380 4372 4272 4299 3245 1113 30 0 0 0 0 0 0 0 0 0 0 0 0 0 
0 0 0 0 0 0 0 0 0 0 0 0 0 46 1200 3278 4584 4570 4589 4548 4617 4690 4504 4777 4571 4610 4543 4454 4413 4346 4283 4456 4472 4413 4573 4568 4401 4426 4404 4385 4520 4391 4616 4370 3246 1120 41 0 0 0 0 0 0 0 0 0 0 0 0 0 
0 0 0 0 0 0 0 0 0 0 0 0 0 47 1200 3438 4591 4500 4688 4585 4605 4675 4558 4666 4531 4638 4645 4515 4485 4391 4412 4465 4612 4485 4523 4623 4609 4512 4600 4412 4454 4501 4434 4476 3263 1157 33 0 0 0 0 0 0 0 0 0 0 0 0 0 
0 0 0 0 0 0 0 0 0 0 0 0 0 41 1279 3342 4771 4724 4547 4950 4682 4762 4811 4815 4614 4687 4617 4571 4482 4531 4561 4595 4558 4548 4501 4597 4521 4473 4522 4475 4666 4402 4538 4378 3298 1168 29 0 0 0 0 0 0 0 0 0 0 0 0 0 
0 0 0 0 0 0 0 0 0 0 0 0 0 49 1274 3364 4655 4732 4712 4664 4723 4659 4677 4815 4693 4675 4577 4518 4499 4474 4518 4608 4658 4559 4559 4572 4575 4622 4496 4593 4500 4444 4527 4429 3319 1186 36 0 0 0 0 0 0 0 0 0 0 0 0 0 
0 0 0 0 0 0 0 0 0 0 0 0 0 45 1275 3430 4632 4688 4646 4614 4620 4756 4703 4561 4603 4608 4545 4450 4573 4510 4524 4580 4621 4690 4603 4512 4605 4694 4531 4564 4494 4563 4458 4384 3389 1239 47 0 0 0 0 0 0 0 0 0 0 0 0 0 
0 0 0 0 0 0 0 0 0 0 0 0 0 40 1300 3399 4645 4705 4811 4788 4678 4589 4582 4784 4668 4521 4723 4555 4391 4463 4441 4480 4595 4577 4563 4593 4681 4532 4605 4526 4535 4568 4554 4473 3384 1233 31 0 0 0 0 0 0 0 0 0 0 0 0 0 
0 0 0 0 0 0 0 0 0 0 0 0 0 53 1257 3386 4504 4638 4539 4582 4627 4787 4651 4756 4662 4518 4625 4348 4472 4502 4427 4540 4556 4581 4491 4576 4588 4619 4543 4477 4435 4484 4464 4387 3269 1147 39 0 0 0 0 0 0 0 0 0 0 0 0 0 
0 0 0 0 0 0 0 0 0 0 0 0 0 35 1239 3333 4471 4718 4609 4593 4701 4618 4516 4636 4618 4610 4452 4523 4394 4330 4414 4496 4542 4461 4558 4436 4483 4427 4516 4503 4431 4386 4528 4370 3233 1189 37 0 0 0 0 0 0 0 0 0 0 0 0 0 
0 0 0 0 0 0 0 0 0 0 0 0 0 46 1241 3306 4526 4528 4495 4529 4726 4487 4506 4598 4461 4452 4539 4388 4382 4336 4357 4417 4507 4304 4394 4492 4410 4411 4536 4509 4342 4332 4420 4212 3193 1171 32 0 0 0 0 0 0 0 0 0 0 0 0 0 
0 0 0 0 0 0 0 0 0 0 0 0 0 40 1198 3238 4461 4550 4507 4521 4458 4472 4572 4481 4511 4322 4354 4361 4337 4357 4304 4268 4393 4404 4207 4366 4477 4230 4465 4450 4211 4264 4303 4295 3178 1108 34 0 0 0 0 0 0 0 0 0 0 0 0 0 
0 0 0 0 0 0 0 0 0 0 0 0 0 32 1150 3229 4319 4500 4488 4362 4294 4448 4419 4336 4394 4409 4460 4237 4182 4262 4314 4193 4371 4333 4357 4280 4394 4385 4288 4275 4288 4216 4291 4108 3264 1213 41 0 0 0 0 0 0 0 0 0 0 0 0 0 
0 0 0 0 0 0 0 0 0 0 0 0 0 40 1124 3247 4372 4451 4405 4373 4274 4387 4350 4263 4310 4315 4245 4277 4159 4052 4283 4267 4285 4384 4296 4234 4220 4170 4277 4343 4190 4291 4201 4102 3115 1043 37 0 0 0 0 0 0 0 0 0 0 0 0 0 
0 0 0 0 0 0 0 0 0 0 0 0 0 35 1140 3257 4290 4345 4251 4406 4260 4183 4399 4363 4432 4328 4289 4214 4191 4256 4215 4170 4266 4169 4244 4172 4198 4196 4276 4270 4138 4075 4131 4068 3114 1077 37 0 0 0 0 0 0 0 0 0 0 0 0 0 
0 0 0 0 0 0 0 0 0 0 0 0 0 36 1140 3053 4163 4254 4324 4272 4383 4386 4224 4225 4338 4324 4198 4157 3983 4040 4181 4302 4154 4145 4213 4125 4189 4180 4127 4210 4207 4030 4169 4076 3027 1058 32 0 0 0 0 0 0 0 0 0 0 0 0 0 
0 0 0 0 0 0 0 0 0 0 0 0 0 37 1141 3155 4272 4287 4216 4251 4161 4314 4219 4276 4261 4287 4241 4136 4152 4003 4046 4251 4100 4162 4303 4087 4180 4117 4279 4226 4122 4105 4004 4003 2979 1029 38 0 0 0 0 0 0 0 0 0 0 0 0 0 
0 0 0 0 0 0 0 0 0 0 0 0 0 35 1200 3174 4104 4246 4258 4380 4277 4355 4152 4250 4241 4273 4203 4117 4105 4019 4087 4223 4211 4114 4332 4263 4107 4129 4027 4200 4195 4103 4125 4073 2987 1054 33 0 0 0 0 0 0 0 0 0 0 0 0 0 
0 0 0 0 0 0 0 0 0 0 0 0 0 36 1128 3128 4303 4308 4335 4303 4256 4271 4251 4200 4300 4275 4132 4059 4105 4031 4157 4269 4106 4183 4191 4282 4190 4241 4158 4136 4176 4280 4046 4085 2972 1020 47 0 0 0 0 0 0 0 0 0 0 0 0 0 
0 0 0 0 0 0 0 0 0 0 0 0 0 35 982 2763 3652 3777 3793 3740 3742 3767 3748 3782 3788 3722 3752 3584 3561 3465 3734 3618 3604 3554 3664 3732 3587 3571 3642 3664 3661 3642 3535 3528 2665 989 25 0 0 0 0 0 0 0 0 0 0 0 0 0 
0 0 0 0 0 0 0 0 0 0 0 0 0 7 278 767 1011 1068 1009 1015 1090 1045 1042 1026 1084 1062 1096 996 1010 1010 1000 1014 1042 1043 1067 976 1087 1027 1074 1085 1015 992 1019 1031 789 236 9 0 0 0 0 0 0 0 0 0 0 0 0 0 
0 0 0 0 0 0 0 0 0 0 0 0 0 0 0 0 0 0 0 0 0 0 0 0 0 0 0 0 0 0 0 0 0 0 0 0 0 0 0 0 0 0 0 0 0 0 0 0 0 0 0 0 0 0 0 0 0 0 0 0 
0 0 0 0 0 0 0 0 0 0 0 0 0 0 0 0 0 0 0 0 0 0 0 0 0 0 0 0 0 0 0 0 0 0 0 0 0 0 0 0 0 0 0 0 0 0 0 0 0 0 0 0 0 0 0 0 0 0 0 0 
0 0 0 0 0 0 0 0 0 0 0 0 0 0 0 0 0 0 0 0 0 0 0 0 0 0 0 0 0 0 0 0 0 0 0 0 0 0 0 0 0 0 0 0 0 0 0 0 0 0 0 0 0 0 0 0 0 0 0 0 
0 0 0 0 0 0 0 0 0 0 0 0 0 0 0 0 0 0 0 0 0 0 0 0 0 0 0 0 0 0 0 0 0 0 0 0 0 0 0 0 0 0 0 0 0 0 0 0 0 0 0 0 0 0 0 0 0 0 0 0 
0 0 0 0 0 0 0 0 0 0 0 0 0 0 0 0 0 0 0 0 0 0 0 0 0 0 0 0 0 0 0 0 0 0 0 0 0 0 0 0 0 0 0 0 0 0 0 0 0 0 0 0 0 0 0 0 0 0 0 0 
0 0 0 0 0 0 0 0 0 0 0 0 0 0 0 0 0 0 0 0 0 0 0 0 0 0 0 0 0 0 0 0 0 0 0 0 0 0 0 0 0 0 0 0 0 0 0 0 0 0 0 0 0 0 0 0 0 0 0 0 
0 0 0 0 0 0 0 0 0 0 0 0 0 0 0 0 0 0 0 0 0 0 0 0 0 0 0 0 0 0 0 0 0 0 0 0 0 0 0 0 0 0 0 0 0 0 0 0 0 0 0 0 0 0 0 0 0 0 0 0 
0 0 0 0 0 0 0 0 0 0 0 0 0 0 0 0 0 0 0 0 0 0 0 0 0 0 0 0 0 0 0 0 0 0 0 0 0 0 0 0 0 0 0 0 0 0 0 0 0 0 0 0 0 0 0 0 0 0 0 0 
0 0 0 0 0 0 0 0 0 0 0 0 0 0 0 0 0 0 0 0 0 0 0 0 0 0 0 0 0 0 0 0 0 0 0 0 0 0 0 0 0 0 0 0 0 0 0 0 0 0 0 0 0 0 0 0 0 0 0 0 
0 0 0 0 0 0 0 0 0 0 0 0 0 0 0 0 0 0 0 0 0 0 0 0 0 0 0 0 0 0 0 0 0 0 0 0 0 0 0 0 0 0 0 0 0 0 0 0 0 0 0 0 0 0 0 0 0 0 0 0 
0 0 0 0 0 0 0 0 0 0 0 0 0 0 0 0 0 0 0 0 0 0 0 0 0 0 0 0 0 0 0 0 0 0 0 0 0 0 0 0 0 0 0 0 0 0 0 0 0 0 0 0 0 0 0 0 0 0 0 0 
0 0 0 0 0 0 0 0 0 0 0 0 0 0 0 0 0 0 0 0 0 0 0 0 0 0 0 0 0 0 0 0 0 0 0 0 0 0 0 0 0 0 0 0 0 0 0 0 0 0 0 0 0 0 0 0 0 0 0 0 
0 0 0 0 0 0 0 0 0 0 0 0 0 0 0 0 0 0 0 0 0 0 0 0 0 0 0 0 0 0 0 0 0 0 0 0 0 0 0 0 0 0 0 0 0 0 0 0 0 0 0 0 0 0 0 0 0 0 0 0 
0 0 0 0 0 0 0 0 0 0 0 0 0 0 0 0 0 0 0 0 0 0 0 0 0 0 0 0 0 0 0 0 0 0 0 0 0 0 0 0 0 0 0 0 0 0 0 0 0 0 0 0 0 0 0 0 0 0 0 0 
0 0 0 0 0 0 0 0 0 0 0 0 0 0 0 0 0 0 0 0 0 0 0 0 0 0 0 0 0 0 0 0 0 0 0 0 0 0 0 0 0 0 0 0 0 0 0 0 0 0 0 0 0 0 0 0 0 0 0 0 
