# Format: McCode with text headers
# URL: http://www.mccode.org
# Creator: McStas 2.5 - Feb. 24, 2020
# Instrument: /zhome/89/0/38697/once/McStas-2.5_CPU_MPICC/PSI_Focus/PSI_Focus.instr
# Ncount: 1000000
# Trace: no
# Gravitation: no
# Seed: 1582679640
# Directory: 1
# Nodes: 10
# Param: lambda=3.4
# Param: chopp_ratio=1
# Param: DET=-69.9
# Date: Tue Feb 25 21:30:57 2020 (1582662657)
# type: array_2d(30, 30)
# Source: PSI_Focus (/zhome/89/0/38697/once/McStas-2.5_CPU_MPICC/PSI_Focus/PSI_Focus.instr)
# component: PSD_Fermi2
# position: 0.928724 0 73.1341
# title: PSD monitor
# Ncount: 10000000
# filename: psdfermi2.dat
# statistics: X0=-0.128329; dX=1.34127; Y0=0.00312075; dY=1.67788;
# signal: Min=2.75621e-62; Max=2489.99; Mean=493.506;
# values: 444155 2967.12 90534
# xvar: X
# yvar: Y
# xlabel: X position [cm]
# ylabel: Y position [cm]
# zvar: I
# zlabel: Signal per bin
# xylimits: -3 3 -5.5 5.5
# variables: I I_err N
# Data [PSD_Fermi2/psdfermi2.dat] I:
2.98872789e-06 4.360927573e-47 1.374566316e-10 1.470369349e-14 2.756213775e-62 0.9634944121 2.306705148e-18 11.36770049 0.0001249274442 0.1900143359 3.855857695e-28 1.623475886e-30 2.161838757e-15 0.07338264152 6.854177043e-09 2.532438172e-14 12.03593453 5.421658164e-16 1.71568156e-21 8.219853599e-08 2.222513205e-41 5.554136522e-18 0.0003158303758 1.74335013e-34 9.610013406e-08 0.0009114013777 0.0004054449356 3.062451887e-06 5.301488728e-15 2.831804024e-28 
0.2891161796 4.163245147e-07 3.255756321e-09 4.452925086e-07 1.708318618e-09 7.11838671e-06 1.572482678 13.54889705 1.557478847 0.03349871692 7.712937315e-11 0.3815316634 1.438858267e-12 9.882686436 24.9061022 11.24169745 12.21295685 0.0001433017467 0.07728516521 1.234485721e-06 0.07635314261 0.03577722749 0.003914028882 0.03416824649 5.625962626 0.01785120179 0.01511087727 5.092639113 0.6660289705 0.002653800058 
18.40113541 0.1617975819 5.492747394 4.652181381 0.1089888454 0.8060174577 3.888263098 28.11589297 0.0002041665404 10.30607023 10.28430641 1.625877682 22.1617024 50.99431556 9.052800758 13.33493656 0.8528630326 2.551521657 0.001867932948 5.56971488 15.56186054 2.461858581e-05 7.959492291 7.305623714 15.62720461 0.4177689889 14.53543004 2.711653491 6.384877977 2.985511905 
79.19924369 7.490751348 3.780515446 35.72105931 13.09820363 33.52937659 5.730722418 65.14696645 23.74629201 90.89013927 79.89038477 43.3811929 36.44077743 54.70085122 102.7695254 22.06651804 128.7477778 5.23339765 28.58662166 49.71528647 65.33467495 29.04681189 12.85402634 9.226125641 13.63622778 0.0331467834 33.24463683 8.602580374 12.57642468 0.0010478691 
126.7586941 18.96237515 19.79577623 90.38355576 88.29028176 55.38923244 38.61280477 105.6897593 104.9433472 127.1167247 196.6144153 164.4455114 81.35126426 96.74282512 191.4132607 36.24166847 165.2368077 11.84790162 26.86262779 72.44324626 109.0109214 61.68118978 26.39790838 36.19244886 8.615170878 34.9775993 102.6156528 7.742410584 18.90933439 3.007601622 
87.32515903 51.08466264 61.16639593 185.942028 65.18515394 135.6912647 120.758688 145.6763255 370.3018901 267.5142372 219.8339548 341.7786363 282.8197177 283.7898036 286.8972389 167.6253244 229.8899882 189.6253695 145.4992733 284.6152855 123.9548941 283.2178908 92.25579468 64.19455049 73.6297512 106.0890466 112.5531399 72.99709658 28.30196091 4.770778493 
128.0665956 43.08179873 106.205534 152.8776926 305.4356253 131.7472414 210.4406757 223.8715681 642.319298 507.5294803 370.8222351 590.8113655 446.4139297 578.3488891 377.3824106 332.5440294 397.5373024 231.46149 305.6006171 119.4944803 315.0881162 455.8718744 181.8784586 204.6418901 249.8506362 161.4260616 182.8510884 122.8204661 78.60582443 8.483035896 
221.4713183 56.93754138 173.9975498 164.4517089 263.9554522 425.5764406 240.2751621 364.1166053 647.7790831 573.8779593 484.2940559 587.5298729 663.0963264 477.7769921 611.1358265 520.2096181 975.9297135 303.4005078 634.2668769 359.744657 606.6512293 661.9471011 334.8208915 450.2206022 240.1874393 251.1748467 268.2437383 216.8179806 235.3465763 14.80784138 
279.425097 64.48931483 246.8017719 324.1029998 597.358685 484.9759475 619.5122558 661.8544519 913.9279365 886.2698203 687.2287696 781.527731 625.6732774 570.3304754 757.3923397 700.6991962 937.5974579 354.151896 768.6465216 795.631672 769.7378359 767.166342 488.6773851 449.9713134 385.3858791 356.4492725 325.3839962 245.3181875 139.5491139 17.08317269 
474.2550662 139.3471704 317.8368969 376.0834296 381.2480096 532.5287779 561.5655865 668.1148196 979.2094069 818.7932909 1695.726529 894.9762647 863.5499313 1143.507772 1308.049058 948.4522954 834.0029694 553.9758853 1160.932619 1059.832523 959.7129893 675.3231521 658.9884141 443.7297194 501.602618 450.0293514 549.0035295 306.5458619 97.75380941 29.3175033 
395.4791183 213.3483123 531.5776841 485.4720903 702.8358504 822.4341352 1005.511728 859.1322333 1493.39412 1312.865817 1706.648293 1399.44569 1056.06508 1273.351452 1212.343414 1718.678437 1285.39784 802.86654 1297.013517 994.5859946 836.2356928 1002.775439 755.3127967 763.7609343 688.1855958 548.8075777 396.4906893 452.6558289 145.4806397 13.21353673 
498.4628978 237.626898 434.7214493 646.8029423 786.6982235 841.3184102 1029.667726 1445.969565 1685.218121 1685.4869 1911.008845 1989.966116 960.226013 1621.996142 1695.543893 1727.697624 1127.74026 885.1182111 1240.808116 1402.939262 1422.176396 1471.021649 1013.351822 908.2902438 587.8225284 791.7458481 546.8302112 329.3535598 186.5121658 37.84479654 
401.9552595 364.2338794 295.6395723 523.6196871 546.9322678 817.879444 924.3553997 1191.733459 1728.896555 1950.52564 2064.077583 1924.957566 1072.504846 1396.227296 1726.35754 2008.547687 1438.801246 1252.087261 1382.744683 1631.503184 1144.069775 1354.007464 750.9211937 748.7451309 758.290584 659.4927533 605.1710699 462.4175937 249.7106018 31.41714469 
401.077003 331.7019205 496.9708493 629.6958438 605.5935895 1005.670644 1485.366631 1214.910805 1646.95956 1226.899642 1947.723899 1980.074921 1570.002566 1424.748599 2374.659641 1479.724254 1583.516218 1239.149441 1746.145331 1536.946423 1366.932075 1191.410738 713.9617933 998.475578 814.3536736 585.417665 834.8192704 619.4294817 273.7572005 33.53271443 
428.7287132 485.633681 523.4308483 761.6063422 583.8018731 1027.351584 1021.804877 1758.290269 1448.896259 1820.966387 1557.326991 1549.544284 1949.708987 1326.197021 2107.243646 1603.875379 1577.63241 1555.841871 2163.286736 1738.874634 1313.757029 1154.129114 731.9544348 889.8596693 596.2601778 534.9591626 688.2850542 713.2950844 281.8119468 12.01170799 
374.8123585 319.8488783 452.5335255 650.9273207 581.141804 849.8126913 1470.315192 1518.534028 1325.923446 1121.339058 2425.082089 1948.851499 1919.928191 1495.71183 2489.994165 1756.952107 1701.660061 1435.98129 2445.225829 1549.266485 1618.6766 1034.530607 699.7974461 919.7620109 702.7555638 525.5160878 723.9039914 734.9657398 299.4737414 20.92201611 
577.9194471 378.7644949 409.6920677 721.5202947 943.8534672 1155.980074 1588.175442 1172.127275 1080.114132 1289.954358 2432.140937 1919.653955 2002.257072 1136.848183 1805.62153 1570.451938 1404.954031 1261.708227 1791.717456 1364.417116 1402.424129 1201.923022 908.7467419 814.1657849 826.9961224 545.9337681 888.7838048 647.5684109 369.8054238 21.31943693 
517.9828018 258.6090388 519.9277725 668.2692265 649.6896467 1212.460259 1342.371834 1064.741774 1160.214621 1287.606168 1966.45411 1448.564897 1238.878057 1797.679073 1993.555879 2116.586315 1037.937914 1293.024854 1734.114704 1381.906193 958.8898016 1022.162291 1351.854907 963.3026122 680.7443561 656.1587612 646.536908 551.2189169 226.1762039 16.33447938 
367.180493 285.2215082 334.5761752 516.4758151 672.9675951 1193.961633 1277.800444 1486.132407 1237.586047 1337.313685 1717.285022 1546.544044 1808.913954 1480.36139 1400.803063 1709.559898 1134.577725 1263.514804 1849.569846 1406.750391 1055.131626 828.068169 1269.828808 493.199693 780.0518642 863.4675741 516.8905512 373.6723826 176.5421598 28.73673982 
304.2348666 444.3765978 384.2213955 610.7628333 490.2228934 769.867904 828.2036839 831.3656721 609.2193145 1048.008794 1779.267401 1055.167783 1702.909928 1478.484068 1097.383108 1054.225756 1042.932798 838.164119 1271.033396 1131.366467 968.9647084 1218.302857 722.6427329 380.1803492 874.8349998 822.8294362 558.7749488 303.8091206 210.389531 36.53973819 
226.2746427 557.1851799 388.8531791 709.6515976 439.5715135 667.6728032 538.4150251 1098.101485 505.40034 879.141757 1494.697386 968.6820308 1370.791648 1318.158786 846.4440567 742.6385515 917.2511099 1108.348801 1103.062933 671.0643443 1077.662546 729.0784078 1014.596135 344.1807293 684.1638649 582.9929441 492.2834452 144.4418892 107.9764132 45.69632687 
159.7475881 406.9013172 311.3439785 444.9052946 365.4229893 658.0806628 270.6928238 762.3765891 394.80372 1112.191168 859.0440382 660.0359825 1346.597374 882.2639635 622.4717215 988.5457945 606.6054563 751.8260815 1034.708619 549.4788184 767.7568493 528.2936881 621.8762503 310.0773456 388.77541 648.5948258 522.0070124 231.7714046 58.63612475 11.22572539 
92.99919455 310.033853 360.2466065 219.6490184 118.4533131 352.0155544 310.6016176 466.9381325 180.6449026 1004.495902 706.8803714 506.6555735 702.4777179 549.5533514 680.8410827 752.9712411 566.2563118 713.5673666 416.3431251 251.3333755 604.2553044 414.4863541 480.0118744 213.0453341 309.7984087 393.7526475 160.9990018 148.5173921 57.71010389 10.51506831 
83.88269108 145.0786063 126.6403527 108.6266329 115.1834058 135.8166014 294.7805879 360.5955881 219.100932 245.7962722 546.3673063 339.6280746 397.9054837 464.0781976 239.0225302 447.1784211 474.5386825 480.1671494 296.1140144 162.2398697 410.0915297 224.5610251 280.442818 201.7163119 381.0086232 369.0084388 100.4225705 109.1188901 99.11229642 4.930888478 
61.95485976 106.4659029 100.5482973 91.51586526 90.59713491 124.1547097 283.5496446 119.9815493 129.9256031 279.9973172 199.036873 118.8053238 83.29238769 400.1211282 166.1859392 261.640544 255.4018189 253.772943 179.2902514 56.28065838 192.3933305 182.994115 276.4758524 75.43043069 179.4398376 94.1574809 64.67718997 11.41102706 28.99201423 4.79329029 
42.31505466 26.32588409 44.13484562 58.92362545 41.16583538 123.4311635 137.7559364 87.75629333 112.5735419 248.0054303 71.19858563 50.888085 118.2333099 91.79302352 129.5003706 125.4840609 78.70872663 102.9992733 114.1017455 56.7994393 89.94415118 48.63125344 76.52598683 80.27297948 51.61065721 73.17894999 15.7875237 17.32638544 21.59902216 2.392857693 
25.29213796 9.909971787 32.53294353 16.89776642 32.77535697 21.34839081 78.73549202 84.48341711 10.84879423 77.40487299 33.91222448 13.61262738 17.00404765 55.89845282 127.0892063 68.01965684 0.09338635514 28.07395773 18.88262965 45.89509151 59.72865105 45.65871481 8.528830677 1.234760764 18.55418921 42.02254685 0.1368197974 1.408731419 7.913843889 0.3194596262 
11.24853028 0.2970660539 14.52362229 2.394561502 10.97060155 10.67298578 50.90430337 0.2152598671 6.606546632 1.156179511 0.3714526722 1.036291823 13.42481348 0.08307053703 48.59733235 9.783906351 41.35762407 19.78189281 4.877024907 4.525713879 19.4263211 23.47442763 11.89845125 3.83675403 18.36859131 0.3489909109 0.05178605239 15.16655784 0.002371304845 2.352503565e-16 
0.01450461552 5.494162628e-09 0.08547345499 8.990565283 0.1416895174 1.09441704 2.011241575 6.781858654 10.39221833 0.4715853511 1.545480748e-13 0.5776886734 1.468684813 0.1661477522 0.2516175516 3.007365211e-12 1.256024032e-05 0.0009111343407 0.001224398451 0.02853882337 6.582234915 6.64813481e-05 0.1334320786 5.823478575 9.990049677e-05 17.88419899 0.01596979022 7.323709616 0.03677970668 2.319030132 
4.083634167e-34 1.875935949e-13 1.129278025e-13 2.479387928e-10 6.769592596e-25 4.457564424e-32 2.305198837e-51 1.906022425e-13 3.991937059e-07 5.284583592e-29 6.400637907e-14 2.094101968e-13 6.101284648e-11 0.08307387608 0.2515153286 1.941848862e-17 4.51151114e-15 9.823097249e-11 0.00125305735 1.273978425e-39 0.0004296697576 17.76022526 1.059871032e-06 0.0005462444996 3.38824123e-17 6.793178163e-51 1.256138e-44 1.191610245e-31 6.567221907e-09 5.81716011e-05 
# Errors [PSD_Fermi2/psdfermi2.dat] I_err:
3.086744891e-06 4.452502002e-47 1.418686825e-10 1.525874385e-14 2.890659009e-62 0.9851486757 1.675458146e-18 11.63521239 0.0001075568588 0.1367243829 3.98231269e-28 1.702715871e-30 2.267355616e-15 0.07539349715 4.971730085e-09 1.848796132e-14 12.34860827 3.906460995e-16 1.819755097e-21 8.585357081e-08 2.375966558e-41 3.274675686e-18 0.0003312456927 1.275456223e-34 5.665989641e-08 0.0009363742518 0.0004334388681 3.104185826e-06 5.622914034e-15 3.058697932e-28 
0.207951953 4.00927516e-07 3.300665379e-09 4.517934432e-07 1.726396567e-09 4.15058882e-06 1.584532519 12.97829294 1.566541544 0.02374625495 7.473607398e-11 0.2715069137 1.029513045e-12 8.047300259 25.12749412 11.34426161 12.1405088 0.0001314786191 0.07802967484 7.444916452e-07 0.07706433885 0.03613377507 0.003346254009 0.02778537839 4.00182179 0.01803103511 0.01493292098 3.090165595 0.6724010436 0.00271344345 
12.57533727 0.09918022725 4.526896761 3.328473001 0.0758997311 0.5730904446 2.204120086 16.93606831 0.0001454487956 10.33059879 10.37564484 0.7712449513 13.62632063 31.52919126 6.451874074 11.552269 0.41282154 1.818438205 0.001768913785 5.499762949 15.65823101 1.90746245e-05 5.249593872 4.614305109 11.447019 0.4018702111 11.3824416 2.163334306 4.516290957 3.013085452 
28.15137456 6.9329378 1.739363294 25.36829329 10.23225355 13.35525545 2.419704226 25.50561163 23.18602507 37.64208962 33.00060329 23.98098797 23.44998517 33.61442106 33.73207654 13.16227722 44.44047602 2.583232153 18.10815138 20.90852035 30.60078456 22.75052986 7.141559498 6.403106676 5.972948284 0.0164561442 14.38118096 5.946706389 7.900834877 0.0003835293701 
36.24903142 10.82153532 7.859044856 36.14663925 30.24394381 17.53277127 16.62945122 33.44046435 40.53882943 44.09444599 54.19884498 47.87693961 43.33284565 36.08306348 52.28031484 19.30342314 51.00869341 6.032316274 15.44964696 25.62093473 48.8098947 30.14142986 11.31934183 14.43266667 5.972788231 24.33400064 28.97653951 2.701111299 10.17586903 3.015136668 
30.26200991 17.50135579 25.08944201 54.24786862 24.65375638 36.07793033 36.13708072 42.17626637 88.29107486 67.82696377 56.56681613 73.58261331 71.1788229 70.31301805 61.617298 41.76420778 50.53844777 49.05783317 49.38678713 60.30410535 43.03896602 76.13517841 37.33247774 22.32510599 26.58611347 34.33296195 31.52935762 19.49804018 12.42270179 3.105888742 
38.11529534 13.69559261 38.49708427 48.7913046 67.43383458 37.75790161 51.7615223 52.18619191 115.0387313 97.6857837 76.34662859 97.61801158 95.54787271 98.55297101 81.45679385 77.48230829 79.85287731 60.31523131 68.20584816 33.02616586 76.17105535 101.9720959 53.20083255 50.420782 47.21270124 49.17382047 42.40088561 28.28127891 20.50381239 4.197683897 
45.99419755 18.71116771 34.46394345 44.31164185 59.40450292 86.57212423 61.00676514 72.40240005 111.1701395 99.47995001 97.59860641 107.5991205 117.0569175 93.56423698 111.6007717 95.65296079 138.8687993 73.73967973 111.0195906 76.35811104 103.4430525 115.5165396 72.11055032 80.66749891 51.56495749 52.52016887 50.3780087 39.85128861 48.27631415 5.893484312 
56.14314517 20.16329683 55.55225356 61.89253216 92.50460191 87.70103546 107.4997057 100.7999892 133.0425454 130.3496612 122.4715468 133.8324421 109.9823077 104.773581 128.1949753 119.1373265 136.1810834 74.91812046 119.0009205 122.9437025 124.8359148 123.8111681 91.63878573 84.90363349 67.80605524 63.64687471 60.2691172 49.06717102 29.48124439 6.485580892 
71.37370317 29.06094546 56.85483167 74.55863719 67.93399334 92.96026022 93.09086717 104.2470261 138.133971 124.6966747 203.095642 134.9468655 132.7321874 152.3707541 175.791462 138.2128509 134.326938 104.4587295 153.3488376 150.5390239 135.1165181 115.325571 109.3637849 78.08683813 86.34535156 76.11287946 85.83345389 55.32315926 25.29163891 11.353957 
59.78753501 43.83864455 80.96822357 82.58046745 103.6077896 116.052211 136.4910974 121.4008206 177.3855031 166.3332011 204.118145 179.4160106 142.8695531 168.6918469 176.839899 202.7304718 173.9039105 126.4052983 166.0139618 149.8375739 132.1096549 145.7558646 114.1320944 107.0501125 100.4907768 82.64120601 64.95433434 70.13830943 31.43771232 5.591110052 
75.13240968 51.05680336 65.68206751 111.9106478 116.2825016 112.2626184 140.4816872 165.9241182 189.9550677 190.3042336 211.8692444 215.4098324 149.672035 200.9419265 210.7741825 194.8593256 168.1462171 138.9462246 168.2888007 175.3338647 173.9660343 180.8201434 128.2563345 117.1927918 99.98834151 106.3516502 81.21639208 59.86645156 40.51389804 13.0186496 
63.01571985 65.50647853 59.63190149 88.03886925 90.14718046 107.4230915 130.9557994 158.5439258 197.0880095 209.7294376 219.6428095 216.6385468 159.4560702 187.7140571 210.9712833 222.3766598 195.2233309 172.2108486 184.0271444 198.9857994 155.9268292 177.5687546 114.1799986 110.6768609 111.7801361 102.8132389 87.00382296 78.08288987 45.45874229 9.326082726 
65.83271828 69.32369338 70.55275048 99.59357524 99.33992175 130.8797193 174.3490606 160.2069313 191.4518983 165.0213494 217.4518878 218.164579 198.4157017 186.6322795 247.1263975 189.2856488 201.6480223 168.221864 216.4624134 187.0806091 173.3432169 158.5427138 108.2510276 126.6021888 119.7574263 86.67008176 110.5052683 96.02426764 51.43966753 10.57005138 
60.8136786 81.43354587 72.63287348 110.9886991 97.79858147 136.4744684 132.8839013 188.8681756 180.6278131 202.8501536 190.6898223 191.1526297 224.6888809 179.7053471 233.035233 200.2898618 202.1356328 191.7904805 240.4818694 202.8196782 169.4759306 162.6973693 110.3610604 120.8100282 101.3523539 87.82477084 94.03616478 98.18435415 45.563438 4.021658654 
56.68005826 66.12846171 76.2302221 98.6049356 98.31039761 130.9361984 163.6164841 174.2024784 170.5338062 150.9974972 239.8094632 212.8649736 220.0155107 184.3656946 250.7334199 210.4643708 202.7020469 179.6379606 251.9675616 196.3567557 194.2983192 152.6840146 114.0585835 125.9248086 104.6870553 92.36676154 109.1091158 97.70069267 53.39961943 8.20401299 
74.02156956 61.37734089 74.33045709 108.8017642 127.2078074 147.4917702 173.7279015 151.6836636 150.6005135 165.6477675 243.1678359 219.695062 227.6904287 162.6980392 211.8387997 198.6165732 188.5532144 173.048117 210.9837673 178.7920568 180.1929066 161.1664569 136.1517664 125.0378865 118.0270439 83.31953739 118.8924095 89.73509085 57.41389328 5.219436569 
66.73861151 56.74169327 75.41655878 94.49804466 103.5760482 156.9178327 164.869367 136.9299869 155.5994885 162.9150821 214.7676544 187.6058696 174.591076 214.2677698 217.9156067 229.8720777 151.9694675 175.0748256 204.8073591 185.208341 140.6268778 140.8566199 168.7047912 140.0821986 104.4004777 103.9776259 94.06596395 78.54775608 46.89038671 6.390273128 
59.40352753 50.37846283 61.74904567 85.15377735 109.7925974 154.0816685 160.0864588 162.0789991 164.4428717 164.0749076 192.2470528 188.0955134 195.4896053 187.2203459 182.8345361 203.394954 164.7850174 177.2711498 209.1099635 181.0044429 153.652712 124.637536 156.9669513 94.33691153 110.4171824 124.5511702 87.18370944 59.81878601 39.51066953 9.128491405 
57.0458255 71.09895848 61.24983089 93.58833966 94.86995976 119.7272265 124.1130412 123.8156675 94.44829956 134.7889183 207.3878249 152.0060676 197.3739765 186.8698753 159.4159337 160.4172335 150.4229576 148.3097098 171.8000302 156.6635815 135.2065312 154.0478485 115.4617957 79.72873341 120.4628659 112.6965476 84.57208222 48.49800603 42.41842014 13.69132943 
46.17925415 78.88889121 66.53057614 99.85977315 82.8690429 106.9237841 92.41030622 145.6625054 85.07034765 120.6367597 174.4053172 150.0621864 170.7040287 175.6499891 136.3098775 119.7918715 140.9074746 164.3875434 152.7392808 109.8034686 148.8349657 113.9939483 132.2479145 76.28012801 104.043828 95.39755496 77.35002791 33.53562044 26.62915195 13.39357694 
34.41313696 70.45125878 65.01104649 79.51989571 72.29335196 105.2911513 57.93416645 115.128421 75.92823439 147.4995157 137.1427093 117.4956463 164.5288908 139.3893203 117.3038211 152.4765302 115.3613329 123.8056943 145.993584 98.58928397 126.4670199 90.03570309 95.90855394 59.9097201 80.25832787 102.0379183 83.98479406 53.85357967 17.97941464 3.97994725 
23.86775404 63.92352134 63.17592433 48.17766875 30.77754362 74.41340015 68.28517414 86.0922352 46.98880641 145.367442 117.2779285 103.8175521 117.0038997 106.1667342 124.0986694 129.5794519 106.2628935 113.3598776 84.36024493 54.79986431 100.7150204 74.30824564 84.50966117 47.39650146 63.67288073 72.19518709 38.20157378 34.06822735 19.21044621 3.922965737 
22.02001823 36.14898997 35.46762094 32.92558552 47.46166631 45.36720725 66.1265691 75.0889016 59.72685227 64.51742652 102.3564836 77.87818515 81.43093095 107.1162948 64.59830468 97.01193447 98.45502548 90.46182641 69.56899097 47.19009257 77.05981052 54.90202246 68.21623063 42.0532713 72.91829972 73.87358849 26.7921931 25.75297373 23.97180685 2.754230393 
19.04984308 35.65295154 31.02092813 30.58745373 41.69161048 35.36212251 65.533979 33.34507424 37.04073458 76.85516139 54.6459896 41.03901143 25.57608764 96.60680454 56.94408187 61.15369703 68.06089814 69.25173224 46.37560006 23.82138552 50.10587548 53.03006647 69.90870836 28.64934366 45.8935193 32.18766445 22.49689382 6.933724725 10.48555158 2.650657733 
15.2200691 17.23056577 14.84169185 21.66839447 13.50278822 31.82543881 50.86516329 28.32192759 41.75995885 62.43338234 23.71448084 32.39053449 39.60763863 41.72216752 46.81859544 43.95078968 46.82497607 40.93023885 40.46263363 27.88125221 31.47253061 21.59420994 28.10368303 28.97972978 24.23779496 33.79091645 10.79023273 10.4686648 9.389712279 2.34960087 
11.85094777 5.012482395 11.54865566 14.87042303 12.27348004 9.373640883 36.95468959 35.57910492 4.701838214 35.91322992 17.13938426 8.066632953 11.77902105 34.29505639 50.32464874 30.98786567 0.0754065133 25.25105897 9.390652426 15.44671488 32.36211463 26.32691851 4.675160652 0.9803597964 11.88679508 22.52364718 0.08676545924 0.6585270927 5.662347638 0.2921513688 
5.783079293 0.2498518035 8.714261013 2.408689461 7.400797733 7.633978109 29.86667391 0.2170038083 3.411862339 1.161431262 0.1907508298 0.7111939073 11.35707216 0.08361914504 28.85867084 9.871129214 28.47960751 18.44962401 4.913886855 2.680403124 14.47059497 23.22340592 12.00236983 3.698194411 18.49927849 0.2420722501 0.02828006913 10.45265542 0.002395191912 1.680554998e-16 
0.01469931706 5.528238929e-09 0.08635921393 7.798950159 0.1433663748 1.107069681 2.032985359 6.843164369 10.55334719 0.4753133566 1.10478804e-13 0.505676858 1.047742245 0.118642693 0.2537867961 2.912074535e-12 1.27549839e-05 0.0009184520266 0.0009713955495 0.01653292109 6.631849898 6.699267806e-05 0.1351204937 5.887639002 9.184980056e-05 18.0909596 0.01615878251 7.387773441 0.03721496598 2.400363717 
4.365588556e-34 1.937458317e-13 1.155852909e-13 2.53773445e-10 6.143294135e-25 3.653547493e-32 1.676890218e-51 1.968526688e-13 4.169442276e-07 5.343699809e-29 6.58620207e-14 1.08590147e-13 6.268474086e-11 0.08712154163 0.2564915417 1.981742523e-17 4.755550298e-15 1.002565532e-10 0.0006386171591 5.808765176e-40 0.0004472118264 18.15938128 1.117202044e-06 0.0003276755801 3.553617382e-17 7.595004078e-51 1.297333747e-44 1.236592372e-31 6.815128252e-09 6.131825154e-05 
# Events [PSD_Fermi2/psdfermi2.dat] N:
15 20 15 13 10 22 17 21 17 12 15 10 10 18 18 14 19 25 8 11 7 21 10 13 21 18 7 15 8 6 
71 60 36 34 47 48 65 70 71 50 57 77 36 57 56 50 58 46 47 41 53 49 46 50 47 49 36 48 52 22 
66 62 65 41 76 89 62 95 65 53 56 93 59 77 62 63 77 62 51 73 68 52 58 54 80 71 60 78 51 49 
71 77 97 76 58 79 91 94 79 76 64 111 98 90 94 80 100 74 72 84 82 75 99 109 85 83 67 110 69 64 
85 101 86 84 100 93 92 113 93 108 111 118 95 86 122 82 96 78 84 92 98 99 83 127 116 89 97 131 82 46 
107 90 112 100 88 104 81 100 112 99 108 109 81 131 97 92 98 99 104 98 94 123 94 129 117 120 112 132 94 66 
89 99 122 90 121 114 92 105 125 122 97 116 90 136 108 110 106 123 117 108 100 88 144 139 135 131 116 137 96 80 
120 113 133 112 113 108 91 132 144 127 110 120 99 120 106 125 128 110 120 117 148 113 128 134 100 134 108 127 118 63 
123 100 129 113 117 123 112 156 143 127 99 107 117 107 98 107 128 109 111 132 138 120 129 104 118 151 131 111 112 56 
127 93 125 123 91 99 120 125 147 120 148 141 129 153 118 116 114 100 154 159 148 94 129 117 126 144 146 129 76 70 
144 100 137 127 107 126 129 122 140 134 127 137 130 144 108 152 104 135 119 121 123 107 153 129 133 182 113 144 95 43 
134 107 123 118 128 131 120 144 157 153 138 170 102 146 114 157 96 113 114 154 157 142 140 134 120 163 138 113 82 37 
122 124 91 143 120 125 122 124 154 155 137 157 97 113 120 155 101 118 111 144 140 121 94 165 135 135 131 111 81 58 
132 99 136 128 109 149 157 104 152 119 145 149 107 123 154 125 116 114 131 145 152 131 112 159 114 130 133 118 89 62 
146 133 152 137 123 140 125 152 127 152 122 119 148 122 144 112 108 122 145 162 134 140 124 140 93 114 128 143 96 58 
130 108 119 134 102 125 150 146 122 131 155 146 132 140 175 119 122 126 152 152 148 118 118 123 107 107 121 151 111 72 
138 134 122 140 130 160 168 111 119 117 140 129 139 116 170 116 106 127 137 148 135 155 112 123 110 122 139 132 104 85 
125 126 132 147 133 160 148 129 123 127 136 138 116 170 156 142 92 107 122 145 119 130 166 132 109 122 150 132 123 48 
117 135 83 122 109 138 153 153 120 132 152 141 160 143 126 127 98 111 165 134 119 126 159 97 113 137 111 128 92 62 
101 161 122 135 107 113 135 127 103 145 162 129 127 138 119 110 103 81 139 130 137 142 126 110 146 166 136 116 107 50 
87 187 111 145 111 121 116 157 106 157 166 118 145 129 120 117 116 103 133 119 130 108 157 111 123 130 132 98 78 51 
84 155 123 105 115 115 118 165 120 156 116 95 165 95 101 139 104 125 134 127 110 105 128 108 113 164 124 115 73 48 
94 146 136 136 111 97 94 137 92 148 126 137 140 130 116 131 103 133 137 94 140 129 126 109 98 141 110 115 72 59 
129 112 101 102 102 78 94 118 86 123 157 131 138 109 96 134 105 117 118 118 122 88 116 114 111 113 93 108 105 55 
86 94 124 92 99 100 123 101 97 104 156 91 129 107 84 118 135 95 126 94 108 97 93 99 108 68 106 99 82 60 
90 77 111 88 68 90 132 95 73 98 115 89 98 91 99 93 71 101 92 85 88 100 94 89 113 85 80 100 71 38 
75 95 71 77 79 65 92 94 66 89 72 95 82 89 74 72 71 76 77 80 72 67 75 70 84 72 60 92 51 20 
60 91 84 83 28 72 69 61 72 84 49 53 87 75 66 54 51 84 64 73 73 83 57 57 70 35 37 56 49 22 
37 74 48 72 42 43 46 55 32 63 44 50 55 49 55 47 32 62 60 42 65 64 39 45 49 43 42 56 42 14 
7 15 21 21 12 18 16 15 11 22 17 13 18 10 25 24 9 24 22 20 12 22 9 10 10 4 15 13 13 9 
