# Format: McCode with text headers
# URL: http://www.mccode.org
# Creator: McStas 2.5 - Feb. 24, 2020
# Instrument: /zhome/89/0/38697/once/McStas-2.5_CPU_MPICC/PSI_Focus/PSI_Focus.instr
# Ncount: 1000000
# Trace: no
# Gravitation: no
# Seed: 1582679640
# Directory: 1
# Nodes: 10
# Param: lambda=3.4
# Param: chopp_ratio=1
# Param: DET=-69.9
# Date: Tue Feb 25 21:30:57 2020 (1582662657)
# type: array_2d(30, 30)
# Source: PSI_Focus (/zhome/89/0/38697/once/McStas-2.5_CPU_MPICC/PSI_Focus/PSI_Focus.instr)
# component: PSD_Fermi1
# position: 0.821174 0 73.0743
# title: PSD monitor
# Ncount: 10000000
# filename: psdfermi1.dat
# statistics: X0=-0.0604499; dX=1.37525; Y0=-0.00205918; dY=1.76706;
# signal: Min=0.852177; Max=58837.3; Mean=16183.2;
# values: 1.45649e+07 17235.4 3.21382e+06
# xvar: X
# yvar: Y
# xlabel: X position [cm]
# ylabel: Y position [cm]
# zvar: I
# zlabel: Signal per bin
# xylimits: -3 3 -5.5 5.5
# variables: I I_err N
# Data [PSD_Fermi1/psdfermi1.dat] I:
1.013056891 8.724225183 4.506702327 5.455610485 4.535349075 20.50632338 6.681893127 33.76315843 46.50232593 35.90402814 7.400360116 41.2955378 47.11515258 20.62193197 20.93330138 15.9393182 57.92097115 21.10939527 28.77913678 23.93066247 28.30088695 18.78740499 10.42548489 8.352323534 10.51429861 6.80120433 2.244321281 18.11667482 1.365122052 0.8521767115 
45.48006917 75.22684026 75.66101393 55.04902516 90.40094924 103.5931129 85.71276918 190.8028926 237.88976 132.2852486 218.2746051 210.3498146 248.1987737 114.1026797 168.9566694 226.0048001 309.0836733 171.1802757 252.8813865 163.2931739 109.045439 72.02805793 85.42536707 32.41821109 72.76439701 124.7495354 78.18228915 20.88268151 62.40109242 10.57419153 
145.1191809 334.5029604 267.096209 329.5538529 648.1004574 708.262842 550.9145939 620.9233809 604.5940402 865.0303967 957.0211598 799.8456259 999.1621645 856.5941793 798.2889858 888.3117075 816.032274 855.959019 680.405949 566.066786 492.6052949 541.9103611 317.1532352 258.7252895 343.6699828 287.106667 123.7579864 167.7511289 134.4252464 219.379858 
613.4044099 944.9173648 870.2960462 1091.373501 1465.854779 1681.575336 1638.746277 1951.509241 1930.112001 2680.774342 2372.794587 2863.54426 2883.874803 2708.361665 2947.708265 2777.813099 2372.389048 2194.147069 2410.424769 1797.304579 1939.024763 1597.781662 1172.585042 884.0050827 1120.771305 813.5957279 608.7717707 523.126992 496.3897695 490.4590078 
1458.366842 1657.009485 1984.110657 2551.951165 3155.38209 3290.253652 3559.818569 4212.895775 4506.447716 5171.23362 5541.719295 5177.99886 5530.054941 5427.761112 5809.617365 5794.514305 5731.871059 4709.108365 4800.570522 4740.306495 4089.754507 3414.591198 3605.753128 2456.513227 2715.946983 2177.749391 1541.181703 1239.603181 981.2040009 1013.86183 
2159.822209 2901.090382 3653.724812 4273.589274 5497.852654 5748.707586 6324.263696 7254.102626 8940.759569 9585.022416 9700.645843 10944.64704 10228.12144 10059.72182 10598.14572 10271.0443 10295.93654 8817.66158 9034.55078 8132.184758 7768.704225 6292.402794 6268.352585 4750.783367 4194.701614 3994.659347 3268.334337 2311.766492 1835.792985 2053.510417 
3131.928246 4625.426624 5483.404206 6451.235214 8200.557381 9116.125836 10028.97965 11006.8191 12479.44141 14332.48792 14508.34451 15525.72071 16114.55808 14736.32794 15359.16835 17031.8989 16755.56504 14462.91137 12754.21238 12995.68864 12242.67138 10181.9528 10476.45828 8021.614244 6959.948777 6371.988475 5459.725542 4013.580592 3276.161523 3080.354969 
4865.286073 7020.829713 7912.412839 9433.628773 10748.31529 12305.20501 14102.52154 16365.3041 18862.83265 19125.81891 19086.62935 19744.98081 23919.64666 21963.67465 23105.93264 24975.12884 22682.51405 21291.89805 18404.3885 19490.3609 16765.20776 13892.4332 14764.19247 12364.83247 10072.79697 9895.965747 7221.66201 5516.10202 4858.148084 4420.988858 
6545.784446 8213.066775 9777.363102 11471.16532 14385.66894 16678.16308 18803.30065 23946.67454 22353.97544 27035.666 26455.38494 27755.97396 30721.5677 29079.29365 28829.52514 30043.0892 30358.05549 28089.27466 26954.84171 25234.76061 23831.05962 20565.79994 20281.68341 16627.77891 15063.59694 13265.17606 10995.6218 8017.601187 6539.463647 5623.022042 
8250.627401 10599.20176 12433.14009 15125.55663 16989.53823 19767.15676 22884.14755 26720.19436 27706.96781 32385.19064 32577.19403 32169.00194 36035.21547 37039.31404 35801.2543 40134.82564 37044.91222 36179.79049 35440.85509 30382.52314 28655.20081 24283.65231 24010.05919 20966.64698 18630.95503 16117.11916 12634.66964 10858.7821 8489.440394 6795.920416 
9921.07409 12012.8986 13592.66272 17451.15744 19230.28063 23849.27395 26097.46078 31142.87596 31710.26646 37871.24136 38349.68464 40356.68579 41599.12236 42436.63707 41918.47629 45518.79726 41651.03489 44204.30761 41904.82727 33737.10632 31705.99667 29750.36165 27843.43185 24266.26166 20145.77838 18422.65315 14363.53604 12569.70671 10734.71719 7655.693931 
10326.91512 14116.81448 15340.08577 17656.64976 22454.51221 27381.08109 29397.61165 33428.85493 35279.89163 39353.54394 42395.27936 44632.47652 47189.74776 44425.1444 46376.73454 49702.25362 46967.40672 45507.20756 48053.60437 40842.01103 36927.46994 33742.17895 30278.56728 27741.61359 23948.85608 19731.11208 15408.52243 13698.56455 11093.09837 8430.481015 
10592.95929 13850.88083 16957.44225 19380.61395 24452.11586 28655.06081 32201.80566 35524.64593 38915.8223 42805.40706 44870.44859 49154.52443 47847.69704 47303.12359 49991.94976 55558.4149 48347.78269 51126.88733 50957.30208 46119.15504 40612.02046 35360.30951 30347.78735 29825.23547 24818.59811 22231.50585 18255.22897 15159.81808 12887.86578 8832.834301 
11232.82437 14683.41874 18750.98998 20592.69352 25392.2815 30828.73869 33393.35389 36314.59477 39840.99334 46003.50294 50170.83264 53998.35863 48217.80835 51405.88745 53141.9864 56030.17337 51576.20803 51225.24842 50541.50463 47900.29164 42682.77695 38116.49463 31174.8745 32018.43176 26802.96509 21470.23717 19939.04359 16548.14799 12174.06856 10086.96375 
12523.06843 14219.9456 19435.89855 23097.82944 25717.75752 30527.07912 34588.4673 40021.60499 43065.26308 44972.68684 50801.37867 51245.48015 52984.03447 54942.25469 54939.02314 55129.07405 50035.89606 53831.58792 52953.10546 48189.72141 42420.25501 38582.80607 33143.27372 33425.97933 28982.2305 23799.38692 21306.64688 17715.97701 13329.35114 10442.32341 
11608.38879 14258.35421 19729.21459 22470.35859 27133.04685 31901.64359 34317.30136 39516.9293 40822.33014 45095.43012 51532.94188 53636.11445 52085.91128 55863.37804 55852.91189 57163.28606 51367.5114 52713.47171 50624.59673 50149.8602 46529.71111 38937.61921 34428.03855 32335.92251 27940.7311 23426.23139 20613.74242 17977.42218 12826.27134 10084.37542 
11172.28412 14692.3991 17190.19104 22847.36848 25908.68074 31220.14745 32848.63453 38172.15944 41124.04838 43318.78949 47023.1779 53318.59998 53749.09231 53642.15916 58837.34346 53458.79932 51888.5621 50377.44304 47646.06459 49772.99707 42478.98233 38962.95801 35492.36507 30073.75243 26265.84362 22700.42041 19723.00135 18238.21487 13042.19849 10424.88673 
11275.36556 14245.08112 15842.24595 20472.40698 22882.43458 27462.04761 30371.93564 34640.24446 37043.74699 40011.80234 44017.98925 50001.95531 49975.56646 49930.74836 52574.78312 52521.24039 48204.71791 48200.58576 46536.35426 44739.70869 41221.63009 35315.26392 34941.7047 27359.1456 27348.15304 22565.76855 17025.91358 17399.40161 11203.43413 10554.80016 
10638.8499 12566.58205 13563.52055 18621.51058 22896.34417 25885.41845 30617.14544 30449.76895 36758.79383 40399.84314 41013.10712 46289.68374 47683.88185 44441.15051 50251.57812 49489.22437 47067.31921 42851.93195 42852.20867 39471.73659 39814.05855 32410.83982 29708.23625 26890.30689 24047.44112 20134.74624 16304.58714 15557.14513 11075.63508 9007.007211 
10182.83837 11687.72568 13690.34389 18875.45654 20196.90209 23206.1142 27977.78633 28396.61911 32981.50602 37857.4166 37669.13059 41753.44839 41667.09544 40279.73325 44427.81075 41095.77363 42989.11985 39832.5498 39559.77722 36433.00662 36439.01502 28335.05141 25298.84186 24574.5802 22256.58651 18460.91611 14825.33914 13116.77346 10418.5323 7717.787809 
8552.338147 10610.56589 12516.94517 16538.47329 18360.37382 19895.47384 23655.18766 25803.60745 28281.47797 32413.48396 34858.66457 35176.78186 38539.51257 36147.34163 38041.84029 36148.95333 35804.31347 34009.48145 30821.10523 31040.03423 31261.71152 25245.27276 22058.86822 19992.51602 18162.0851 16287.43857 12943.50508 11176.11247 8855.930876 7056.396568 
7054.322183 7743.585511 10336.2757 13595.66663 14633.43651 16308.15801 19650.05878 20849.26352 22526.88109 26008.99646 26994.70616 29334.2352 30196.20699 28680.04029 31409.82924 27930.13761 29195.71822 29017.70069 26114.2115 24998.17986 25006.71021 19282.89074 17543.51246 15476.44846 13956.9387 12664.09303 10941.47984 8774.484808 6926.875831 4834.787689 
5872.739192 6851.067297 8384.503135 10430.94282 10981.55595 11465.85977 13906.72586 18512.10296 17081.20195 19048.76304 19326.56088 23209.66283 20370.13709 20998.2241 24490.98212 21105.63045 23115.87852 21421.17049 19456.57699 19747.94663 18244.1864 14570.34384 13089.15928 12084.21622 9618.64701 8912.477506 8086.214515 6271.017409 5179.242922 4245.517719 
3779.044112 4567.525973 5350.039593 7340.438755 7587.047136 8110.096414 10344.1575 12917.88855 12105.8877 13038.32986 14780.8334 14799.14945 14591.48149 14725.59109 16357.49765 13670.56983 16316.18132 15020.00878 12651.78877 12818.5893 12594.70066 10024.39092 9229.318496 8136.257052 6668.512986 6227.066928 5892.501803 4558.883215 3263.268575 2679.839446 
2867.503109 3229.824683 3649.873947 4358.796208 4565.463093 5413.051279 6820.496984 8393.23556 8391.110986 8912.076692 8715.677333 10057.81755 9367.394695 9004.661253 10233.71011 8280.035701 10349.38898 9891.449081 9528.767661 9040.026105 8472.069837 5640.339023 5799.967698 4674.686941 4561.30089 3357.258825 3288.557417 2404.198204 2030.235763 2173.813632 
1523.862945 1757.540393 1845.84838 2722.850115 2646.361151 3094.610526 4096.368077 5210.632863 5125.583776 4614.180462 5568.121738 5106.295042 5250.261751 5115.939183 5623.096143 5092.183561 5974.491677 5468.265496 5118.522757 4670.278668 4254.739 2980.253727 3519.591531 2487.02331 2086.912854 2126.763024 1778.897891 1319.486877 956.9734725 1234.493509 
727.7973725 772.8771652 802.2106597 962.8872218 1360.765321 1614.600818 1587.065814 2262.041984 2638.907789 1775.803865 2645.334423 2495.940247 2530.278337 2311.478522 3123.859807 2430.795778 2477.3713 2322.702358 2603.667599 2136.775506 2071.938532 1477.929096 1699.247593 782.5988681 1141.368423 669.8055726 647.9926627 667.7942607 411.6221988 524.3176615 
261.4323271 221.3576554 411.6811081 453.7651083 470.5255918 438.43778 612.4936127 820.7604464 859.4799338 838.7619749 924.5208722 894.7482908 779.8626033 946.9443108 757.2374852 979.084296 836.8979929 694.0380134 852.2659531 696.4604571 689.1908302 445.63338 528.4483089 377.5558186 304.5494065 405.3109464 318.7300674 149.3546128 127.8442077 187.7171644 
50.98235742 34.12763137 113.5062172 67.481331 154.0034216 157.1498952 104.7074668 162.5534453 201.7207269 177.9743846 260.3084464 155.2344218 126.856775 210.3542908 159.369358 98.5603699 156.6682015 124.3675323 141.4265784 141.7534114 121.3709769 182.0095072 117.1944774 77.46703676 117.0881613 113.8405818 29.20745169 60.5813151 13.98268617 51.67426171 
2.230704395 1.250279949 15.45788453 44.18247306 10.17503205 24.84760127 8.254866993 24.05130679 35.79479213 15.54236595 19.40428689 15.06907951 10.38020388 6.857542031 17.49611372 46.73754607 41.91316752 20.4290177 28.67605674 19.46192133 23.36916437 18.71441656 14.65136446 18.20092437 1.127459112 10.89591315 0.9648580156 1.046169472 2.728465925 1.666602188 
# Errors [PSD_Fermi1/psdfermi1.dat] I_err:
0.5992205302 5.611190706 3.202890485 5.046844297 3.290108011 12.79118833 2.60004768 17.48787033 24.11264308 28.59710589 3.100275615 24.83043825 17.70163156 8.563799457 19.4055695 6.070490167 21.78600046 20.37246079 14.5197938 16.03419111 18.34452538 13.51138871 7.730336519 4.896108906 10.20627407 6.571651499 1.919183148 12.86726114 0.7667686417 0.5058452274 
17.83035142 20.49772753 21.65596969 18.4011223 33.49306463 29.76304742 25.22248559 42.04052752 59.79647449 39.50587473 61.68366744 55.78612008 60.28668085 32.99932828 51.04038 60.59799581 71.2920381 45.95984098 61.10848929 48.05445139 32.46105119 30.80251129 29.14851745 9.034028886 29.59284195 34.48715605 28.54282317 9.595938152 16.58004295 7.7340902 
29.52148875 49.49227467 42.115192 60.5204419 105.6627238 93.40466787 81.28693075 82.35296779 94.56090216 120.9214766 128.8422112 109.4783264 125.1061593 120.5745757 113.6601288 117.7641333 113.0905002 114.0354107 104.0075131 87.1607226 88.18381481 83.90389372 62.45681798 42.06486527 66.87861904 51.55191754 30.65255112 34.27603111 29.22474137 43.96912807 
70.22644202 88.72156224 85.78714119 111.6617176 147.4656918 141.3796303 146.0921829 158.3626561 171.4288875 208.3196056 195.7017862 224.9163403 222.8429741 222.0333846 225.7124773 207.7215216 195.6591346 183.7488501 207.5915053 164.3855571 171.0894292 144.2832966 128.9919719 99.47633352 120.3293722 90.77579001 77.31682424 69.41866342 61.22312311 65.54830629 
116.2602341 117.5164861 140.6364142 176.5687705 213.7317229 201.8596063 218.0658786 250.957767 267.9915889 303.0432985 307.4204674 294.2449402 304.6832588 302.0036249 317.9151377 311.242983 313.5081594 268.0584947 294.2766077 276.2968434 254.9226994 217.4917459 236.5068661 171.8302538 195.9679157 162.3695355 128.5891134 101.6173807 78.54678578 84.21207192 
137.6187935 166.0877936 207.4747873 237.2165389 278.0908989 279.5483839 304.269445 340.3221035 389.9050981 419.8645407 414.8488811 448.7131504 442.7341206 425.8468523 438.0229085 422.564106 432.9976295 396.7848951 423.8407992 374.5159663 352.3733882 310.4598992 316.2931088 251.7505171 237.3028894 228.7402548 191.5762297 144.4069172 120.6994196 132.1259144 
170.2804453 222.1480202 259.011712 292.9401857 352.7284566 372.3593363 402.4464664 426.9466675 461.5253424 507.9367232 520.7203147 541.4231512 561.5380557 530.7818022 537.0465711 579.2972508 580.0614707 514.5894902 495.1255498 479.8637156 455.6950961 413.4124563 418.0986737 350.7702957 318.0939221 290.7914948 255.9894239 197.2616135 176.3551748 167.1641982 
221.9383002 284.4412595 315.9636431 364.2831564 404.833105 439.6905164 478.9521888 541.0911987 579.066165 599.3518417 608.4942476 619.2421265 696.5050741 664.4153626 691.8807505 725.6998805 687.0119807 650.1438697 604.3488459 620.5615098 555.2928389 497.64867 503.5704351 440.1697533 387.6564504 376.0208498 296.0306583 244.2522062 228.9716412 198.4763498 
256.1501923 310.4639174 357.3341609 397.6653196 467.8382132 533.2249929 567.4532801 671.4586625 642.5569001 748.3908058 741.8571898 758.7139245 807.1774784 777.7260361 791.498351 811.4763322 818.5706267 769.9973624 761.9655824 726.2090534 684.0471405 622.0872898 608.974926 524.1443334 493.7259237 452.0332806 388.9216635 305.9555794 267.1659532 225.794241 
292.3472955 364.4408594 416.9119925 482.3331054 526.2559358 576.2430501 646.0880109 715.5102267 742.8957867 826.3810196 836.7482855 828.2155621 899.8443132 915.1109521 902.1472321 961.0509519 919.8542779 898.5034415 894.7302881 807.567676 774.4526563 686.020097 675.9612679 612.5898844 555.2210503 507.6989557 422.5058612 377.8699367 312.0032129 254.724394 
332.2921152 393.5427362 434.1936619 525.6063176 565.849082 647.5746289 697.6429646 784.8325999 818.7552728 901.8005592 920.8845346 951.9725839 983.940357 993.1233689 989.0643054 1031.021858 981.5253396 1015.883136 987.8634586 856.0229032 827.1179875 775.2714503 732.8715149 664.1801285 582.2965699 551.1121363 458.1683925 410.8877491 354.4946866 269.3744196 
337.6607224 427.1229751 469.2050302 530.6001032 626.6630756 701.0673547 750.9587569 826.4803022 874.875991 921.7475374 979.061058 1015.739882 1069.150065 1032.800049 1047.82753 1096.212727 1059.919481 1045.512181 1075.70562 968.2483163 910.735866 846.3752593 772.2457618 720.3211188 648.6439612 574.8356454 488.9425572 427.1354988 365.2414282 284.859156 
352.2446491 422.1205444 503.2753009 570.4470732 653.895249 733.1107356 805.2102752 858.4865151 923.4763863 978.4216245 1014.064652 1075.502875 1073.651091 1081.266841 1101.829831 1179.555014 1085.222857 1123.963735 1114.219187 1049.089326 976.2036682 875.5705601 789.6464334 763.3544101 673.1053876 616.1847423 542.4524928 457.1617507 402.437232 303.6452985 
355.3392086 443.1624887 542.3302701 585.8539508 667.3258693 766.8386285 824.5611291 878.4350593 934.2598066 1019.155456 1082.326586 1141.182111 1086.56887 1131.787376 1146.642656 1197.284132 1134.279422 1140.603826 1118.855239 1080.178408 990.8132482 926.7861937 805.1716916 799.2048142 699.8580845 602.5911672 575.556137 482.8131133 386.0845443 334.5888236 
380.2955545 423.064749 546.1071668 626.7565571 674.5773128 774.5080343 838.8029915 934.6689927 975.515725 1004.159641 1096.701992 1110.7864 1144.347629 1166.953737 1168.698032 1187.818454 1121.263367 1167.707371 1144.713976 1089.28509 994.8133512 936.5070682 830.5935906 824.7975543 744.6925419 641.4194728 593.4718181 509.8771406 415.925561 349.2236573 
365.9365364 429.3001823 551.8221444 622.4111355 695.429767 785.0739686 838.0286195 920.0863432 945.6497005 1015.477165 1098.179576 1141.45766 1128.498226 1194.600418 1179.000175 1203.65622 1132.10943 1149.591461 1121.894095 1111.420102 1052.745805 930.808171 860.9704239 808.2439362 737.1221843 644.4157916 576.6114703 518.5805017 405.4551713 335.795223 
362.8341056 444.5707785 506.7992068 622.2867403 677.1648306 785.3510407 805.2198614 902.4723487 946.3249393 989.0645332 1039.436846 1128.731952 1144.100158 1155.960729 1215.797864 1159.230246 1144.946476 1112.795266 1087.585616 1094.909862 990.5502751 931.4062614 874.5606385 776.3678622 704.1033036 627.5893841 552.8022538 519.2560612 407.9045903 336.7610416 
371.7733525 430.7164227 479.7487904 581.7025038 632.4229968 721.0862835 768.4057573 840.5218632 894.9320422 943.5307508 1006.452562 1083.823137 1103.271388 1110.990811 1135.302848 1136.028533 1088.812843 1086.970475 1064.543397 1024.467311 972.9032321 873.2176445 867.4795116 725.1217835 722.0344131 627.4204856 510.2867536 512.9943986 363.5096598 343.563436 
363.6246149 401.1614839 440.7448443 538.6040586 633.3404757 699.2832771 773.0368351 776.9349099 889.1818893 932.2521619 954.9034191 1033.711015 1067.012235 1035.718882 1094.482329 1091.401034 1067.148902 1000.514888 1005.012609 955.2264487 939.2686865 830.0809742 779.6087303 714.093283 671.3899675 582.9193217 499.8022985 477.752493 365.0526741 305.95558 
346.396316 381.2926426 430.4938548 542.0498717 583.3569566 647.7200698 729.8169025 739.9262004 818.8926688 900.247291 902.7826916 972.2419569 986.3725951 968.6691239 1008.762915 963.5487632 1007.466968 958.4013624 951.4526604 898.358404 886.7854191 756.0987067 703.2786119 676.9976401 638.7324602 544.4119929 458.8719962 429.1866828 354.7716936 275.8559902 
304.7601709 364.1256013 413.6536232 507.3651225 554.605202 573.5439379 665.6512304 698.8905061 751.9750049 810.5337918 861.9431161 874.9916651 938.4031847 899.3284942 916.2841774 892.5232831 903.1574299 869.4169982 825.2971094 808.1845666 803.3010155 705.5000273 635.3155172 599.0924127 560.0682051 509.2090703 429.2988432 391.7079509 318.0832348 255.3646826 
272.260839 295.5263416 372.0779534 450.0857095 485.4293005 509.6088174 601.9201146 610.9059366 658.2443782 719.8894227 736.2608748 786.8499254 812.7308637 782.7532769 826.4240873 768.5901566 806.3339798 785.4541195 748.2994579 714.9887794 706.8814298 606.3758548 557.5292544 510.8985113 476.0085515 431.5522142 381.4370101 326.2756679 267.7357684 204.6068259 
248.425922 285.5436286 329.2758547 393.1243353 407.4128358 417.1127371 483.5557406 572.4820533 558.8427795 604.9817523 610.3899702 688.012498 650.1010475 653.3721756 723.2172248 647.3657805 697.9589614 659.8638518 627.8986901 625.8540688 582.110864 509.4993405 466.4517874 447.8273481 374.3894287 349.3195955 323.947994 271.6883619 226.9100963 191.3456369 
195.4173277 218.2857316 255.942934 325.4367202 330.7150602 344.4865747 418.5626945 474.0333147 459.9273746 483.2963044 536.8010811 539.8051403 539.0215688 535.9531368 569.6578574 506.1525956 569.8402855 535.3483382 486.3372448 487.7186429 473.8886888 408.7094626 380.3837417 354.4988341 291.7604491 282.5169187 268.5137477 228.0738364 173.8889114 145.4999445 
164.7239339 173.7576665 213.649295 242.0500205 237.3107758 273.333015 340.7727281 367.6084699 367.7482806 386.788575 398.1255458 432.4543036 416.61199 406.5328113 427.4766267 377.2946559 444.857927 427.1296568 419.3963417 404.8964193 372.4675692 291.8514811 290.0245758 259.1525111 234.5488897 196.6642063 188.7150098 159.2799318 134.5875808 136.6177538 
114.4756526 120.2992467 139.5220887 196.1698482 174.5594021 204.5315567 251.0260665 286.813965 285.3874759 257.1971572 312.1810429 295.0402054 305.760192 303.5878284 315.8964698 292.7852249 326.7006951 311.0382472 291.644722 290.2588746 258.2020073 203.4655741 220.0975971 180.258705 153.408783 155.1420675 136.5742428 113.1004604 84.45561471 105.0630785 
75.31825518 80.33354626 86.24791376 115.5548832 124.1805515 142.7810475 150.7431961 186.15193 199.0161319 153.560529 207.3975626 192.2563756 211.7444268 190.4178893 237.6069363 203.1330214 207.4339041 194.4184792 216.4349777 188.4467074 176.783685 144.9788137 149.1877899 93.62630544 114.4640901 84.89276569 77.35224051 87.216331 56.90763262 65.66814139 
41.72867343 39.75197331 64.17354859 74.89380338 71.55892136 73.89651991 94.04560251 101.2568963 108.7964891 97.25941395 122.7526672 116.6750399 105.4884733 126.6385346 108.2616608 132.8484033 115.1031373 102.2870002 119.4743613 107.4192177 101.7115797 82.30204068 77.04861717 68.53358662 59.50609274 67.96640201 61.10001533 28.10019577 28.26556045 37.31019777 
14.55282926 11.96542244 27.37034739 26.61987554 44.43605275 44.11882569 37.40162512 41.53584789 51.51711513 41.13418447 64.92343866 38.56616809 42.52827004 52.36225389 46.70043455 28.81623866 47.42165271 42.21548928 35.18662404 45.26629999 45.21413546 53.84514609 30.84432248 26.43329849 43.96259677 36.56286821 10.01534571 23.91533314 10.92445071 20.84649578 
1.37285365 1.006647683 12.98694546 32.41553553 4.150839194 14.06406452 4.350633066 13.21175093 20.38608603 12.29429431 15.06841368 10.77176971 5.448286752 5.095311478 15.81034409 26.48411996 25.51072659 18.71753047 19.25130199 10.65450628 18.92105418 17.15276257 11.76155639 15.59029058 0.8228649818 9.221834142 0.5502395011 0.5751066872 2.012714186 0.9917302914 
# Events [PSD_Fermi1/psdfermi1.dat] N:
1476 1395 1396 1539 1539 1597 1464 1704 1401 1551 1394 1497 1422 1480 1577 1488 1540 1421 1503 1409 1461 1408 1605 1446 1333 1463 1538 1385 1416 1449 
2010 1941 1966 2086 2092 2039 2059 2205 2017 2018 1865 2096 1927 1998 2128 1975 1968 2004 1986 1901 1999 1988 2160 1942 1991 2072 2042 1913 1970 2041 
2477 2475 2513 2531 2622 2523 2538 2547 2506 2623 2519 2653 2522 2589 2593 2669 2536 2564 2695 2522 2493 2655 2634 2448 2460 2579 2663 2443 2540 2664 
2872 2834 3173 2975 3120 3085 3062 3069 3104 3175 3050 3077 3136 2974 3157 3155 3037 3045 3071 2979 3032 3083 3071 2922 3097 3121 3021 2917 2981 3228 
3173 3252 3563 3432 3546 3491 3503 3491 3455 3451 3495 3500 3345 3572 3493 3478 3579 3366 3446 3538 3606 3397 3493 3563 3481 3538 3458 3482 3355 3524 
3570 3659 3747 3728 3546 3699 3719 3761 3784 3638 3881 3770 3625 3851 3861 3752 3597 3613 3670 3834 3774 3710 3612 3767 3688 3636 4015 3729 3649 3967 
3558 3905 3993 3687 3800 3908 3776 3822 3844 3933 3835 3968 3855 3851 3827 3901 3861 3868 3825 4160 3932 3930 3898 3927 3802 3870 3993 3976 3745 4128 
3722 4043 3979 3924 3723 3954 3953 3982 4142 3918 3873 3912 4059 4054 3767 4081 3920 3856 3911 4090 3962 3990 4000 4045 3824 3844 4040 4034 3783 4197 
4005 4008 3994 4027 3930 3934 3935 4307 4021 4085 4095 4011 4084 4046 3908 3976 3961 4030 4010 4113 4194 4144 4298 4122 4140 3971 4226 4106 3910 4314 
3985 4215 4075 4069 4000 4102 3941 4230 3861 4191 4060 4033 4083 4001 3989 4172 4057 4213 4176 4120 4291 4109 4284 4184 4178 4138 4033 4168 4140 4222 
3979 4169 4099 4141 4028 4271 4123 4307 3987 4277 4185 4251 4148 4210 4049 4246 4160 4411 4324 4178 4129 4284 4339 4300 4106 4167 4145 4162 4264 4363 
4096 4217 4107 4076 4116 4358 4093 4205 3989 4159 4060 4217 4093 4039 4184 4273 4286 4277 4360 4211 4153 4242 4368 4419 4278 4203 4116 4224 4083 4384 
4089 4137 4110 4157 4118 4341 4172 4262 4128 4154 4083 4408 4143 3930 4226 4375 4176 4342 4341 4437 4165 4205 4192 4440 4196 4365 4250 4431 4241 4394 
4131 4222 4225 4158 4131 4325 4187 4298 4177 4204 4388 4479 4022 4198 4289 4282 4195 4177 4265 4345 4257 4173 4187 4448 4306 4247 4270 4668 4232 4321 
4261 4211 4364 4348 4254 4368 4312 4382 4372 4236 4339 4363 4332 4404 4427 4327 4153 4366 4445 4335 4192 4236 4356 4540 4360 4333 4350 4538 4415 4370 
4195 4220 4191 4209 4311 4300 4292 4417 4286 4185 4438 4456 4336 4334 4372 4377 4141 4361 4331 4429 4338 4248 4257 4513 4298 4360 4493 4493 4532 4371 
4152 4219 4087 4290 4324 4219 4228 4280 4395 4137 4385 4453 4391 4241 4401 4341 4108 4287 4238 4489 4258 4340 4271 4290 4164 4430 4569 4475 4637 4386 
4072 4164 4014 4144 4171 4183 4131 4236 4197 4088 4326 4334 4298 4061 4223 4350 4176 4293 4177 4373 4402 4186 4277 4291 4158 4342 4387 4457 4318 4400 
4051 4066 3941 4115 4175 4134 4268 4074 4249 4225 4201 4270 4327 4017 4283 4296 4265 4115 4086 4151 4365 4126 4283 4321 4168 4430 4375 4245 4284 4326 
4108 4183 4150 4103 4091 4118 4261 4114 4279 4250 4228 4157 4225 4044 4330 4162 4294 4121 4155 4272 4393 4191 4139 4169 4244 4223 4470 4054 4333 4249 
4098 4082 4031 4293 4169 4032 4062 4109 4091 4141 4192 4060 4261 4130 4145 4080 4172 4150 4086 4176 4341 4271 4122 3989 4233 4197 4289 4038 4408 4250 
3848 3934 4102 4051 4026 4021 3920 3970 3878 4114 3885 3994 4085 3991 4074 3958 4085 4063 4050 4038 4141 4086 3987 3930 4010 4046 4195 4121 4013 3936 
3700 4040 3782 4004 4071 3719 3634 4049 3907 3975 3674 3981 3734 3879 4023 3803 3964 4088 3889 3973 4093 4011 3865 4015 3785 3970 4125 4068 3957 3962 
3549 3947 3540 3818 3980 3653 3603 3829 3756 3906 3694 3668 3639 3833 3962 3602 3909 3900 3937 3768 3884 3895 3782 3865 3807 3967 3989 3966 3687 3810 
3567 3802 3595 3559 3910 3549 3486 3745 3731 3860 3562 3595 3616 3787 3817 3670 3786 3744 3984 3757 3662 3672 3825 3683 3577 3653 3887 3776 3723 3835 
3460 3573 3421 3436 3608 3337 3375 3447 3512 3487 3437 3419 3512 3551 3610 3434 3371 3423 3512 3459 3463 3387 3621 3483 3374 3470 3603 3613 3466 3508 
3196 3010 2988 2960 3330 3136 3010 3117 3157 3015 3018 2996 2966 3169 3116 3038 3024 3072 3167 3056 3048 2991 3237 3093 3000 2962 3176 3226 3117 3068 
2657 2562 2433 2556 2665 2540 2553 2613 2523 2660 2505 2425 2513 2697 2661 2579 2503 2533 2658 2569 2673 2541 2549 2672 2579 2484 2612 2604 2600 2598 
2087 1920 1944 1998 2158 2008 1976 1931 2053 2105 2061 1908 2042 2175 2116 1996 2014 2055 2006 2155 2154 1968 2060 2070 2054 2012 2020 1972 1915 2053 
1453 1533 1502 1501 1490 1508 1503 1417 1485 1470 1570 1420 1509 1532 1498 1655 1479 1612 1488 1614 1511 1433 1537 1575 1412 1438 1492 1399 1430 1520 
