# Format: McCode with text headers
# URL: http://www.mccode.org
# Creator: McStas 2.5 - Nov. 19, 2019
# Instrument: /zhome/89/0/38697/TESTS/2019-11-20/McStas-2.5_CPU_MPICC/FZJ_SANS_KWS2_AnySample/FZJ_SANS_KWS2_AnySample.instr
# Ncount: 1000000
# Trace: no
# Gravitation: no
# Seed: 1574226906
# Directory: 3
# Nodes: 10
# Param: lambda=7
# Param: dlambda=0.7
# Param: FLUX=1e+08
# Param: NGblen=0.05
# Param: sample=2
# Param: Clen=10
# Param: Dlen=10
# Date: Wed Nov 20 00:59:14 2019 (1574207954)
# type: array_1d(500)
# Source: SANS_KWS2_AnySample (/zhome/89/0/38697/TESTS/2019-11-20/McStas-2.5_CPU_MPICC/FZJ_SANS_KWS2_AnySample/FZJ_SANS_KWS2_AnySample.instr)
# component: detector2
# position: 0 0 60.01
# title: PSD monitor radial average
# Ncount: 10000000
# filename: PSDr_av.dat
# statistics: X0=0.244273; dX=0.02103;
# signal: Min=0; Max=22111.2; Mean=3214.64;
# values: 1.60732e+06 9017.19 32015
# xvar: r
# yvar: (I,I_err)
# xlabel: Radius [m]
# ylabel: Intensity/m^2
# xlimits: 0.00035 0.35035
# variables: r I I_err N
0.0007 0 0 0 
0.0014 0 0 0 
0.0021 0 0 0 
0.0028 0 0 0 
0.0035 0 0 0 
0.0042 0 0 0 
0.0049 0 0 0 
0.0056 0 0 0 
0.0063 0 0 0 
0.007 0 0 0 
0.0077 0 0 0 
0.0084 0 0 0 
0.0091 0 0 0 
0.0098 0 0 0 
0.0105 0 0 0 
0.0112 0 0 0 
0.0119 0 0 0 
0.0126 0 0 0 
0.0133 0 0 0 
0.014 0 0 0 
0.0147 0 0 0 
0.0154 0 0 0 
0.0161 0 0 0 
0.0168 0 0 0 
0.0175 0 0 0 
0.0182 0 0 0 
0.0189 0 0 0 
0.0196 0 0 0 
0.0203 0 0 0 
0.021 0 0 0 
0.0217 0 0 0 
0.0224 0 0 0 
0.0231 0 0 0 
0.0238 0 0 0 
0.0245 0 0 0 
0.0252 0 0 0 
0.0259 0 0 0 
0.0266 0 0 0 
0.0273 0 0 0 
0.028 0 0 0 
0.0287 0 0 0 
0.0294 0 0 0 
0.0301 0 0 0 
0.0308 0 0 0 
0.0315 0 0 0 
0.0322 0 0 0 
0.0329 0 0 0 
0.0336 0 0 0 
0.0343 0 0 0 
0.035 0 0 0 
0.0357 0 0 0 
0.0364 0 0 0 
0.0371 0 0 0 
0.0378 0 0 0 
0.0385 0 0 0 
0.0392 0 0 0 
0.0399 0 0 0 
0.0406 0 0 0 
0.0413 0 0 0 
0.042 0 0 0 
0.0427 0 0 0 
0.0434 0 0 0 
0.0441 0 0 0 
0.0448 0 0 0 
0.0455 0 0 0 
0.0462 0 0 0 
0.0469 0 0 0 
0.0476 0 0 0 
0.0483 0 0 0 
0.049 0 0 0 
0.0497 0 0 0 
0.0504 0 0 0 
0.0511 0 0 0 
0.0518 0 0 0 
0.0525 0 0 0 
0.0532 0 0 0 
0.0539 0 0 0 
0.0546 0 0 0 
0.0553 0 0 0 
0.056 0 0 0 
0.0567 0 0 0 
0.0574 0 0 0 
0.0581 0 0 0 
0.0588 0 0 0 
0.0595 0 0 0 
0.0602 0 0 0 
0.0609 0 0 0 
0.0616 0 0 0 
0.0623 0 0 0 
0.063 0 0 0 
0.0637 0 0 0 
0.0644 0 0 0 
0.0651 0 0 0 
0.0658 0 0 0 
0.0665 0 0 0 
0.0672 0 0 0 
0.0679 0 0 0 
0.0686 0 0 0 
0.0693 0 0 0 
0.07 0 0 0 
0.0707 0 0 0 
0.0714 0 0 0 
0.0721 0 0 0 
0.0728 0 0 0 
0.0735 0 0 0 
0.0742 0 0 0 
0.0749 0 0 0 
0.0756 0 0 0 
0.0763 0 0 0 
0.077 0 0 0 
0.0777 0 0 0 
0.0784 0 0 0 
0.0791 0 0 0 
0.0798 0 0 0 
0.0805 0 0 0 
0.0812 0 0 0 
0.0819 0 0 0 
0.0826 0 0 0 
0.0833 0 0 0 
0.084 0 0 0 
0.0847 0 0 0 
0.0854 0 0 0 
0.0861 0 0 0 
0.0868 0 0 0 
0.0875 0 0 0 
0.0882 0 0 0 
0.0889 0 0 0 
0.0896 0 0 0 
0.0903 0 0 0 
0.091 0 0 0 
0.0917 0 0 0 
0.0924 0 0 0 
0.0931 0 0 0 
0.0938 0 0 0 
0.0945 0 0 0 
0.0952 0 0 0 
0.0959 0 0 0 
0.0966 0 0 0 
0.0973 0 0 0 
0.098 0 0 0 
0.0987 0 0 0 
0.0994 0 0 0 
0.1001 0 0 0 
0.1008 0 0 0 
0.1015 0 0 0 
0.1022 0 0 0 
0.1029 0 0 0 
0.1036 0 0 0 
0.1043 0 0 0 
0.105 0 0 0 
0.1057 0 0 0 
0.1064 0 0 0 
0.1071 0 0 0 
0.1078 0 0 0 
0.1085 0 0 0 
0.1092 0 0 0 
0.1099 0 0 0 
0.1106 0 0 0 
0.1113 0 0 0 
0.112 0 0 0 
0.1127 0 0 0 
0.1134 0 0 0 
0.1141 0 0 0 
0.1148 0 0 0 
0.1155 0 0 0 
0.1162 0 0 0 
0.1169 0 0 0 
0.1176 0 0 0 
0.1183 0 0 0 
0.119 0 0 0 
0.1197 0 0 0 
0.1204 0 0 0 
0.1211 0 0 0 
0.1218 0 0 0 
0.1225 0 0 0 
0.1232 0 0 0 
0.1239 0 0 0 
0.1246 0 0 0 
0.1253 0 0 0 
0.126 0 0 0 
0.1267 0 0 0 
0.1274 0 0 0 
0.1281 0 0 0 
0.1288 0 0 0 
0.1295 0 0 0 
0.1302 0 0 0 
0.1309 0 0 0 
0.1316 0 0 0 
0.1323 0 0 0 
0.133 0 0 0 
0.1337 0 0 0 
0.1344 0 0 0 
0.1351 0 0 0 
0.1358 0 0 0 
0.1365 0 0 0 
0.1372 0 0 0 
0.1379 0 0 0 
0.1386 0 0 0 
0.1393 0 0 0 
0.14 0 0 0 
0.1407 0 0 0 
0.1414 0 0 0 
0.1421 0 0 0 
0.1428 0 0 0 
0.1435 0 0 0 
0.1442 0 0 0 
0.1449 0 0 0 
0.1456 0 0 0 
0.1463 0 0 0 
0.147 0 0 0 
0.1477 0 0 0 
0.1484 0 0 0 
0.1491 0 0 0 
0.1498 0 0 0 
0.1505 0 0 0 
0.1512 0 0 0 
0.1519 0 0 0 
0.1526 0 0 0 
0.1533 0 0 0 
0.154 0 0 0 
0.1547 0 0 0 
0.1554 0 0 0 
0.1561 0 0 0 
0.1568 0 0 0 
0.1575 0 0 0 
0.1582 0 0 0 
0.1589 0 0 0 
0.1596 0 0 0 
0.1603 0 0 0 
0.161 0 0 0 
0.1617 0 0 0 
0.1624 0 0 0 
0.1631 0 0 0 
0.1638 0 0 0 
0.1645 0 0 0 
0.1652 0 0 0 
0.1659 0 0 0 
0.1666 0 0 0 
0.1673 0 0 0 
0.168 0 0 0 
0.1687 0 0 0 
0.1694 0 0 0 
0.1701 0 0 0 
0.1708 0 0 0 
0.1715 0 0 0 
0.1722 0 0 0 
0.1729 0 0 0 
0.1736 0 0 0 
0.1743 0 0 0 
0.175 0 0 0 
0.1757 0 0 0 
0.1764 0 0 0 
0.1771 0 0 0 
0.1778 0 0 0 
0.1785 0 0 0 
0.1792 0 0 0 
0.1799 0 0 0 
0.1806 0 0 0 
0.1813 0 0 0 
0.182 66.08026132 66.08026132 1 
0.1827 65.82666287 65.82666287 1 
0.1834 131.1500347 92.73707886 2 
0.1841 261.3014796 130.6507398 4 
0.1848 130.1546457 92.03323258 2 
0.1855 130.3178372 92.15095552 2 
0.1862 0 0 0 
0.1869 0 0 0 
0.1876 257.0647507 128.5340067 4 
0.1883 192.8873488 111.3654323 3 
0.189 319.4288239 142.8550843 5 
0.1897 446.9628061 168.9409591 7 
0.1904 445.3231727 168.3240748 7 
0.1911 697.3033113 210.2493101 11 
0.1918 506.0329744 178.9159831 8 
0.1925 881.5329566 235.6054273 14 
0.1932 563.3384844 187.7845324 9 
0.1939 373.9934143 152.6876229 6 
0.1946 1245.899627 278.5984582 20 
0.1953 1182.990018 271.4054911 19 
0.196 1424.773118 297.0932132 23 
0.1967 1545.055358 309.0174736 25 
0.1974 2087.19409 357.9596937 34 
0.1981 1290.715654 281.6642126 21 
0.1988 2078.002687 356.3848726 34 
0.1995 1827.148827 333.5977837 30 
0.2002 2855.226449 416.4891703 47 
0.2009 3029.09758 428.3941177 50 
0.2016 2538.36894 391.6899085 42 
0.2023 4216.179406 503.9472089 70 
0.203 3777.970783 475.9977762 63 
0.2037 4553.977504 522.3985376 76 
0.2044 3816.215294 477.0385629 64 
0.2051 4226.122981 501.5665609 71 
0.2058 3789.639993 473.7195287 64 
0.2065 4966.858051 541.9540246 84 
0.2072 3943.957418 481.8422609 67 
0.2079 5045.429636 544.0830286 86 
0.2086 5740.081783 579.8550534 98 
0.2093 7115.32096 644.2136589 122 
0.21 6813.512739 629.9323217 117 
0.2107 6037.994569 592.096566 104 
0.2114 7510.544104 658.7436257 130 
0.2121 8927.700334 717.118815 155 
0.2128 8906.293579 715.3932863 155 
0.2135 9294.892473 730.3033032 162 
0.2142 9609.277197 741.4012161 168 
0.2149 8838.091058 709.9204729 155 
0.2156 9209.962045 723.6330939 162 
0.2163 10140.40858 757.9694538 179 
0.217 10453.614 768.601321 185 
0.2177 10635.72149 773.6711982 189 
0.2184 10611.21298 771.8913447 189 
0.2191 11578.92528 804.8328607 207 
0.2198 11430.90087 798.4086371 205 
0.2205 12122.25971 821.0621337 218 
0.2212 12656.27388 838.2223327 228 
0.2219 13750.10659 871.4265376 249 
0.2226 12062.7835 815.1633828 219 
0.2233 12645.89486 833.8900818 230 
0.224 14256.31112 884.179284 260 
0.2247 13533.13547 859.3965879 248 
0.2254 15781.27123 926.7569476 290 
0.2261 14218.61661 878.4727295 262 
0.2268 15417.59596 913.3058574 285 
0.2275 16459.46224 942.5208025 305 
0.2282 16421.72798 940.3509364 305 
0.2289 15387.45934 908.341289 287 
0.2296 17121.36123 957.1670135 320 
0.2303 16548.79309 939.9526761 310 
0.231 17349.37158 960.9438144 326 
0.2317 18673.4203 995.352646 352 
0.2324 17856.32598 971.3095116 338 
0.2331 18321.95038 982.2125405 348 
0.2338 18128.05486 976.0318469 345 
0.2345 16751.89753 936.5059705 320 
0.2352 19590.82956 1011.715973 375 
0.2359 18380.7518 978.3536736 353 
0.2366 19519.32433 1006.684564 376 
0.2373 19075.91261 993.1045037 369 
0.238 18483.80055 976.9437799 358 
0.2387 19286.48743 995.9928325 375 
0.2394 22111.152 1065.105795 431 
0.2401 18981.4307 985.5139609 371 
0.2408 19751.31847 1004.057492 387 
0.2415 20741.14733 1026.88287 408 
0.2422 19717.94184 999.7843702 389 
0.2429 20671.57592 1022.194676 409 
0.2436 19018.48762 979.5458877 377 
0.2443 19714.47074 995.7749931 392 
0.245 18086.99393 951.9911364 361 
0.2457 20655.42787 1016.436499 413 
0.2464 20098.31428 1001.213559 403 
0.2471 21266.76392 1028.015877 428 
0.2478 19925.73768 993.8558342 402 
0.2485 19767.20221 988.4032741 400 
0.2492 20003.10174 992.7887062 406 
0.2499 20333.24914 999.3779828 414 
0.2506 19813.39098 985.7975122 404 
0.2513 18025.44079 938.4156141 369 
0.252 17706.19179 929.3760642 363 
0.2527 17892.55696 932.7630743 368 
0.2534 18328.93589 942.7836341 378 
0.2541 18704.5489 950.8522002 387 
0.2548 18588.56094 946.183046 386 
0.2555 17630.8401 920.3729031 367 
0.2562 17583.04792 917.8761524 367 
0.2569 17254.32068 908.1665094 361 
0.2576 16688.93454 892.1053097 350 
0.2583 15954.972 870.4568294 336 
0.259 16902.48073 894.6206716 357 
0.2597 16579.67966 885.0039718 351 
0.2604 14949.80212 839.7084678 317 
0.2611 13961.28433 810.1613038 297 
0.2618 15505.30924 852.2919683 331 
0.2625 13844.18597 804.7191356 296 
0.2632 12879.09215 775.2690074 276 
0.2639 15678.35019 854.0965992 337 
0.2646 13731.86525 798.1921455 296 
0.2653 13421.42318 788.1732648 290 
0.266 12138.86073 748.5516166 263 
0.2667 12799.18321 767.690896 278 
0.2674 12574.21671 759.675762 274 
0.2681 10763.3451 702.1631066 235 
0.2688 12041.33631 741.1291229 264 
0.2695 10376.95919 687.2732404 228 
0.2702 11070.69392 708.7663939 244 
0.2709 10542.1371 690.6678999 233 
0.2716 9982.208159 671.5075897 221 
0.2723 8816.101737 629.7522155 196 
0.273 9703.631611 660.2796864 216 
0.2737 9793.84391 661.8373025 219 
0.2744 9510.993153 651.7131632 213 
0.2751 7879.680609 592.3004117 177 
0.2758 7491.411711 576.2863771 169 
0.2765 8756.913304 622.3567821 198 
0.2772 8118.01636 598.4929626 184 
0.2779 6651.453415 541.3083971 151 
0.2786 6837.163946 547.432683 156 
0.2793 5727.168029 500.4041167 131 
0.28 5109.343777 472.3783689 117 
0.2807 4477.517024 441.2007627 103 
0.2814 5949.321856 508.3028707 137 
0.2821 5326.843143 480.3236895 123 
0.2828 4440.706907 437.568685 103 
0.2835 3488.112696 387.5842257 81 
0.2842 3951.512794 411.9862464 92 
0.2849 4321.443586 430.0150228 101 
0.2856 3974.64723 412.1664572 93 
0.2863 4127.65434 419.1121937 97 
0.287 3013.967954 357.7062056 71 
0.2877 3008.728048 357.0809716 71 
0.2884 2491.183848 324.3331369 59 
0.2891 2228.98436 306.1861037 53 
0.2898 2098.75141 296.8174871 50 
0.2905 1800.730083 274.6157479 43 
0.2912 2047.359493 292.4862602 49 
0.2919 1745.883055 269.4015539 42 
0.2926 1451.284978 245.3184623 35 
0.2933 1281.839203 230.230829 31 
0.294 1446.432574 244.4963591 35 
0.2947 1400.15944 240.1331021 34 
0.2954 944.7786309 197.004922 23 
0.2961 776.4830714 178.1394799 19 
0.2968 777.9420555 178.4760498 19 
0.2975 814.8687301 182.2153096 20 
0.2982 568.2906138 151.8861187 14 
0.2989 527.5688439 146.3255409 13 
0.2996 281.5953526 106.4343255 7 
0.3003 483.0611256 139.4521969 12 
0.301 322.2350625 113.9313153 8 
0.3017 200.3707043 89.60985912 5 
0.3024 240.051748 98.00403378 6 
0.3031 79.29672172 56.07124965 2 
0.3038 39.55686313 39.55686313 1 
0.3045 39.46556086 39.46556086 1 
0.3052 157.5007631 78.75038153 4 
0.3059 78.96698924 55.83950381 2 
0.3066 39.59115189 39.59115189 1 
0.3073 0 0 0 
0.308 0 0 0 
0.3087 38.92826779 38.92826779 1 
0.3094 0 0 0 
0.3101 38.75229064 38.75229064 1 
0.3108 0 0 0 
0.3115 38.57787669 38.57787669 1 
0.3122 0 0 0 
0.3129 0 0 0 
0.3136 0 0 0 
0.3143 38.2336405 38.2336405 1 
0.315 0 0 0 
0.3157 0 0 0 
0.3164 0 0 0 
0.3171 0 0 0 
0.3178 0 0 0 
0.3185 0 0 0 
0.3192 0 0 0 
0.3199 0 0 0 
0.3206 0 0 0 
0.3213 0 0 0 
0.322 0 0 0 
0.3227 0 0 0 
0.3234 0 0 0 
0.3241 0 0 0 
0.3248 0 0 0 
0.3255 0 0 0 
0.3262 0 0 0 
0.3269 0 0 0 
0.3276 0 0 0 
0.3283 0 0 0 
0.329 0 0 0 
0.3297 0 0 0 
0.3304 0 0 0 
0.3311 0 0 0 
0.3318 0 0 0 
0.3325 0 0 0 
0.3332 0 0 0 
0.3339 0 0 0 
0.3346 0 0 0 
0.3353 0 0 0 
0.336 0 0 0 
0.3367 0 0 0 
0.3374 0 0 0 
0.3381 0 0 0 
0.3388 0 0 0 
0.3395 0 0 0 
0.3402 0 0 0 
0.3409 0 0 0 
0.3416 0 0 0 
0.3423 0 0 0 
0.343 0 0 0 
0.3437 0 0 0 
0.3444 0 0 0 
0.3451 0 0 0 
0.3458 0 0 0 
0.3465 0 0 0 
0.3472 0 0 0 
0.3479 0 0 0 
0.3486 0 0 0 
0.3493 0 0 0 
0.35 0 0 0 
