# Format: McCode with text headers
# URL: http://www.mccode.org
# Creator: McStas 2.5 - Feb. 24, 2020
# Instrument: /zhome/89/0/38697/once/McStas-2.5_CPU_MPICC/FZJ_SANS_KWS2_AnySample/FZJ_SANS_KWS2_AnySample.instr
# Ncount: 1000000
# Trace: no
# Gravitation: no
# Seed: 1582673278
# Directory: 3
# Nodes: 10
# Param: lambda=7
# Param: dlambda=0.7
# Param: FLUX=1e+08
# Param: NGblen=0.05
# Param: sample=2
# Param: Clen=10
# Param: Dlen=10
# Date: Tue Feb 25 21:14:57 2020 (1582661697)
# type: array_1d(500)
# Source: SANS_KWS2_AnySample (/zhome/89/0/38697/once/McStas-2.5_CPU_MPICC/FZJ_SANS_KWS2_AnySample/FZJ_SANS_KWS2_AnySample.instr)
# component: detector2
# position: 0 0 60.01
# title: PSD monitor radial sum
# Ncount: 10000000
# filename: PSDr.dat
# statistics: X0=0.24618; dX=0.0211401;
# signal: Min=0; Max=24.1345; Mean=3.44265;
# values: 1721.33 9.63006 31953
# xvar: r
# yvar: (I,I_err)
# xlabel: Radius [m]
# ylabel: Intensity
# xlimits: 0.00035 0.35035
# variables: r I I_err N
0.0007 0 0 0 
0.0014 0 0 0 
0.0021 0 0 0 
0.0028 0 0 0 
0.0035 0 0 0 
0.0042 0 0 0 
0.0049 0 0 0 
0.0056 0 0 0 
0.0063 0 0 0 
0.007 0 0 0 
0.0077 0 0 0 
0.0084 0 0 0 
0.0091 0 0 0 
0.0098 0 0 0 
0.0105 0 0 0 
0.0112 0 0 0 
0.0119 0 0 0 
0.0126 0 0 0 
0.0133 0 0 0 
0.014 0 0 0 
0.0147 0 0 0 
0.0154 0 0 0 
0.0161 0 0 0 
0.0168 0 0 0 
0.0175 0 0 0 
0.0182 0 0 0 
0.0189 0 0 0 
0.0196 0 0 0 
0.0203 0 0 0 
0.021 0 0 0 
0.0217 0 0 0 
0.0224 0 0 0 
0.0231 0 0 0 
0.0238 0 0 0 
0.0245 0 0 0 
0.0252 0 0 0 
0.0259 0 0 0 
0.0266 0 0 0 
0.0273 0 0 0 
0.028 0 0 0 
0.0287 0 0 0 
0.0294 0 0 0 
0.0301 0 0 0 
0.0308 0 0 0 
0.0315 0 0 0 
0.0322 0 0 0 
0.0329 0 0 0 
0.0336 0 0 0 
0.0343 0 0 0 
0.035 0 0 0 
0.0357 0 0 0 
0.0364 0 0 0 
0.0371 0 0 0 
0.0378 0 0 0 
0.0385 0 0 0 
0.0392 0 0 0 
0.0399 0 0 0 
0.0406 0 0 0 
0.0413 0 0 0 
0.042 0 0 0 
0.0427 0 0 0 
0.0434 0 0 0 
0.0441 0 0 0 
0.0448 0 0 0 
0.0455 0 0 0 
0.0462 0 0 0 
0.0469 0 0 0 
0.0476 0 0 0 
0.0483 0 0 0 
0.049 0 0 0 
0.0497 0 0 0 
0.0504 0 0 0 
0.0511 0 0 0 
0.0518 0 0 0 
0.0525 0 0 0 
0.0532 0 0 0 
0.0539 0 0 0 
0.0546 0 0 0 
0.0553 0 0 0 
0.056 0 0 0 
0.0567 0 0 0 
0.0574 0 0 0 
0.0581 0 0 0 
0.0588 0 0 0 
0.0595 0 0 0 
0.0602 0 0 0 
0.0609 0 0 0 
0.0616 0 0 0 
0.0623 0 0 0 
0.063 0 0 0 
0.0637 0 0 0 
0.0644 0 0 0 
0.0651 0 0 0 
0.0658 0 0 0 
0.0665 0 0 0 
0.0672 0 0 0 
0.0679 0 0 0 
0.0686 0 0 0 
0.0693 0 0 0 
0.07 0 0 0 
0.0707 0 0 0 
0.0714 0 0 0 
0.0721 0 0 0 
0.0728 0 0 0 
0.0735 0 0 0 
0.0742 0 0 0 
0.0749 0 0 0 
0.0756 0 0 0 
0.0763 0 0 0 
0.077 0 0 0 
0.0777 0 0 0 
0.0784 0 0 0 
0.0791 0 0 0 
0.0798 0 0 0 
0.0805 0 0 0 
0.0812 0 0 0 
0.0819 0 0 0 
0.0826 0 0 0 
0.0833 0 0 0 
0.084 0 0 0 
0.0847 0 0 0 
0.0854 0 0 0 
0.0861 0 0 0 
0.0868 0 0 0 
0.0875 0 0 0 
0.0882 0 0 0 
0.0889 0 0 0 
0.0896 0 0 0 
0.0903 0 0 0 
0.091 0 0 0 
0.0917 0 0 0 
0.0924 0 0 0 
0.0931 0 0 0 
0.0938 0 0 0 
0.0945 0 0 0 
0.0952 0 0 0 
0.0959 0 0 0 
0.0966 0 0 0 
0.0973 0 0 0 
0.098 0 0 0 
0.0987 0 0 0 
0.0994 0 0 0 
0.1001 0 0 0 
0.1008 0 0 0 
0.1015 0 0 0 
0.1022 0 0 0 
0.1029 0 0 0 
0.1036 0 0 0 
0.1043 0 0 0 
0.105 0 0 0 
0.1057 0 0 0 
0.1064 0 0 0 
0.1071 0 0 0 
0.1078 0 0 0 
0.1085 0 0 0 
0.1092 0 0 0 
0.1099 0 0 0 
0.1106 0 0 0 
0.1113 0 0 0 
0.112 0 0 0 
0.1127 0 0 0 
0.1134 0 0 0 
0.1141 0 0 0 
0.1148 0 0 0 
0.1155 0 0 0 
0.1162 0 0 0 
0.1169 0 0 0 
0.1176 0 0 0 
0.1183 0 0 0 
0.119 0 0 0 
0.1197 0 0 0 
0.1204 0 0 0 
0.1211 0 0 0 
0.1218 0 0 0 
0.1225 0 0 0 
0.1232 0 0 0 
0.1239 0 0 0 
0.1246 0 0 0 
0.1253 0 0 0 
0.126 0 0 0 
0.1267 0 0 0 
0.1274 0 0 0 
0.1281 0 0 0 
0.1288 0 0 0 
0.1295 0 0 0 
0.1302 0 0 0 
0.1309 0 0 0 
0.1316 0 0 0 
0.1323 0 0 0 
0.133 0 0 0 
0.1337 0 0 0 
0.1344 0 0 0 
0.1351 0 0 0 
0.1358 0 0 0 
0.1365 0 0 0 
0.1372 0 0 0 
0.1379 0 0 0 
0.1386 0 0 0 
0.1393 0 0 0 
0.14 0 0 0 
0.1407 0 0 0 
0.1414 0 0 0 
0.1421 0 0 0 
0.1428 0 0 0 
0.1435 0 0 0 
0.1442 0 0 0 
0.1449 0 0 0 
0.1456 0 0 0 
0.1463 0 0 0 
0.147 0 0 0 
0.1477 0 0 0 
0.1484 0 0 0 
0.1491 0 0 0 
0.1498 0 0 0 
0.1505 0 0 0 
0.1512 0 0 0 
0.1519 0 0 0 
0.1526 0 0 0 
0.1533 0 0 0 
0.154 0 0 0 
0.1547 0 0 0 
0.1554 0 0 0 
0.1561 0 0 0 
0.1568 0 0 0 
0.1575 0 0 0 
0.1582 0 0 0 
0.1589 0 0 0 
0.1596 0 0 0 
0.1603 0 0 0 
0.161 0 0 0 
0.1617 0 0 0 
0.1624 0 0 0 
0.1631 0 0 0 
0.1638 0 0 0 
0.1645 0 0 0 
0.1652 0 0 0 
0.1659 0 0 0 
0.1666 0 0 0 
0.1673 0 0 0 
0.168 0 0 0 
0.1687 0 0 0 
0.1694 0 0 0 
0.1701 0 0 0 
0.1708 0 0 0 
0.1715 0 0 0 
0.1722 0 0 0 
0.1729 0 0 0 
0.1736 0 0 0 
0.1743 0 0 0 
0.175 0 0 0 
0.1757 0 0 0 
0.1764 0.05279396487 0.05279396487 1 
0.1771 0 0 0 
0.1778 0 0 0 
0.1785 0 0 0 
0.1792 0 0 0 
0.1799 0 0 0 
0.1806 0 0 0 
0.1813 0 0 0 
0.182 0 0 0 
0.1827 0 0 0 
0.1834 0.0527941775 0.0527941775 1 
0.1841 0 0 0 
0.1848 0.1055884855 0.07466233409 2 
0.1855 0.1599833989 0.0923664584 3 
0.1862 0 0 0 
0.1869 0 0 0 
0.1876 0.4250229199 0.1502703225 8 
0.1883 0.3172998611 0.1295382237 6 
0.189 0.3706278714 0.1400858598 7 
0.1897 0.2655721484 0.1187692714 5 
0.1904 0.4783498921 0.1594519712 9 
0.1911 0.424494424 0.1500858106 8 
0.1918 0.638344536 0.1842795032 12 
0.1925 0.8511229006 0.2127857558 16 
0.1932 0.7983291655 0.2061324736 15 
0.1939 0.5311453831 0.1679651775 10 
0.1946 0.8484458897 0.2121142915 16 
0.1953 1.22496947 0.2554312043 23 
0.196 1.224425581 0.2553158453 23 
0.1967 1.440955982 0.2773174166 27 
0.1974 1.760412649 0.3064576866 33 
0.1981 1.546016016 0.2870957276 29 
0.1988 2.29369683 0.3497943182 43 
0.1995 2.083592888 0.3336488893 39 
0.2002 1.974807123 0.3246666535 37 
0.2009 2.347563404 0.3539167805 44 
0.2016 2.248429237 0.3469486885 42 
0.2023 2.672389456 0.3779448506 50 
0.203 3.212140062 0.4146983626 60 
0.2037 3.097933033 0.4067885225 58 
0.2044 3.960899922 0.4604590628 74 
0.2051 3.908088496 0.4574184906 73 
0.2058 3.479847655 0.4316333457 65 
0.2065 4.876126641 0.511173789 91 
0.2072 5.037183535 0.519562039 94 
0.2079 5.246239536 0.5299714789 98 
0.2086 5.642723523 0.5506939936 105 
0.2093 6.80405242 0.603780799 127 
0.21 6.388241573 0.5856308952 119 
0.2107 6.229364125 0.5784059937 116 
0.2114 6.124294638 0.573613394 114 
0.2121 7.461347789 0.6328905895 139 
0.2128 5.912071164 0.5637150876 110 
0.2135 7.634277069 0.6406801162 142 
0.2142 9.200262114 0.7035893437 171 
0.2149 9.091500262 0.6993786051 169 
0.2156 10.11553153 0.7377827554 188 
0.2163 7.918259809 0.6531156902 147 
0.217 10.13396211 0.7391285838 188 
0.2177 10.34950068 0.7469486138 192 
0.2184 11.07983767 0.7720071377 206 
0.2191 11.8061035 0.7978192878 219 
0.2198 10.9769072 0.7685705891 204 
0.2205 12.01079928 0.8043436065 223 
0.2212 11.42147662 0.7844697701 212 
0.2219 12.77529913 0.8298889561 237 
0.2226 11.49165272 0.7874376618 213 
0.2233 12.77687482 0.8299879093 237 
0.224 13.95393082 0.8671007987 259 
0.2247 13.52459019 0.8537090334 251 
0.2254 14.67978055 0.8901430095 272 
0.2261 14.65209407 0.8884619387 272 
0.2268 16.77893008 0.9514907862 311 
0.2275 15.79413522 0.9227491812 293 
0.2282 15.16729764 0.9048548197 281 
0.2289 15.96073493 0.927751887 296 
0.2296 16.88946687 0.9546990661 313 
0.2303 16.3529406 0.9395011583 303 
0.231 18.40751945 0.9968712726 341 
0.2317 18.93649218 1.010806605 351 
0.2324 18.33691015 0.9945111183 340 
0.2331 16.71967318 0.9496605513 310 
0.2338 18.54804511 1.000096076 344 
0.2345 18.93539108 1.010746747 351 
0.2352 18.29066935 0.9934672185 339 
0.2359 18.7607864 1.005734926 348 
0.2366 18.2507843 0.992759114 338 
0.2373 21.15311259 1.068438704 392 
0.238 21.30076986 1.071810684 395 
0.2387 19.91420069 1.036740072 369 
0.2394 19.77721421 1.032411843 367 
0.2401 20.88168532 1.061525034 387 
0.2408 20.13893516 1.042804537 373 
0.2415 21.80059942 1.084664576 404 
0.2422 19.95946904 1.037695891 370 
0.2429 22.39504577 1.099387405 415 
0.2436 20.99431121 1.064503513 389 
0.2443 24.1344842 1.141574959 447 
0.245 20.04286652 1.039229672 372 
0.2457 21.53361162 1.078082494 399 
0.2464 21.62162918 1.07977619 401 
0.2471 21.99775381 1.08910141 408 
0.2478 20.88170951 1.061527878 387 
0.2485 22.54950203 1.102985173 418 
0.2492 22.2671353 1.09574629 413 
0.2499 20.45020842 1.050506901 379 
0.2506 19.97572578 1.038539896 370 
0.2513 21.67566263 1.081136035 402 
0.252 20.33656091 1.047439448 377 
0.2527 21.40945142 1.07455595 397 
0.2534 21.53141632 1.077971238 399 
0.2541 20.00516089 1.038666223 371 
0.2548 21.78767746 1.084026922 404 
0.2555 19.79994082 1.033596 367 
0.2562 18.51091505 0.9995437309 343 
0.2569 18.66658804 1.003572134 346 
0.2576 18.92886439 1.010397282 351 
0.2583 20.8828722 1.061591055 387 
0.259 18.72100388 1.005046611 347 
0.2597 17.51540421 0.971636395 325 
0.2604 17.45387643 0.9697123387 324 
0.2611 16.8183328 0.9522054879 312 
0.2618 16.60099143 0.9459703756 308 
0.2625 16.07157606 0.9310454737 298 
0.2632 15.53452537 0.9154252033 288 
0.2639 14.93177311 0.8972137847 277 
0.2646 15.27384304 0.9079788371 283 
0.2653 14.72443264 0.8912142559 273 
0.266 15.68691207 0.9196278223 291 
0.2667 15.68540104 0.9195461003 291 
0.2674 13.90705729 0.865858296 258 
0.2681 12.92994577 0.8346741815 240 
0.2688 14.60522022 0.8872490093 271 
0.2695 11.90900077 0.8011255847 221 
0.2702 12.76236627 0.8290535474 237 
0.2709 10.4965482 0.7517161365 195 
0.2716 10.99699671 0.7699811104 204 
0.2723 11.19517085 0.7762849172 208 
0.273 11.25334998 0.7784485885 209 
0.2737 11.79095373 0.7967971696 219 
0.2744 10.0094224 0.7339582873 186 
0.2751 9.636119322 0.7202682065 179 
0.2758 9.51263749 0.7150402752 177 
0.2765 10.64829811 0.7567756461 198 
0.2772 8.334062109 0.6694373434 155 
0.2779 8.27582878 0.6669112532 154 
0.2786 7.89493725 0.6511866303 147 
0.2793 7.563195997 0.636967871 141 
0.28 6.066691931 0.570731428 113 
0.2807 6.435659503 0.5875165374 120 
0.2814 6.706041359 0.5998272241 125 
0.2821 6.871426076 0.6073750071 128 
0.2828 6.115095691 0.5727500782 114 
0.2835 6.224433854 0.5779413326 116 
0.2842 6.008995668 0.5678171221 112 
0.2849 5.835536306 0.5589633662 109 
0.2856 4.553967548 0.4939605203 85 
0.2863 4.766199012 0.5052287445 89 
0.287 4.977967124 0.5162114432 93 
0.2877 4.544319295 0.4929183915 85 
0.2884 3.476057327 0.4311603544 65 
0.2891 2.993981576 0.4001003442 56 
0.2898 2.837769201 0.3898114927 53 
0.2905 3.688850589 0.4440962705 69 
0.2912 1.920391831 0.3200731779 36 
0.2919 1.863317736 0.3149670853 35 
0.2926 2.34594785 0.3536728382 44 
0.2933 1.710296823 0.3023482593 32 
0.294 1.656417634 0.2975068222 31 
0.2947 1.492682345 0.2820972987 28 
0.2954 0.9076579351 0.2201420067 17 
0.2961 1.54760513 0.2873871396 29 
0.2968 1.596664815 0.2915173147 30 
0.2975 1.065503489 0.2382574964 20 
0.2982 0.744996138 0.1991119666 14 
0.2989 0.6895336647 0.1912464713 13 
0.2996 0.6367341243 0.1838118441 12 
0.3003 0.9033795133 0.2191057929 17 
0.301 0.2645047879 0.118291342 5 
0.3017 0.2655720678 0.1187692363 5 
0.3024 0.4788892018 0.1596333232 9 
0.3031 0.1061221622 0.07504159915 2 
0.3038 0.2127779312 0.1063903031 4 
0.3045 0.05332784877 0.05332784877 1 
0.3052 0.1061222979 0.0750416927 2 
0.3059 0.1055883023 0.07466220457 2 
0.3066 0.05279431839 0.05279431839 1 
0.3073 0.0527940566 0.0527940566 1 
0.308 0 0 0 
0.3087 0.05279444666 0.05279444666 1 
0.3094 0.05279407081 0.05279407081 1 
0.3101 0 0 0 
0.3108 0 0 0 
0.3115 0 0 0 
0.3122 0.0527941507 0.0527941507 1 
0.3129 0 0 0 
0.3136 0 0 0 
0.3143 0 0 0 
0.315 0 0 0 
0.3157 0 0 0 
0.3164 0 0 0 
0.3171 0 0 0 
0.3178 0 0 0 
0.3185 0 0 0 
0.3192 0 0 0 
0.3199 0 0 0 
0.3206 0 0 0 
0.3213 0 0 0 
0.322 0 0 0 
0.3227 0 0 0 
0.3234 0 0 0 
0.3241 0 0 0 
0.3248 0 0 0 
0.3255 0 0 0 
0.3262 0 0 0 
0.3269 0 0 0 
0.3276 0 0 0 
0.3283 0 0 0 
0.329 0 0 0 
0.3297 0 0 0 
0.3304 0 0 0 
0.3311 0 0 0 
0.3318 0 0 0 
0.3325 0 0 0 
0.3332 0 0 0 
0.3339 0 0 0 
0.3346 0 0 0 
0.3353 0 0 0 
0.336 0 0 0 
0.3367 0 0 0 
0.3374 0 0 0 
0.3381 0 0 0 
0.3388 0 0 0 
0.3395 0 0 0 
0.3402 0 0 0 
0.3409 0 0 0 
0.3416 0 0 0 
0.3423 0 0 0 
0.343 0 0 0 
0.3437 0 0 0 
0.3444 0 0 0 
0.3451 0 0 0 
0.3458 0 0 0 
0.3465 0 0 0 
0.3472 0 0 0 
0.3479 0 0 0 
0.3486 0 0 0 
0.3493 0 0 0 
0.35 0 0 0 
