# Format: McCode with text headers
# URL: http://www.mccode.org
# Creator: McStas 2.6rc1 - Oct. 12, 2019
# Instrument: BTsimple.instr
# Ncount: 10000000
# Trace: no
# Gravitation: no
# Seed: 1570893742
# Directory: BTsimple/0
# Param: lambda=10
# Param: dlambda=9.9
# Param: maxhd=3
# Param: maxvd=3
# Param: gw=0.1
# Param: gh=0.1
# Param: gL=50
# Param: gm=6
# Param: delta1=0
# Param: delta2=0
# Date: Sat Oct 12 09:52:43 2019 (1570866763)
# type: array_2d(20, 20)
# Source: BTsimple (BTsimple.instr)
# component: Div_in
# position: 0 0 2
# title: Divergence monitor
# Ncount: 10000000
# filename: Div_in.dat
# statistics: X0=6.42414e-05; dX=1.2002; Y0=-0.000924668; dY=1.19931;
# signal: Min=0; Max=4.88364e+11; Mean=5.10566e+10;
# values: 2.04226e+13 1.35526e+10 1e+07
# xvar: X
# yvar: Y
# xlabel: X divergence [deg]
# ylabel: Y divergence [deg]
# zvar: I
# zlabel: Signal per bin
# xylimits: -5 5 -5 5
# variables: I I_err N
# Data [Div_in/Div_in.dat] I:
0 0 0 0 0 0 0 0 0 0 0 0 0 0 0 0 0 0 0 0 
0 0 0 0 0 0 0 0 0 0 0 0 0 0 0 0 0 0 0 0 
0 0 0 0 0 0 0 0 0 0 0 0 0 0 0 0 0 0 0 0 
0 0 0 0 0 0 233299540.7 658680240.9 1220869151 1142787639 1220616616 1115069377 861827075.6 199010412 0 0 0 0 0 0 
0 0 0 0 89646450.97 3016809083 1.320182932e+10 2.616981715e+10 3.617191727e+10 4.167462892e+10 4.139611074e+10 3.688134511e+10 2.60024934e+10 1.325512885e+10 3352913346 50587272.78 0 0 0 0 
0 0 0 0 3126615616 1.932785962e+10 4.672547784e+10 7.505261812e+10 1.051018977e+11 1.221619083e+11 1.222651719e+11 1.048858048e+11 7.464640019e+10 4.658504145e+10 1.97438042e+10 3181543643 7486.358963 0 0 0 
0 0 0 175817032.9 1.268639651e+10 4.576756041e+10 8.888405262e+10 1.357596691e+11 1.831508154e+11 2.179812939e+11 2.16007603e+11 1.819963274e+11 1.375048078e+11 9.067664538e+10 4.644616424e+10 1.261636262e+10 151869342.5 0 0 0 
0 0 0 871476415 2.578586027e+10 7.611736081e+10 1.355655233e+11 1.98794461e+11 2.601435125e+11 3.110349743e+11 3.107709651e+11 2.609686439e+11 2.009123912e+11 1.355278768e+11 7.585963581e+10 2.635173201e+10 877610939.4 0 0 0 
0 0 0 1197445272 3.587417923e+10 1.053258839e+11 1.822748007e+11 2.638690257e+11 3.382003839e+11 4.056550524e+11 4.049222612e+11 3.411749069e+11 2.609213992e+11 1.803486516e+11 1.031985867e+11 3.694511343e+10 1013662032 0 0 0 
0 0 0 1151238046 4.166108827e+10 1.258638423e+11 2.186632034e+11 3.096782077e+11 4.078586724e+11 4.860168619e+11 4.828857186e+11 4.071913754e+11 3.123060952e+11 2.176720283e+11 1.24247112e+11 4.168220547e+10 1161991507 0 0 0 
0 0 0 1173216721 4.139350006e+10 1.242402875e+11 2.163215935e+11 3.139708849e+11 4.045211445e+11 4.883635259e+11 4.847482402e+11 4.048506462e+11 3.123508563e+11 2.170746171e+11 1.245370629e+11 4.226393505e+10 1010905651 0 0 0 
0 0 0 891436760.5 3.600991845e+10 1.052163153e+11 1.828549423e+11 2.594639343e+11 3.392916891e+11 4.040482845e+11 4.046963967e+11 3.396427286e+11 2.594731268e+11 1.798998153e+11 1.053178812e+11 3.674252112e+10 978641906 0 0 0 
0 0 0 636524906.8 2.617487929e+10 7.548577015e+10 1.356605703e+11 1.980163016e+11 2.630825504e+11 3.118894324e+11 3.122027681e+11 2.609098363e+11 1.983569308e+11 1.361052636e+11 7.580061798e+10 2.61280749e+10 956448176.4 0 0 0 
0 0 0 166518609 1.275904865e+10 4.552148727e+10 8.850541546e+10 1.35421852e+11 1.809621645e+11 2.163971832e+11 2.145340835e+11 1.795182966e+11 1.359124479e+11 8.873848644e+10 4.49734863e+10 1.309774132e+10 217774385 0 0 0 
0 0 0 37579.80045 3506991861 1.971412936e+10 4.662268271e+10 7.508209613e+10 1.038382943e+11 1.249005522e+11 1.254208602e+11 1.028264975e+11 7.5858863e+10 4.701673114e+10 1.916399172e+10 3557224676 0 0 0 0 
0 0 0 0 36686517.8 2946845820 1.267483679e+10 2.576496296e+10 3.638177496e+10 4.132462497e+10 4.163942894e+10 3.734196176e+10 2.635498068e+10 1.250010679e+10 3049617727 105055163.7 0 0 0 0 
0 0 0 0 0 0 245659316 707943055 1058223714 1014328365 1235705583 1128103939 917218964.4 154391708.1 0 0 0 0 0 0 
0 0 0 0 0 0 0 0 0 0 0 0 0 0 0 0 0 0 0 0 
0 0 0 0 0 0 0 0 0 0 0 0 0 0 0 0 0 0 0 0 
0 0 0 0 0 0 0 0 0 0 0 0 0 0 0 0 0 0 0 0 
# Errors [Div_in/Div_in.dat] I_err:
0 0 0 0 0 0 0 0 0 0 0 0 0 0 0 0 0 0 0 0 
0 0 0 0 0 0 0 0 0 0 0 0 0 0 0 0 0 0 0 0 
0 0 0 0 0 0 0 0 0 0 0 0 0 0 0 0 0 0 0 0 
0 0 0 0 0 0 48041866.49 76277682.74 102898073.5 98432256.51 103548099.1 98908866.8 86793391.96 41666386.2 0 0 0 0 0 0 
0 0 0 0 29652478.13 164682944.4 341930141.7 483351325.9 566939818.9 608044157.6 606725315.7 578247773.8 484422762.8 343823275.3 173391021.9 23534389.3 0 0 0 0 
0 0 0 0 169063967 413913629.9 647300227.2 820289750.2 967872843.2 1044266060 1046928864 972605595.3 817155843.4 646504978.1 418390371.7 167623324.6 7486.358963 0 0 0 
0 0 0 39071631.89 334052707.1 636486977.2 891362508.4 1104592737 1285995673 1400544582 1395059344 1279805453 1111678921 903998430.7 645145658.2 334573748.6 38134596.4 0 0 0 
0 0 0 87653340.13 481338526.3 827811521.6 1103216754 1337720104 1528286145 1672168422 1670844776 1532749069 1343243638 1097661901 827049317.1 486651252.5 87598584.45 0 0 0 
0 0 0 106156677.6 566854154.6 974494930.9 1283623568 1544267420 1744618746 1910043307 1910036533 1754747999 1531119531 1272221695 960743344 575745200.1 95964234.27 0 0 0 
0 0 0 100937384.3 609598760.4 1066470560 1401721541 1667300122 1917408522 2094431428 2086614507 1918637974 1680265316 1400131392 1058089072 610746879 103099221.3 0 0 0 
0 0 0 100763112.1 611972466.2 1054858428 1393936776 1681221874 1905782525 2096932835 2088623096 1907136579 1675821905 1399091128 1056139197 618808256.5 94286885.07 0 0 0 
0 0 0 87324624.24 566065421.7 972791594.9 1281060225 1530803369 1749174860 1906207605 1910638293 1748338336 1527314114 1270246590 974624697.6 576035568.9 90790765.48 0 0 0 
0 0 0 73341471.86 484990573 821709140.3 1101537506 1331015635 1539851675 1676367497 1674306027 1532171470 1335939657 1104372361 825167337.1 488000404.4 93840834.98 0 0 0 
0 0 0 39696271.72 337126568 638876050 892803811 1102639214 1278108379 1393467745 1388047200 1269056990 1105759125 890783974.9 634973345.9 340530499.1 46334681.21 0 0 0 
0 0 0 37579.80045 179528078.4 420119374.2 645366124.9 819398427.3 964861725.8 1060713555 1065437939 960931986 825508927.8 650762749.7 413549121.1 181572602.7 0 0 0 0 
0 0 0 0 17269934.17 160802432.2 334089688.3 481568195.5 570711469.7 607071312 611025327.6 578754508.9 488880081.9 335847753.5 164928484.5 34897845.99 0 0 0 0 
0 0 0 0 0 0 46605571.51 79631273.8 95989371.25 92459757.73 103632513.4 101244352 90225396.8 36124541.63 0 0 0 0 0 0 
0 0 0 0 0 0 0 0 0 0 0 0 0 0 0 0 0 0 0 0 
0 0 0 0 0 0 0 0 0 0 0 0 0 0 0 0 0 0 0 0 
0 0 0 0 0 0 0 0 0 0 0 0 0 0 0 0 0 0 0 0 
# Events [Div_in/Div_in.dat] N:
0 0 0 0 0 0 0 0 0 0 0 0 0 0 0 0 0 0 0 0 
0 0 0 0 0 0 0 0 0 0 0 0 0 0 0 0 0 0 0 0 
0 0 0 0 0 0 0 0 0 0 0 0 0 0 0 0 0 0 0 0 
0 0 0 0 0 0 87 371 543 578 609 553 411 102 0 0 0 0 0 0 
0 0 0 0 41 1508 6427 12822 17948 20412 20445 17971 12574 6358 1566 31 0 0 0 0 
0 0 0 0 1529 9862 22940 37133 51476 60359 60460 50979 37044 22898 9802 1538 1 0 0 0 
0 0 0 98 6300 22830 43862 66621 88793 106164 105601 88998 66963 44172 22735 6249 86 0 0 0 
0 0 0 451 12791 37229 66883 97840 127682 152756 152226 128252 98384 66979 37441 12745 416 0 0 0 
0 0 0 535 17965 51276 88607 128118 165677 198189 198789 166160 127917 88876 51029 18036 525 0 0 0 
0 0 0 555 20347 61012 106101 152600 197814 237269 236863 198523 151703 106098 61285 20449 588 0 0 0 
0 0 0 534 20411 61071 106107 152569 197719 237760 237917 198094 152541 106382 61145 20481 514 0 0 0 
0 0 0 525 18032 51153 89000 127414 166504 197323 197820 165495 128134 89248 51126 17878 586 0 0 0 
0 0 0 388 12785 37502 66829 97719 127985 152134 152325 127786 97146 66631 37387 12485 412 0 0 0 
0 0 0 85 6353 22701 43941 66600 88054 105702 105612 88553 66774 43680 22598 6408 100 0 0 0 
0 0 0 1 1635 9746 22740 37250 50795 60900 60762 50657 37324 22939 9621 1533 0 0 0 0 
0 0 0 0 35 1536 6333 12586 18263 20499 20603 18315 12927 6282 1547 51 0 0 0 0 
0 0 0 0 0 0 101 370 532 530 573 538 415 72 0 0 0 0 0 0 
0 0 0 0 0 0 0 0 0 0 0 0 0 0 0 0 0 0 0 0 
0 0 0 0 0 0 0 0 0 0 0 0 0 0 0 0 0 0 0 0 
0 0 0 0 0 0 0 0 0 0 0 0 0 0 0 0 0 0 0 0 
