# Format: McCode with text headers
# URL: http://www.mccode.org
# Creator: McStas 2.6rc1 - Oct. 12, 2019
# Instrument: PSI_Focus.instr
# Ncount: 1000000
# Trace: no
# Gravitation: no
# Seed: 1570892468
# Directory: PSI_Focus/0
# Param: lambda=3.4
# Param: chopp_ratio=1
# Param: DET=-69.9
# Date: Sat Oct 12 09:41:42 2019 (1570866102)
# type: array_2d(60, 60)
# Source: PSI_Focus (PSI_Focus.instr)
# component: DivMonGuideExit
# position: 0 0 66.612
# title: Divergence monitor
# Ncount: 1000000
# filename: divguide.dat
# statistics: X0=-0.00107538; dX=0.283234; Y0=-0.000629915; dY=0.32821;
# signal: Min=0; Max=2.35288e+07; Mean=1.21129e+06;
# values: 4.36063e+09 1.37291e+07 375244
# xvar: X
# yvar: Y
# xlabel: X divergence [deg]
# ylabel: Y divergence [deg]
# zvar: I
# zlabel: Signal per bin
# xylimits: -2 2 -2 2
# variables: I I_err N
# Data [DivMonGuideExit/divguide.dat] I:
0 0 0 0 0 0 0 0 0 0 0 0 0 0 0 0 0 0 0 0 0 0 0 0 0 0 0 0 0 0 0 0 0 0 0 0 0 0 0 0 0 0 0 0 0 0 0 0 0 0 0 0 0 0 0 0 0 0 0 0 
0 0 0 0 0 0 0 0 0 0 0 0 0 0 0 0 0 0 0 0 0 0 0 0 0 0 0 0 0 0 0 0 0 0 0 0 0 0 0 0 0 0 0 0 0 0 0 0 0 0 0 0 0 0 0 0 0 0 0 0 
0 0 0 0 0 0 0 0 0 0 0 0 0 0 0 0 0 0 0 0 0 0 0 0 0 0 0 0 0 0 0 0 0 0 0 0 0 0 0 0 0 0 0 0 0 0 0 0 0 0 0 0 0 0 0 0 0 0 0 0 
0 0 0 0 0 0 0 0 0 0 0 0 0 0 0 0 0 0 0 0 0 0 0 0 0 0 0 0 0 0 0 0 0 0 0 0 0 0 0 0 0 0 0 0 0 0 0 0 0 0 0 0 0 0 0 0 0 0 0 0 
0 0 0 0 0 0 0 0 0 0 0 0 0 0 0 0 0 0 0 0 0 0 0 0 0 0 0 0 0 0 0 0 0 0 0 0 0 0 0 0 0 0 0 0 0 0 0 0 0 0 0 0 0 0 0 0 0 0 0 0 
0 0 0 0 0 0 0 0 0 0 0 0 0 0 0 0 0 0 0 0 0 0 0 0 0 0 0 0 0 0 0 0 0 0 0 0 0 0 0 0 0 0 0 0 0 0 0 0 0 0 0 0 0 0 0 0 0 0 0 0 
0 0 0 0 0 0 0 0 0 0 0 0 0 0 0 0 0 0 0 0 0 0 0 0 0 0 0 0 0 0 0 0 0 0 0 0 0 0 0 0 0 0 0 0 0 0 0 0 0 0 0 0 0 0 0 0 0 0 0 0 
0 0 0 0 0 0 0 0 0 0 0 0 0 0 0 0 0 0 0 0 0 0 0 0 0 0 0 0 0 0 0 0 0 0 0 0 0 0 0 0 0 0 0 0 0 0 0 0 0 0 0 0 0 0 0 0 0 0 0 0 
0 0 0 0 0 0 0 0 0 0 0 3.406676006e-317 1.562269188e-234 1.130508194e-228 1.083421611e-192 2.21074835e-156 4.539037798e-143 2.160244906e-127 3.931378348e-118 1.984219665e-112 2.133931905e-119 5.515898077e-120 1.660918393e-110 4.378935082e-109 4.574691541e-107 3.324451337e-111 4.713915113e-110 3.137951515e-108 1.10720954e-109 2.404336327e-109 2.433107994e-108 1.260872337e-108 4.246525167e-108 8.71685205e-107 7.082197275e-110 0 3.885928851e-116 2.72242368e-107 8.107581559e-109 0 1.294549168e-110 6.16762948e-119 1.558965671e-130 1.846799999e-135 5.470801782e-151 0 3.815857474e-208 1.663651458e-243 2.121382944e-296 0 0 0 0 0 0 0 0 0 0 0 
0 0 0 0 0 0 0 0 0 1.573851055e-318 1.635227143e-288 7.886938505e-262 6.866897917e-227 2.23498898e-191 7.041701464e-158 5.346220269e-141 1.730334921e-112 7.450653649e-105 7.638177986e-105 1.649790037e-95 3.158941662e-95 1.299395884e-88 1.63720356e-92 1.850599099e-96 1.748889312e-92 7.541497878e-98 3.386500526e-94 1.403728088e-97 7.617359852e-89 1.413451985e-97 5.53950298e-94 1.36170958e-96 5.18507016e-98 2.733466453e-95 1.301604205e-86 1.359239621e-96 2.980842901e-94 7.936246206e-96 1.719426492e-96 4.191709542e-96 4.565145284e-90 2.365628817e-100 2.549576339e-102 1.840918535e-117 7.485498414e-142 5.985951521e-163 1.636852382e-186 9.554956209e-222 2.450831517e-262 1.600250773e-300 0 0 0 0 0 0 0 0 0 0 
0 0 0 0 0 0 0 0 0 2.130924441e-305 2.734543765e-271 3.222644501e-237 2.402062884e-206 7.72521892e-178 1.539826887e-145 5.658021419e-117 3.517543394e-103 4.303472397e-89 2.000689907e-78 1.186173736e-77 1.106098294e-76 3.005124348e-77 1.295147601e-76 1.45275492e-75 7.426205253e-76 8.224049558e-77 9.132504441e-79 3.358487359e-77 2.3631446e-79 3.636249373e-75 3.892773571e-76 2.831931351e-77 3.456785537e-77 1.4543807e-79 1.204912598e-75 1.118974201e-75 3.506166448e-76 2.149033078e-77 2.365306375e-78 5.417003279e-77 2.449289896e-79 3.761198487e-83 9.289881602e-89 1.738557507e-101 1.892435767e-129 3.05247187e-153 1.131752552e-164 6.038256766e-208 2.007258734e-244 5.498445949e-269 9.881312917e-324 0 0 0 0 0 0 0 0 0 
0 0 0 0 0 0 0 0 0 5.930955718e-295 1.303270483e-256 2.729501567e-232 9.34952329e-187 4.250811517e-162 1.129441339e-125 6.316787962e-104 1.078563837e-78 3.076898975e-65 3.322515968e-65 1.430470714e-60 5.196790994e-63 7.216465466e-61 6.434604352e-60 5.015455347e-59 1.209979399e-61 7.684762462e-60 2.771512124e-60 2.406192549e-60 2.633742564e-59 1.315160808e-59 8.729855912e-60 7.508935262e-61 3.135420598e-60 1.572238248e-61 1.766214302e-58 1.564147623e-59 3.313727197e-59 3.318800306e-61 6.6622222e-61 9.131535533e-60 4.698472289e-60 1.398916458e-62 1.85777232e-67 6.29564295e-79 1.984028675e-108 2.834656044e-138 5.139555575e-150 3.41661001e-196 3.113356838e-232 1.110926653e-237 1.65286536e-303 0 0 0 0 0 0 0 0 0 
0 0 0 0 0 0 0 0 0 4.392799776e-278 4.670709388e-251 7.16864812e-206 3.984859796e-181 2.799215206e-151 1.397568526e-119 1.626537411e-95 2.472662953e-66 4.412337967e-60 8.258767181e-50 2.389069494e-51 1.339813119e-48 6.703420613e-48 2.333241532e-48 2.048238686e-46 2.13686076e-49 6.027064315e-48 7.835776998e-46 3.720248232e-48 2.438852523e-48 8.332741709e-51 2.850147917e-49 1.413961673e-45 7.965862069e-49 3.9047446e-47 2.244506945e-44 6.088149983e-49 1.475691621e-48 9.500768828e-48 6.468187181e-48 2.856321316e-49 1.418669827e-50 1.25906923e-52 8.17793898e-56 5.314765903e-70 4.991307491e-84 5.390085438e-133 1.680518963e-140 5.260070424e-187 8.892460136e-221 5.129443519e-241 2.161114736e-286 0 0 0 0 0 0 0 0 0 
0 0 0 0 0 0 0 0 0 1.114852492e-262 5.87767135e-235 3.828262662e-196 1.383339033e-159 3.126141767e-139 1.67130529e-103 3.375220859e-82 3.332955696e-53 1.356835981e-48 3.126897675e-42 2.002745209e-35 1.538393915e-35 1.845104921e-35 1.812431334e-35 1.948309587e-35 1.279057443e-33 8.008296267e-34 3.09387806e-34 1.908528447e-36 6.538005549e-35 1.520415012e-37 1.154423334e-34 1.733593259e-34 8.396790483e-37 5.372689914e-34 1.853240484e-33 1.511865839e-34 2.953827562e-34 8.461497564e-35 1.288899639e-34 2.991775809e-35 1.398424054e-35 6.613241593e-37 7.828631799e-48 2.425721321e-60 1.992296903e-81 6.278170092e-117 9.700660904e-130 3.048837249e-174 5.669731837e-201 1.684228957e-227 1.048884085e-268 0 0 0 0 0 0 0 0 0 
0 0 0 0 0 0 0 0 0 4.088459231e-262 2.681783579e-218 1.215168223e-180 6.886900962e-145 9.066050302e-131 3.089853015e-90 1.708938584e-74 2.523356619e-43 1.335205545e-32 3.245752606e-30 8.34520286e-22 5.698396537e-24 1.275827453e-23 1.645503024e-22 9.806293279e-24 2.491978796e-22 1.568783665e-23 1.689079381e-21 1.703297098e-23 4.539501728e-25 1.363964166e-23 9.436699788e-22 1.295349706e-23 9.170221693e-22 1.783949498e-21 5.677709618e-23 2.145444594e-23 9.95215726e-22 2.602216975e-22 1.59755264e-22 1.77435699e-23 9.242302545e-28 1.982123275e-24 1.526128619e-38 6.599311733e-50 5.449387248e-77 1.292201527e-103 2.889278864e-113 1.702299784e-156 3.753658542e-198 4.393954688e-224 1.038818449e-269 0 0 0 0 0 0 0 0 0 
0 0 0 0 0 0 0 0 0 1.02691933e-236 4.047260273e-213 4.043791173e-167 6.463358019e-136 3.220074074e-111 1.393549414e-86 2.375953766e-58 1.506117923e-36 3.024137751e-22 2.101495867e-17 3.04853552e-15 1.052606306e-13 4.065993375e-14 1.637093179e-13 4.214800515e-13 1.153401902e-13 2.633069464e-14 7.826821069e-14 7.330539791e-14 4.43582847e-14 2.936144335e-13 7.346552836e-12 9.827403822e-13 1.414981769e-13 1.158209876e-15 8.891566588e-13 4.393215964e-14 1.858735695e-14 1.451079525e-12 5.35819747e-14 3.389358214e-13 4.32765056e-15 2.042510762e-16 3.218639282e-26 1.283588249e-40 5.615318111e-55 2.259333604e-94 7.564028936e-108 2.44554805e-163 1.979356304e-177 8.011292735e-216 2.833543816e-250 0 0 0 0 0 0 0 0 0 
0 0 0 0 0 0 0 0 0 7.624206635e-241 1.417274892e-209 5.369238401e-164 4.227029855e-131 1.130118782e-104 1.348743788e-74 1.590202956e-49 4.07874171e-28 1.207130969e-13 1.602995273e-08 5.247053649e-06 6.012253582e-05 0.0001222435167 0.0001777866088 0.0002434691317 7.653892576e-05 0.001342281169 0.0005176431388 0.0004751121128 0.0005114900281 0.0001854288324 0.0002169536695 0.000218104027 0.0004152044035 0.0001528967756 6.465169143e-05 0.0006660338518 5.724439298e-05 0.0001168000143 1.009290088e-05 0.0004548199302 2.331035581e-05 7.87792862e-07 3.220618312e-15 5.883021322e-21 8.879089176e-52 2.989957945e-82 4.939610944e-100 4.114991191e-140 1.148110636e-168 1.76399729e-185 7.180912835e-250 0 0 0 0 0 0 0 0 0 
0 0 0 0 0 0 0 0 0 7.060161819e-219 1.147679552e-184 1.084753323e-178 3.768869015e-121 1.530576964e-89 3.542976403e-62 3.070084054e-42 4.458701862e-16 1.139537188e-05 0.1081412841 22.97964284 6.085391301 74.92838175 334.5612677 188.5784004 218.7050819 81.92248113 61.00373056 494.678893 200.9703938 171.1419846 241.7013858 646.8666906 522.3680899 130.3451653 142.0491592 506.2039403 381.7449816 100.7079342 211.3124357 62.93912853 6.806594429 0.1393244884 1.446236561e-07 6.604398094e-23 2.802937874e-39 1.577478848e-79 1.443964745e-86 2.68114368e-131 1.55112397e-175 1.704062515e-179 4.633428127e-237 0 0 0 0 0 0 0 0 0 
0 0 0 0 0 0 0 0 0 3.129438628e-240 2.679704817e-189 8.655192493e-168 1.625417738e-117 9.155784269e-97 1.177523466e-54 7.981535978e-42 8.450596899e-14 0.001298979647 18.247575 9194.729277 28768.73287 38650.92494 86544.38284 56180.78035 109345.5588 99920.42437 100049.0467 82927.0144 99974.02073 91840.9586 88341.79482 158070.8336 128976.2377 126922.7307 81558.77405 86477.63286 124619.2416 72860.85777 26961.82463 28423.53349 3527.816374 206.8378695 0.001948248404 1.798412548e-14 2.583186316e-31 2.150629725e-68 2.671116453e-91 2.648986994e-131 1.288474788e-163 2.793052185e-176 1.458823926e-239 0 0 0 0 0 0 0 0 0 
0 0 0 0 0 0 0 0 0 8.615683205e-237 4.19447813e-188 2.778664434e-164 7.436599571e-115 9.483834124e-97 6.055870329e-56 2.54797342e-38 2.857235739e-16 0.003597458137 628.0888107 58769.32501 194764.5704 413250.1051 614533.0316 803051.0906 1212135.632 1168114.981 1079971.394 1092589.322 1366623.465 1288479.766 1271050.17 1279821.055 1132173.683 1283101.336 1348894.323 906805.4548 807898.4651 539538.1491 457825.0392 196130.7392 18788.17029 1506.618667 0.1717302911 6.145538945e-18 5.908620969e-35 4.482110009e-67 3.19414061e-86 2.394973226e-110 2.013961552e-162 3.286278966e-195 6.244521995e-241 2.920441124e-269 0 0 0 0 0 0 0 0 
0 0 0 0 0 0 0 0 0 2.277798429e-219 3.081456211e-184 1.413113316e-151 1.499766569e-116 1.165862135e-93 3.274000328e-53 3.666578745e-44 6.304698787e-14 0.1625579839 84.90945903 109394.2725 365679.2069 1214533.247 2284614.215 2435694.161 3531099.012 3362068.977 4103442.219 3305810.787 4118501.327 4013511.332 3668408.611 4279041.564 3416352.427 3614797.638 3506672.134 3225089.681 3073815.731 1507373.254 1110055.005 554188.035 32702.40585 1992.844959 0.005368956396 4.463724978e-14 2.542091418e-36 6.817646383e-75 6.536754146e-86 1.302649023e-124 1.348197809e-156 1.141505196e-190 8.365842299e-234 0 0 0 0 0 0 0 0 0 
0 0 0 0 0 0 0 0 0 2.222832713e-228 9.896223178e-187 4.279401333e-156 7.96319914e-116 2.965463914e-91 1.93567367e-51 1.9607273e-39 2.20964192e-12 0.001395897587 272.7765232 158837.3206 445810.8669 1933132.835 3824994.487 4762682.139 6942927.629 5905280.887 7624414.331 7736268.187 7911144.117 8303640.631 7873927.86 8135527.342 7646666.141 7532273.192 8719072.421 5544069.467 5495048.506 2779010.133 1708953.518 779509.3882 34581.54417 2713.57178 0.0001933810155 1.518150411e-14 2.651636176e-34 6.725766174e-76 1.130565478e-79 3.360860235e-126 3.15490254e-164 2.927296637e-178 1.372070058e-234 0 0 0 0 0 0 0 0 0 
0 0 0 0 0 0 0 0 0 4.195726169e-224 5.702069717e-189 4.030512969e-163 6.480597506e-118 3.024392304e-96 4.4487496e-57 4.360242684e-42 2.755794458e-13 0.0005232855648 1105.574417 223243.0368 556608.1727 1867590.837 5153493.211 6640338.093 9659210.409 10228387.24 12816826.04 13047967.57 13906358.87 13231018.74 13052679.26 12950036.48 12207609.68 12180313.3 11921077.95 10232002.79 9024542.452 3473618.527 1997492.638 1036399.515 50094.85059 2641.380639 0.04142808066 2.254374319e-14 7.130349799e-34 3.646894287e-72 4.220137077e-81 1.981059722e-111 1.682425467e-167 6.955580939e-187 5.647367205e-237 3.02578077e-267 0 0 0 0 0 0 0 0 
0 0 0 0 0 0 0 0 0 4.216723886e-212 6.021370924e-189 6.295171626e-159 5.881923198e-115 2.434622866e-92 2.98283004e-54 1.395491156e-38 1.331893112e-10 0.03287033662 1282.742593 159802.0334 698980.7077 2223100.134 6814624.105 7661801.105 12329668.6 13304178.49 15039894.19 16348251.73 16429922 17027967.01 16369371.85 15404446.41 17004497.27 14446181.56 15216879.77 10783586.45 10287314.65 4705668.475 2343302.84 1132224.122 45919.77426 2861.083908 0.2535073021 1.468497616e-15 3.761104452e-32 1.273486585e-67 1.731431635e-82 3.981061541e-124 1.020861525e-155 2.938880022e-178 3.303258697e-230 0 0 0 0 0 0 0 0 0 
0 0 0 0 0 0 0 0 0 1.714303896e-215 3.577046217e-189 9.510515209e-145 8.148717365e-116 3.024542155e-87 1.90040827e-55 1.879227954e-36 5.924317356e-17 0.008980403342 300.7443914 228479.5948 732860.49 2590236.423 7333008.74 8585643.394 16020306.21 15739824.47 17636413.8 17796661.77 18695601.28 19838925.08 17855369.81 19558177.47 18620214.57 17501049.98 17354719.9 12229671.52 12722163.67 5194744.602 2787598.624 1197098.982 51743.63201 6493.930147 0.1039422161 6.37668538e-14 1.624735099e-32 2.670585378e-68 7.063150489e-80 2.132726715e-124 1.460427625e-158 2.31865741e-189 1.698995486e-229 7.267086752e-268 0 0 0 0 0 0 0 0 
0 0 0 0 0 0 0 0 0 7.617320282e-222 8.457210864e-183 4.364721024e-148 3.636195325e-119 2.01698129e-96 1.354651283e-53 8.82964871e-39 3.867205675e-13 0.2075364018 733.1996157 209538.4721 720455.6091 2871163.416 8253185.973 9098819.124 14856986.79 15921546.78 19504692.63 19623755.31 18608922.16 20291621.72 19631929.56 19654028.05 18705858.87 19049592.57 18515927.61 12641865.97 12510373.03 4801134.92 2802413.998 1136242.735 61248.48601 5501.834099 6.802657713e-05 1.317608926e-14 2.334022674e-29 1.943842574e-68 1.39431841e-82 5.429406654e-125 2.964715018e-160 4.760057819e-179 6.554923985e-232 0 0 0 0 0 0 0 0 0 
0 0 0 0 0 0 0 0 0 9.473161477e-230 4.041925068e-193 1.390702537e-149 2.183646191e-120 1.807184263e-97 6.845384422e-52 4.719792042e-43 1.430584355e-15 0.04582661295 207.619486 205239.233 772336.6702 3231115.165 8610867.049 8684073.471 15377485.81 16865445.45 20908351.61 20040394.17 19293103.48 22773348.26 20528114.82 20631173.53 20172064.89 16985975.89 17219870.36 13108066.73 14372721.12 5325992.058 2769188.36 979819.7466 46885.23182 3881.201464 0.008789998302 4.352494664e-17 4.59043907e-32 3.69870713e-68 2.71434913e-79 1.821578759e-124 3.513383615e-161 2.887348068e-179 1.888905629e-232 0 0 0 0 0 0 0 0 0 
0 0 0 0 0 0 0 0 0 1.980641243e-228 1.016677087e-187 1.186141644e-150 1.584805461e-122 4.182128225e-90 9.284702613e-54 3.253700078e-40 1.308289941e-11 0.06319289361 822.6836796 247867.9565 894509.6692 3029855.105 7347482.493 8508436.112 17560424.25 16937897.84 18629128.24 20869431.26 19305323.12 21799529.02 22346414.6 21287793.21 20330405.98 20781158.37 17477562.14 13121050.01 12605547.7 5235797.977 2540194.98 1108572.946 49071.66571 6335.143797 0.03546482279 8.154379665e-16 4.463776507e-31 6.632999091e-73 1.769852994e-81 1.357510464e-114 4.028998035e-157 6.290511536e-190 1.671100467e-235 0 0 0 0 0 0 0 0 0 
0 0 0 0 0 0 0 0 0 6.920468847e-222 1.192114084e-183 1.530977279e-146 2.964002065e-123 1.164389659e-97 2.091747053e-61 8.423182576e-39 5.075243362e-13 0.00257892251 232.2672531 296941.3506 726789.414 3026292.857 7883868.624 10430502.14 17221538.95 16998936.16 20421722.17 19693505.05 19884819.26 23528778.38 22335354.87 19635388.81 19171541.25 18455235.75 19358922.66 15082370.81 13571706.38 5091988.886 3337953.227 1290653.968 40453.17153 1094.565384 0.2086443693 3.297564087e-14 6.765031778e-40 4.16897116e-73 7.152671383e-84 5.416054687e-123 9.904422678e-159 1.259427629e-181 1.101621681e-232 0 0 0 0 0 0 0 0 0 
0 0 0 0 0 0 0 0 0 1.03119959e-226 3.68145417e-189 1.38810366e-146 1.324964276e-118 1.123227363e-95 3.473850344e-52 2.150571582e-41 1.221630564e-11 0.01188173046 324.1365519 261076.8665 935940.4134 3190322.308 7839991.701 10391511.18 18362446.65 16942776.41 18734646.65 20310004.65 18808905.08 22996390.64 22204844.55 19369590.45 20808266.83 20153755.6 20441075.76 13325597.06 13397624.44 5519742.133 2860859.357 1225125.726 40722.95662 5840.116037 0.006479277104 2.002888008e-14 1.117207252e-35 4.193570375e-71 3.190041464e-83 6.155969371e-122 1.196329244e-150 4.962284541e-188 2.1105743e-232 4.268669137e-267 0 0 0 0 0 0 0 0 
0 0 0 0 0 0 0 0 0 1.902416577e-230 3.57876682e-183 7.294515008e-156 3.165284543e-112 9.079455279e-87 1.878392222e-60 1.679000259e-38 2.627730996e-15 0.4329703501 345.7313653 287407.2983 820500.7735 2788083.907 8054183.237 9949534.897 17663029.86 17526282.75 20652711.8 19498161.77 21384805.17 20648531.34 21622992.53 21763886.32 21153548.23 16939123.68 19671730.88 13675052.56 12028110.59 5364429.576 3273637.497 1310964.927 63420.59537 3588.635519 0.0007926800364 9.4071221e-16 9.215050517e-38 7.991519074e-72 7.439757953e-85 2.751400744e-123 2.294752534e-166 1.344935925e-192 3.018872218e-237 0 0 0 0 0 0 0 0 0 
0 0 0 0 0 0 0 0 0 8.02327954e-222 4.979407402e-191 1.234514127e-147 1.222833388e-113 2.947316336e-83 9.821913309e-51 4.691178837e-38 5.962939628e-11 0.06536244245 1520.979876 223485.8383 817804.0987 2866898.666 7781802.158 9101647.791 16958235.3 16822812.95 19072676.4 19774254.06 20163776.74 20058323.09 20781552.31 22283625.69 20617516.17 21199777.11 19848469.95 11882860.18 12839835.29 5086776.21 2722466.579 1172903.34 59709.6661 6057.154231 0.01858900879 1.555954179e-12 5.565899625e-30 2.501342581e-66 8.245031709e-82 3.539625806e-123 4.459955021e-157 4.262453342e-194 8.698027284e-232 0 0 0 0 0 0 0 0 0 
0 0 0 0 0 0 0 0 0 7.689165359e-220 9.130234743e-187 1.150449293e-147 8.369165113e-118 3.333171836e-93 4.278076575e-56 2.460132907e-40 4.460546137e-12 0.000559361894 410.7266955 223909.608 692810.8679 2865110.255 7945001.464 9115175.686 17547238.62 17672633.48 16858578.54 19728640.17 19509982.25 20892731.41 20896437.34 22922148.5 18190144.71 20818203.85 17472042.54 13787885.19 13006034.83 5341007.912 2521375.844 1311379.685 39402.33589 8752.819168 3.381429454e-05 1.306333805e-17 3.696321643e-37 1.872648649e-67 7.901977774e-82 1.018318902e-126 1.166799615e-156 6.055413012e-177 2.243254826e-232 0 0 0 0 0 0 0 0 0 
0 0 0 0 0 0 0 0 0 2.539956808e-220 2.999665592e-184 9.713092612e-152 2.339823231e-119 1.978785202e-89 1.404379619e-53 3.094313688e-40 4.592793948e-12 0.9044593391 399.9067165 267664.3038 871031.5438 2797229.079 7469439.726 10107659.75 16253632 16985241.43 17929190.77 19096457.89 17307476.37 21616312.13 18930536.99 19563522.25 21327071.33 18758687.54 20660761.55 13185496.88 13422175.69 5758543.901 2812576.095 1354710.304 41067.64534 2274.085503 7.639837514e-05 1.088268844e-13 5.601108131e-36 1.621843894e-66 5.92924026e-81 6.53057817e-129 1.934777004e-161 1.674296695e-176 1.955740785e-239 0 0 0 0 0 0 0 0 0 
0 0 0 0 0 0 0 0 0 3.612926349e-216 2.425851259e-185 3.012106668e-159 1.728245316e-113 4.427391736e-90 2.290365204e-58 1.422711122e-37 2.979106219e-15 0.1423446502 690.6388713 275942.3064 629948.0047 3182721.317 7887783.446 9758583.134 16512691.92 15614926.06 18712753.63 19386951.63 22076678.06 20222463.76 18649893.83 18802698.96 22930448.91 19505291.53 19908048.92 12101328.28 12598688.11 5690244.929 3083161.119 1187814.821 59839.37839 3682.63176 0.1664148453 3.425335179e-13 3.650793328e-38 6.597760933e-73 2.935906899e-80 8.91787945e-129 1.415624941e-161 4.110826853e-178 1.003760429e-237 0 0 0 0 0 0 0 0 0 
0 0 0 0 0 0 0 0 0 8.193636945e-226 2.040783286e-186 3.279715613e-157 3.399257244e-114 6.157044012e-95 1.652680722e-54 5.168606357e-38 1.725522807e-10 0.07818188581 296.0200075 259300.5355 728929.5696 2783083.75 6895272.542 9041628.154 15573242.57 15802515.73 18854550.36 18490953.93 17598448.42 18077336.67 19002887.48 18331795.22 17069023.76 16699707.9 15898471.94 13106101.14 10699407 5103135.097 2483912.61 1307611.16 72014.93655 3330.514067 0.0008657346529 1.230583385e-11 1.370746231e-32 1.770461636e-73 2.585960089e-81 3.329499327e-126 6.212899137e-164 7.551092617e-194 7.856868257e-234 0 0 0 0 0 0 0 0 0 
0 0 0 0 0 0 0 0 0 4.911842863e-222 1.235658275e-188 1.444477019e-154 4.051835233e-110 1.500944428e-93 4.900103888e-54 8.086577166e-38 4.003984832e-18 0.116012471 88.49398014 294433.6909 731556.0856 2534739.48 6251522.344 8006694.339 14157161.48 14156027.51 14473540.72 16387314.75 16575890.18 15602106.62 16503292.57 15648205.41 14561755.83 14027093.88 15838446.32 11989522.74 10411894.06 4107114.546 2346571.456 819774.3364 55821.05007 5413.941047 6.087765633e-05 7.859715843e-13 2.442421021e-35 4.516329113e-73 2.360696023e-80 1.326147523e-121 7.831837874e-164 2.74638286e-180 1.590061936e-230 0 0 0 0 0 0 0 0 0 
0 0 0 0 0 0 0 0 0 9.137768312e-218 1.223095963e-188 3.667141241e-152 5.4347255e-118 1.429598124e-97 2.0494182e-61 3.365086119e-37 1.832683667e-14 0.03211853116 192.2053705 178861.5655 608416.6175 2151899.897 5454403.13 6026941.713 11317831.41 11082836.6 12913253.64 11999490.67 13140389.35 13449620.78 13105654.63 12166409.31 12771510.22 12896738.96 11940586.24 9389616.12 8112745.978 3364523.534 2231142.823 960455.3452 52892.73002 2410.375443 0.005227725196 4.298386245e-15 9.620543346e-34 5.234602733e-75 1.327975819e-81 1.096715212e-121 2.744226654e-157 1.208562434e-186 3.500333185e-234 0 0 0 0 0 0 0 0 0 
0 0 0 0 0 0 0 0 0 2.844608051e-228 1.397184898e-186 2.720337528e-157 1.502823066e-111 1.083152906e-92 9.366845561e-57 8.713466289e-42 4.279573665e-13 0.007870633654 379.08144 197833.5437 553128.6659 2129927.753 4043343.434 4946341.461 6525120.872 7876246.781 7418093.442 7828084.708 7373200.073 7198870.879 7880379.398 7112020.438 7532687.055 7116796.494 7572853.797 6151298.688 6123310.993 2512614.407 1518396.855 635626.6438 40628.2928 1992.74986 0.03298729987 1.517731152e-14 1.918637243e-32 5.197754556e-69 6.390182579e-83 4.186431209e-124 8.264457711e-161 3.774311829e-189 2.362884895e-235 0 0 0 0 0 0 0 0 0 
0 0 0 0 0 0 0 0 0 5.057746874e-235 1.000746755e-189 3.203634234e-148 8.142830894e-120 1.400860372e-86 1.514509714e-55 2.20929138e-37 2.181630025e-16 0.01927684794 374.2884696 131050.9191 338860.2279 1081465.362 2200128.263 2660231.164 2946777.178 3419547.603 3900304.906 3887373.311 3278236.439 3688390.134 3580724.487 3955811.91 3617438.86 3517114.076 3516302.812 3285552.934 3476793.123 1811166.517 1292955.47 410183.892 26979.41902 3802.226412 0.002459895343 1.215348208e-12 9.941614593e-33 3.01744178e-74 3.997816057e-79 4.922629629e-130 7.438365509e-164 1.03521734e-175 1.70187132e-234 0 0 0 0 0 0 0 0 0 
0 0 0 0 0 0 0 0 0 6.085551341e-217 5.638663367e-186 3.29106177e-147 2.647419751e-120 2.979009726e-88 2.288740313e-58 1.347147981e-39 3.425645593e-15 0.0008231787957 165.7240947 62300.18716 220999.9594 427224.7528 799792.6136 879546.7277 1278991.707 1163127.359 1207199.242 1134441.098 1148809.014 1143693.732 1284246.287 1118922.696 1082530.335 1114600.271 1182017.546 947128.4735 871258.6023 595464.0686 477644.5449 233708.158 19662.12771 2717.922517 0.001488783428 1.498293464e-17 3.369899184e-34 1.784926863e-75 2.262480268e-79 6.790894326e-122 1.028645392e-157 3.617795969e-181 1.05050824e-237 1.841154675e-269 0 0 0 0 0 0 0 0 
0 0 0 0 0 0 0 0 0 2.790322424e-216 3.359772299e-193 5.441022069e-169 5.164780858e-113 5.005200017e-98 3.807057689e-68 3.275714768e-38 1.422164122e-12 0.01662014707 47.79184524 12659.66715 33268.19114 48681.72336 83323.85421 51816.61495 79785.30334 101723.8664 126285.411 107124.0816 139426.0751 111244.6504 120719.4649 157613.5112 96543.70757 120697.7703 97129.14827 72058.26027 118739.0368 76961.8116 35219.60238 28327.52146 4245.205069 558.5102098 0.001893526752 6.778991818e-16 5.087591302e-32 1.406434282e-70 4.980609193e-82 4.013474941e-127 6.173251932e-160 1.189565697e-195 6.557324242e-231 0 0 0 0 0 0 0 0 0 
0 0 0 0 0 0 0 0 0 1.469990835e-225 8.236551398e-194 2.631860613e-156 4.479400019e-121 6.704337891e-98 1.877688696e-57 1.054920688e-44 3.946169039e-19 4.172716678e-07 0.03167827885 34.43872815 120.0111575 185.3330206 156.143756 97.19356786 422.9720995 111.1243967 84.7360844 234.7182466 122.1787754 221.4937904 138.3281003 171.0081154 149.5016756 160.6423281 316.1788257 114.6348003 106.2093317 86.40575909 116.0049045 36.60807977 17.33801249 0.03182272052 4.615182236e-09 3.646007918e-19 1.217937187e-43 2.538086785e-72 3.724056961e-88 5.767433292e-131 1.137545435e-167 2.984652361e-191 1.297989344e-239 0 0 0 0 0 0 0 0 0 
0 0 0 0 0 0 0 0 0 2.08321726e-251 4.65352041e-209 7.369001418e-163 3.134261716e-135 8.036936592e-107 9.462325497e-67 1.672491064e-52 1.708520463e-31 1.126218974e-12 3.314912019e-09 1.054168385e-05 3.289687564e-05 3.132053754e-05 0.001027045823 0.0002144886052 0.0002728441599 3.247875923e-06 0.0004347212519 0.000500962787 0.0004549846028 0.000125980961 0.0003094046309 0.000733503513 0.001172797912 0.0001830306894 0.0002627549661 0.0002048621069 0.0005126293554 5.640709701e-05 0.000218192936 0.0004432957938 1.662943256e-05 5.638325645e-09 7.733489096e-12 5.102021899e-23 3.368379465e-36 2.06874638e-77 1.330141523e-94 5.254783331e-137 8.540753012e-177 1.626221434e-203 1.477956475e-249 0 0 0 0 0 0 0 0 0 
0 0 0 0 0 0 0 0 0 6.049803543e-241 2.984036623e-213 8.36549085e-170 9.073341695e-134 6.143570188e-120 5.513569102e-80 1.660708166e-59 4.380541915e-37 6.614891549e-23 6.489809424e-17 3.751567472e-14 7.164632942e-15 2.272022017e-13 2.145105466e-14 3.821397909e-13 1.062193732e-12 5.745142868e-13 1.074945075e-14 1.296495533e-13 3.224627807e-13 4.243557756e-14 2.34754089e-13 1.518831856e-12 4.053239681e-14 8.196174419e-13 5.369201258e-14 4.322535769e-14 2.909794688e-13 1.796030085e-14 1.29845092e-13 1.033782783e-14 8.911960256e-14 6.304234215e-16 3.075193931e-24 4.217617628e-35 2.915881903e-63 1.207770075e-90 2.826454855e-102 6.153821454e-150 1.766157056e-187 1.412981036e-211 1.245020058e-254 0 0 0 0 0 0 0 0 0 
0 0 0 0 0 0 0 0 0 2.613015828e-249 2.772266352e-223 5.507658073e-184 7.427430494e-149 2.24443587e-129 4.364267289e-94 1.240346199e-70 4.34506463e-50 3.020865542e-30 8.626621453e-32 9.920067024e-24 1.020206885e-22 1.524299428e-22 2.377863524e-25 2.498417128e-23 2.835069566e-21 2.410235064e-21 3.456327859e-24 5.608566336e-23 1.642038744e-21 7.236212249e-22 1.846092412e-21 1.154199488e-24 1.344383304e-22 1.462084877e-22 3.704970218e-22 5.935316179e-23 4.618967058e-23 2.384771614e-24 1.517328989e-22 2.008687433e-22 7.86936085e-26 2.485981761e-26 5.370606389e-33 7.20411263e-48 1.666240314e-73 1.795167768e-104 3.17618055e-114 2.799623861e-161 1.493991216e-195 1.356473831e-221 1.144461394e-265 0 0 0 0 0 0 0 0 0 
0 0 0 0 0 0 0 0 0 3.675785114e-257 1.104790822e-239 3.804845014e-190 2.756719115e-164 3.803059168e-141 1.746777548e-90 1.317528111e-79 3.625794067e-50 1.220561329e-40 1.254423358e-39 1.67733813e-35 2.864277052e-34 1.751718508e-33 1.064659045e-34 9.773797386e-34 4.32980729e-34 7.073339831e-34 9.722901742e-36 2.35883225e-34 6.967221303e-34 1.185428977e-36 4.83657928e-35 7.541844656e-34 3.433888544e-34 1.884246056e-36 4.922205526e-34 2.196789712e-34 4.720531924e-36 1.122410719e-34 1.242824618e-34 1.396366597e-34 5.250212442e-36 1.857166384e-35 4.317573755e-50 1.683312491e-60 3.551518066e-80 1.210294026e-117 1.30376906e-126 1.241111654e-173 1.330385275e-197 1.356333527e-232 7.154573014e-274 0 0 0 0 0 0 0 0 0 
0 0 0 0 0 0 0 0 0 2.789691864e-270 1.725653315e-247 4.063355563e-214 9.146531721e-176 1.215228404e-150 4.172772574e-116 6.956808551e-93 2.582010378e-71 7.124984852e-57 1.989289077e-54 1.91921035e-51 1.871121601e-51 1.965379915e-48 1.749665244e-44 2.375004069e-43 2.747838164e-50 8.847061978e-49 3.882146181e-49 2.05313626e-48 7.557388784e-49 7.217295205e-50 8.694327589e-48 1.038961837e-48 6.846140383e-50 1.064791146e-48 1.296598778e-44 1.488685247e-48 2.071486376e-50 1.83981447e-50 6.83396359e-51 1.017597192e-49 8.213586532e-52 1.845562134e-50 6.498370969e-61 3.065743772e-67 1.181735584e-94 2.715112316e-126 7.441614314e-136 3.016027704e-189 2.190336542e-209 3.703624651e-254 5.330767667e-291 0 0 0 0 0 0 0 0 0 
0 0 0 0 0 0 0 0 0 1.159324972e-292 3.692453335e-256 2.601725843e-228 7.746487722e-188 2.578457885e-165 2.71214458e-143 3.582213431e-110 1.240906229e-84 5.400271776e-68 1.392494229e-70 4.272142549e-61 8.15752432e-59 1.402563035e-60 1.85871249e-59 3.690549731e-59 8.779240313e-60 8.291959218e-59 6.744719853e-61 1.091614503e-59 6.924222674e-61 8.086397231e-59 5.383992834e-60 1.965311021e-59 2.302024065e-61 1.767911467e-60 4.657894356e-61 1.24913811e-58 5.017826872e-59 1.323185241e-63 1.483141273e-58 2.638603025e-60 9.44140427e-60 9.782399525e-62 7.446726946e-76 3.638139809e-83 5.19273153e-97 1.490455488e-141 4.300406045e-153 2.681751083e-199 1.22982436e-233 7.693102629e-266 1.728009367e-307 0 0 0 0 0 0 0 0 0 
0 0 0 0 0 0 0 0 0 3.08889334e-298 3.306840111e-271 2.096896409e-234 2.465174106e-206 1.245158176e-177 6.066301871e-136 5.827569791e-128 4.051806915e-102 6.147881896e-86 1.995982988e-79 3.535585731e-77 4.150772788e-77 8.818610571e-79 9.106183902e-76 1.229390204e-75 2.179250059e-77 6.540844212e-78 2.817971586e-76 6.200920483e-78 7.213121687e-78 1.000257496e-76 9.368044794e-78 3.060973489e-76 6.34313757e-75 1.13305089e-75 1.547007106e-76 3.024310773e-78 1.198425431e-76 6.034503844e-79 2.988218843e-76 8.359796391e-78 1.264426308e-77 1.88868151e-84 3.914377518e-93 1.337107919e-96 4.099248607e-114 1.081463155e-161 6.56930286e-167 1.080540325e-211 2.84593179e-249 7.403441513e-262 7.223239742e-321 0 0 0 0 0 0 0 0 0 
0 0 0 0 0 0 0 0 0 0 1.669882634e-302 1.144551618e-252 6.76664825e-226 8.302916412e-197 5.212767397e-160 4.076883872e-143 1.742897932e-118 4.880292167e-101 4.678637763e-100 2.444219331e-92 4.896406263e-96 2.383078503e-95 9.461993362e-91 1.089650599e-92 2.040689676e-95 2.887401873e-96 4.513800902e-96 5.020366103e-97 1.28375628e-95 4.016639844e-89 1.633422203e-88 9.4102986e-100 5.577959961e-97 1.811416516e-96 8.983995857e-90 2.40123794e-87 4.654381586e-96 9.145280476e-98 2.438344001e-88 6.26786467e-98 4.009571066e-96 3.096539279e-94 9.621197028e-115 1.91831583e-122 9.88822195e-140 1.088118937e-176 3.397199117e-184 6.877923811e-227 1.649511443e-276 1.447585294e-300 0 0 0 0 0 0 0 0 0 0 
0 0 0 0 0 0 0 0 0 0 1.07628252e-313 0 9.297053465e-237 4.087183521e-205 1.707719647e-168 8.04040571e-159 0 2.606478469e-118 1.060521347e-123 7.951455913e-108 1.612067178e-119 9.348494372e-111 8.863566141e-108 1.179660849e-119 5.437188708e-111 1.634239095e-107 1.34969371e-106 3.701230341e-111 1.403429437e-109 9.200822941e-108 4.494357396e-111 1.337704337e-108 5.345254546e-119 1.987413252e-110 3.099719885e-109 5.641032109e-109 1.634682744e-109 0 5.785235698e-110 5.583649576e-109 5.591188014e-111 1.238483655e-108 1.467116449e-126 3.401985139e-141 2.325644381e-154 1.921344875e-188 2.101505851e-212 3.113440639e-243 8.658370572e-285 4.940656458e-324 0 0 0 0 0 0 0 0 0 0 
0 0 0 0 0 0 0 0 0 0 0 0 0 0 0 0 0 0 0 0 0 0 0 0 0 0 0 0 0 0 0 0 0 0 0 0 0 0 0 0 0 0 0 0 0 0 0 0 0 0 0 0 0 0 0 0 0 0 0 0 
0 0 0 0 0 0 0 0 0 0 0 0 0 0 0 0 0 0 0 0 0 0 0 0 0 0 0 0 0 0 0 0 0 0 0 0 0 0 0 0 0 0 0 0 0 0 0 0 0 0 0 0 0 0 0 0 0 0 0 0 
0 0 0 0 0 0 0 0 0 0 0 0 0 0 0 0 0 0 0 0 0 0 0 0 0 0 0 0 0 0 0 0 0 0 0 0 0 0 0 0 0 0 0 0 0 0 0 0 0 0 0 0 0 0 0 0 0 0 0 0 
0 0 0 0 0 0 0 0 0 0 0 0 0 0 0 0 0 0 0 0 0 0 0 0 0 0 0 0 0 0 0 0 0 0 0 0 0 0 0 0 0 0 0 0 0 0 0 0 0 0 0 0 0 0 0 0 0 0 0 0 
0 0 0 0 0 0 0 0 0 0 0 0 0 0 0 0 0 0 0 0 0 0 0 0 0 0 0 0 0 0 0 0 0 0 0 0 0 0 0 0 0 0 0 0 0 0 0 0 0 0 0 0 0 0 0 0 0 0 0 0 
0 0 0 0 0 0 0 0 0 0 0 0 0 0 0 0 0 0 0 0 0 0 0 0 0 0 0 0 0 0 0 0 0 0 0 0 0 0 0 0 0 0 0 0 0 0 0 0 0 0 0 0 0 0 0 0 0 0 0 0 
0 0 0 0 0 0 0 0 0 0 0 0 0 0 0 0 0 0 0 0 0 0 0 0 0 0 0 0 0 0 0 0 0 0 0 0 0 0 0 0 0 0 0 0 0 0 0 0 0 0 0 0 0 0 0 0 0 0 0 0 
0 0 0 0 0 0 0 0 0 0 0 0 0 0 0 0 0 0 0 0 0 0 0 0 0 0 0 0 0 0 0 0 0 0 0 0 0 0 0 0 0 0 0 0 0 0 0 0 0 0 0 0 0 0 0 0 0 0 0 0 
# Errors [DivMonGuideExit/divguide.dat] I_err:
0 0 0 0 0 0 0 0 0 0 0 0 0 0 0 0 0 0 0 0 0 0 0 0 0 0 0 0 0 0 0 0 0 0 0 0 0 0 0 0 0 0 0 0 0 0 0 0 0 0 0 0 0 0 0 0 0 0 0 0 
0 0 0 0 0 0 0 0 0 0 0 0 0 0 0 0 0 0 0 0 0 0 0 0 0 0 0 0 0 0 0 0 0 0 0 0 0 0 0 0 0 0 0 0 0 0 0 0 0 0 0 0 0 0 0 0 0 0 0 0 
0 0 0 0 0 0 0 0 0 0 0 0 0 0 0 0 0 0 0 0 0 0 0 0 0 0 0 0 0 0 0 0 0 0 0 0 0 0 0 0 0 0 0 0 0 0 0 0 0 0 0 0 0 0 0 0 0 0 0 0 
0 0 0 0 0 0 0 0 0 0 0 0 0 0 0 0 0 0 0 0 0 0 0 0 0 0 0 0 0 0 0 0 0 0 0 0 0 0 0 0 0 0 0 0 0 0 0 0 0 0 0 0 0 0 0 0 0 0 0 0 
0 0 0 0 0 0 0 0 0 0 0 0 0 0 0 0 0 0 0 0 0 0 0 0 0 0 0 0 0 0 0 0 0 0 0 0 0 0 0 0 0 0 0 0 0 0 0 0 0 0 0 0 0 0 0 0 0 0 0 0 
0 0 0 0 0 0 0 0 0 0 0 0 0 0 0 0 0 0 0 0 0 0 0 0 0 0 0 0 0 0 0 0 0 0 0 0 0 0 0 0 0 0 0 0 0 0 0 0 0 0 0 0 0 0 0 0 0 0 0 0 
0 0 0 0 0 0 0 0 0 0 0 0 0 0 0 0 0 0 0 0 0 0 0 0 0 0 0 0 0 0 0 0 0 0 0 0 0 0 0 0 0 0 0 0 0 0 0 0 0 0 0 0 0 0 0 0 0 0 0 0 
0 0 0 0 0 0 0 0 0 0 0 0 0 0 0 0 0 0 0 0 0 0 0 0 0 0 0 0 0 0 0 0 0 0 0 0 0 0 0 0 0 0 0 0 0 0 0 0 0 0 0 0 0 0 0 0 0 0 0 0 
0 0 0 0 0 0 0 0 0 0 0 3.406676006e-317 0 1.130508194e-228 0 2.470934913e-156 4.539037798e-143 2.160244906e-127 2.960765811e-118 2.291179253e-112 1.923462986e-119 5.515898077e-120 1.52778627e-110 3.21821707e-109 4.574691541e-107 3.324451337e-111 3.911368183e-110 2.229220686e-108 1.171291005e-109 2.944696895e-109 2.602924772e-108 1.409698121e-108 4.651835244e-108 9.742332886e-107 7.228752288e-110 0 3.699383496e-116 2.910145182e-107 6.295559278e-109 0 1.294549168e-110 7.553068952e-119 1.909320637e-130 2.064085201e-135 6.700336424e-151 0 0 0 2.121382944e-296 0 0 0 0 0 0 0 0 0 0 0 
0 0 0 0 0 0 0 0 0 0 0 0 0 0 7.094262195e-158 4.558171493e-141 1.760962692e-112 7.6241311e-105 5.66189595e-105 1.663343487e-95 2.380854349e-95 1.323239921e-88 1.654530867e-92 1.037259341e-96 1.755601678e-92 7.361947029e-98 3.445075786e-94 1.31939205e-97 7.725406786e-89 1.111745396e-97 4.458568606e-94 9.921401404e-97 4.430953774e-98 2.651642292e-95 1.323855461e-86 1.076142775e-96 2.993129681e-94 7.613236166e-96 1.365695103e-96 4.228154237e-96 4.643187423e-90 1.593046699e-100 2.594705087e-102 1.73820308e-117 7.577226028e-142 0 0 0 0 0 0 0 0 0 0 0 0 0 0 0 
0 0 0 0 0 0 0 0 0 0 0 0 0 0 1.555780295e-145 5.700724073e-117 3.554465647e-103 3.080787405e-89 2.017970533e-78 8.436712704e-78 9.152068027e-77 2.938812573e-77 9.750825757e-77 1.444471599e-75 6.532950983e-76 7.406561839e-77 7.769760571e-79 1.869890936e-77 1.939751056e-79 3.430843518e-75 3.869358054e-76 2.653280614e-77 3.379473019e-77 8.543444e-80 1.16292964e-75 7.295830318e-76 2.669702919e-76 2.087951868e-77 1.865086246e-78 4.292002263e-77 1.785017919e-79 3.088299531e-83 7.137156589e-89 1.575034172e-101 1.907108417e-129 3.098376277e-153 0 0 0 0 0 0 0 0 0 0 0 0 0 0 
0 0 0 0 0 0 0 0 0 0 0 0 0 3.143455569e-162 1.136856509e-125 6.349947109e-104 1.085283926e-78 3.00810542e-65 3.332666254e-65 1.191630163e-60 4.825808615e-63 6.142441019e-61 6.224982173e-60 4.96189782e-59 8.882527197e-62 7.679381401e-60 2.545818296e-60 2.195420032e-60 1.49841743e-59 1.320185767e-59 8.448936839e-60 7.234718729e-61 3.025469368e-60 1.171830791e-61 1.773774798e-58 1.525039143e-59 2.560231516e-59 2.200852905e-61 6.659531847e-61 9.149147985e-60 4.720259375e-60 1.134965954e-62 1.868797772e-67 6.32419903e-79 1.991733374e-108 2.858988288e-138 5.173703005e-150 0 0 0 0 0 0 0 0 0 0 0 0 0 
0 0 0 0 0 0 0 0 0 0 0 0 0 2.772913841e-151 1.404470138e-119 1.632781339e-95 2.482648814e-66 4.428873649e-60 8.136272269e-50 2.31985657e-51 9.373043102e-49 6.610364481e-48 1.414521222e-48 2.019321684e-46 1.391895526e-49 5.065840581e-48 7.856531628e-46 3.608892316e-48 1.697723113e-48 5.559387811e-51 2.774638068e-49 1.417682389e-45 6.760001089e-49 3.884126393e-47 2.251331798e-44 5.946357007e-49 1.03422129e-48 8.801102238e-48 4.919349328e-48 1.989778595e-49 8.76954527e-51 1.17893869e-52 8.199288086e-56 3.745152983e-70 5.013540591e-84 4.832129516e-133 1.688976178e-140 0 0 0 0 0 0 0 0 0 0 0 0 0 
0 0 0 0 0 0 0 0 0 0 0 0 1.391148684e-159 2.263915713e-139 1.6682775e-103 3.385064663e-82 3.345419173e-53 1.359438364e-48 2.871993681e-42 1.505906439e-35 1.029589219e-35 1.015960025e-35 9.457700886e-36 1.108298521e-35 1.030060073e-33 8.007831582e-34 2.610272063e-34 8.896381857e-37 4.000863324e-35 8.057385915e-38 9.563354719e-35 1.57401971e-34 7.002735748e-37 5.197616236e-34 1.552767357e-33 1.15373565e-34 2.883823123e-34 6.936308623e-35 1.193188773e-34 1.794032841e-35 1.000772022e-35 6.62559237e-37 7.321247634e-48 2.431812215e-60 1.659968142e-81 6.30658123e-117 9.630099897e-130 0 0 0 0 0 0 0 0 0 0 0 0 0 
0 0 0 0 0 0 0 0 0 0 0 0 6.892975796e-145 7.349093436e-131 3.054568718e-90 1.204475849e-74 1.760582329e-43 1.338172485e-32 2.282457664e-30 7.138158765e-22 5.255675896e-24 7.823013126e-24 1.612658498e-22 6.298503244e-24 1.733402529e-22 1.398508193e-23 1.479750557e-21 7.869457623e-24 2.722516166e-25 1.14606667e-23 7.219543995e-22 6.743209262e-24 9.034810226e-22 1.314889229e-21 5.188874414e-23 1.363020409e-23 9.855740479e-22 2.584727273e-22 1.589903334e-22 1.212571066e-23 4.783383619e-28 1.986504161e-24 1.53088023e-38 5.232993546e-50 3.870248904e-77 1.297501364e-103 2.299257405e-113 1.70998858e-156 0 0 0 0 0 0 0 0 0 0 0 0 
0 0 0 0 0 0 0 0 0 0 0 0 5.940534833e-136 3.234810788e-111 1.398551798e-86 2.381296841e-58 1.488182763e-36 2.970931122e-22 2.104826061e-17 1.697735619e-15 8.398275597e-14 2.47089122e-14 9.696186601e-14 2.449315561e-13 6.742180983e-14 1.419896244e-14 4.649230965e-14 3.228618741e-14 2.479308841e-14 1.530655468e-13 7.233177734e-12 9.160784129e-13 7.937855457e-14 5.584638607e-16 7.297118491e-13 2.03091301e-14 1.050653378e-14 1.121394926e-12 4.214573524e-14 2.333523917e-13 2.476064479e-15 1.995056175e-16 2.792714738e-26 8.869692929e-41 5.629934904e-55 2.270066841e-94 7.51678824e-108 0 0 0 0 0 0 0 0 0 0 0 0 0 
0 0 0 0 0 0 0 0 0 0 0 0 4.215447411e-131 9.81600638e-105 1.315605964e-74 1.593980525e-49 3.852948883e-28 9.532918739e-14 1.587248194e-08 3.589503465e-06 5.071698996e-05 8.963706923e-05 0.0001434147329 0.0001773396915 6.764393645e-05 0.0009980909377 0.0004477485853 0.0004234468137 0.0004265126564 0.0001070244268 0.0001887811132 0.0001245711196 0.0002800185677 0.0001337993485 4.283497016e-05 0.0005887144314 3.399786968e-05 7.224484023e-05 5.861716735e-06 0.0003357757372 1.539633997e-05 7.82547887e-07 3.223921237e-15 5.893592528e-21 7.410158363e-52 3.002690351e-82 4.959166431e-100 3.470527937e-140 0 0 0 0 0 0 0 0 0 0 0 0 
0 0 0 0 0 0 0 0 0 0 0 0 3.786915736e-121 1.536638678e-89 3.553930232e-62 3.040602655e-42 4.470447338e-16 9.951228099e-06 0.09522777199 8.155851428 1.899283253 35.81590794 125.7770298 93.93431139 110.2841402 44.91464805 40.41386391 276.2550622 99.13835505 69.88190417 86.69254336 233.5869688 329.6784735 44.77454818 49.74821625 206.7445889 152.6208689 41.95335047 90.3332156 25.6024987 5.519314049 0.1078859262 1.445705336e-07 5.135435105e-23 2.809930072e-39 1.140155419e-79 1.073188376e-86 2.695408575e-131 0 0 0 0 0 0 0 0 0 0 0 0 
0 0 0 0 0 0 0 0 0 0 0 0 1.633606292e-117 7.641894415e-97 1.118511999e-54 7.82780745e-42 8.471385567e-14 0.0007551794601 16.87510212 3048.443916 6051.911448 8934.383579 16437.99275 12944.99372 23148.04083 19777.60915 22752.01749 18784.88579 19926.40959 16765.75327 21694.03701 28240.63568 24580.99928 24921.48923 16857.15298 18535.38625 22238.34645 15570.25848 7307.687025 7229.761186 1143.814734 85.27254124 0.001931531514 1.80042131e-14 2.590862964e-31 2.16241407e-68 2.357651139e-91 2.638978593e-131 0 0 0 0 0 0 0 0 0 0 0 0 
0 0 0 0 0 0 0 0 0 0 0 0 7.470036274e-115 7.260740435e-97 6.066705131e-56 2.553043841e-38 2.859147982e-16 0.002066722144 431.8101916 11983.33946 27264.90228 50052.08439 71404.82702 90302.87061 126595.359 121436.817 117968.203 118209.2098 133753.9597 132112.6312 129590.0492 130042.1601 122461.3853 129665.4689 131989.8527 102554.6958 95318.45834 67938.08119 52124.5008 27951.37109 4056.044413 601.8391262 0.1679541621 4.130079747e-18 4.946173769e-35 4.50147888e-67 2.264508461e-86 2.407954206e-110 2.222758749e-162 0 0 2.920441124e-269 0 0 0 0 0 0 0 0 
0 0 0 0 0 0 0 0 0 0 0 1.016125238e-151 1.056561586e-116 1.153792125e-93 2.999450662e-53 2.070143754e-44 4.694926534e-14 0.1162516115 75.25140707 18192.11975 44547.35578 111921.6711 176879.4893 195723.9636 265185.4982 256982.7221 290343.7637 262794.3929 293640.3589 295866.3568 282084.7031 300291.5695 264900.3 273246.7672 267319.5726 244928.7117 233660.2846 138802.0605 100776.4185 61677.3489 7125.085661 1015.978858 0.005266545318 4.44169497e-14 1.859104867e-36 6.515087949e-75 6.502033261e-86 1.289551716e-124 1.361351227e-156 0 0 0 0 0 0 0 0 0 0 0 
0 0 0 0 0 0 0 0 0 0 0 3.252797191e-156 8.002678945e-116 2.977790829e-91 1.941623399e-51 1.964577377e-39 1.569453196e-12 0.001261469512 176.2604853 25398.52411 52020.37538 159150.7528 258130.1746 310748.1928 429737.7898 394055.7698 465428.7932 471324.35 477015.7047 485112.5066 479661.8862 483062.0123 464800.1276 458105.6823 492332.4644 364498.2997 351778.7341 216577.3666 135607.9794 81061.21757 7119.606908 1293.428182 0.0001677849205 1.515235006e-14 2.657702807e-34 5.065367564e-76 8.948910079e-80 3.378878709e-126 0 0 0 0 0 0 0 0 0 0 0 0 
0 0 0 0 0 0 0 0 0 0 0 0 6.496812338e-118 2.051298696e-96 4.461467442e-57 4.023797204e-42 2.541258909e-13 0.0003688348581 666.2040579 35352.70565 63576.49475 164372.5186 324611.4307 400718.834 556014.5968 578557.4673 674586.9366 690474.3344 710710.7118 699202.6059 686772.4011 691349.9909 665338.9623 656261.4122 648552.8695 551220.8605 493321.7768 261867.2696 163104.9126 103148.1661 10791.5048 839.6204436 0.02952776597 2.257586965e-14 7.061313589e-34 3.3529372e-72 4.170637372e-81 1.992469975e-111 0 0 0 3.02578077e-267 0 0 0 0 0 0 0 0 
0 0 0 0 0 0 0 0 0 0 0 6.372844317e-159 5.285512177e-115 2.381458044e-92 2.991562623e-54 1.218144718e-38 1.333043478e-10 0.02039645779 561.6199064 25889.90861 74717.02592 195842.2149 398017.7888 468448.076 690047.0192 719469.1365 807004.9675 846705.122 851905.5906 875558.5533 850228.0342 832848.5342 861062.9149 781473.7021 801745.6459 608586.9923 569646.3113 326434.3573 184906.3122 113121.0618 9341.143755 1083.733975 0.2539651052 1.470387533e-15 2.71827606e-32 1.278490166e-67 1.736083434e-82 3.686629254e-124 1.029194995e-155 0 0 0 0 0 0 0 0 0 0 0 
0 0 0 0 0 0 0 0 0 0 0 9.582304998e-145 6.160354731e-116 3.035723388e-87 1.905827727e-55 1.882653615e-36 4.742152071e-17 0.007038471244 180.7633596 37974.44813 76550.56928 214300.4917 433210.4122 518022.7342 830998.7254 830980.2557 926920.5821 943314.5969 965610.4188 1001219.632 942092.1904 994746.5544 957971.1713 914138.4313 905811.9717 681161.418 665969.7117 360328.417 216974.8579 122446.8868 10317.42205 2498.288663 0.1040609911 3.659668325e-14 1.524352524e-32 1.906121019e-68 7.08330411e-80 2.141296339e-124 1.462628021e-158 0 0 7.267086752e-268 0 0 0 0 0 0 0 0 
0 0 0 0 0 0 0 0 0 0 0 4.031107e-148 3.653625128e-119 2.018937096e-96 1.35917881e-53 6.229147104e-39 3.873601552e-13 0.19477097 483.7159259 33503.11113 77410.66585 232299.6019 466325.8716 539000.1576 820674.1798 853567.7816 1003258.69 1021197.05 992981.0559 1048401.016 1024388.31 1029424.709 993705.5989 986648.2688 964639.3322 702472.5583 674148.8247 345148.9509 208274.6486 117158.9083 11623.2713 2900.976757 4.233081675e-05 9.230453346e-15 2.339469642e-29 1.951113189e-68 1.018950313e-82 3.874553745e-125 2.990994258e-160 0 0 0 0 0 0 0 0 0 0 0 
0 0 0 0 0 0 0 0 0 0 0 1.401198554e-149 2.191970472e-120 1.333719331e-97 6.868013806e-52 4.724595103e-43 1.419713541e-15 0.02148893077 124.7401146 33302.88722 81394.78911 247469.9718 475443.202 521908.4488 837635.9564 891177.2913 1050251.517 1028746.882 1026469.182 1125568.909 1050765.791 1062993.129 1043620.443 931503.5628 938109.8478 720879.1326 728786.1381 369774.8845 209038.4207 108705.7098 10014.54902 1423.622533 0.008393179927 4.218420652e-17 2.983848391e-32 3.714614843e-68 2.722093108e-79 1.828214353e-124 2.455117284e-161 0 0 0 0 0 0 0 0 0 0 0 
0 0 0 0 0 0 0 0 0 0 0 1.196151453e-150 1.34136442e-122 4.193840632e-90 9.312206216e-54 2.48702194e-40 1.108395145e-11 0.05884074434 466.5914526 39246.76255 89352.33965 235116.3018 441183.4589 517399.4698 899711.9899 892505.5376 994420.5179 1059792.291 1018600.906 1102158.472 1104022.414 1085605.976 1041774.057 1038650.216 948679.0984 723794.3532 681206.5053 364571.8314 199490.9358 113472.2265 10726.80008 2289.157847 0.0288183717 5.831099329e-16 4.37869126e-31 6.171701615e-73 1.774662639e-81 1.362831023e-114 4.068305092e-157 0 0 0 0 0 0 0 0 0 0 0 
0 0 0 0 0 0 0 0 0 0 0 1.539852584e-146 2.961965479e-123 1.132918441e-97 1.709639303e-61 8.134925423e-39 4.304983713e-13 0.001907956577 133.8653306 44451.92337 79508.96559 237071.191 458581.0758 587977.8018 886805.3283 892120.3041 1039007.096 1030509.383 1037804.616 1143143.253 1098188.509 1034920.423 1006985.157 979227.0073 999261.8999 776180.1487 712545.4977 362535.5489 231120.9251 125738.5276 8737.820964 589.6455314 0.1938041401 3.275993502e-14 4.815606224e-40 4.183854926e-73 7.17360154e-84 5.42891349e-123 9.931168437e-159 0 0 0 0 0 0 0 0 0 0 0 
0 0 0 0 0 0 0 0 0 0 0 1.361495783e-146 1.270369746e-118 1.12703837e-95 3.468370916e-52 1.823326807e-41 1.166086531e-11 0.007209771479 300.6621409 39814.35337 88806.26627 247474.6434 456371.8169 584966.7014 922687.3396 896874.7145 1003391.66 1048483.292 1004613.66 1135651.039 1098353.418 1038952.085 1057027.052 1025618.061 1029431.258 728985.8613 705364.3565 376614.1434 213497.6249 124009.2138 9280.764975 2410.637119 0.006003854859 1.968878527e-14 1.117406917e-35 4.21191509e-71 3.201159931e-83 6.185448009e-122 1.204841923e-150 0 0 4.268669137e-267 0 0 0 0 0 0 0 0 
0 0 0 0 0 0 0 0 0 0 0 7.355498516e-156 3.176748496e-112 9.110926621e-87 1.882333599e-60 1.595922483e-38 1.6672812e-15 0.4314036632 278.641351 41259.09853 82519.8295 227404.0491 465271.9156 569067.5083 901835.7551 912255.612 1045302.376 1033311.223 1076952.165 1068802.137 1083922.807 1090279.042 1070600.655 937814.3919 1007398.156 739085.0305 667309.9161 370594.6563 231435.9766 125309.617 10521.55154 1304.624427 0.000651918808 6.893680561e-16 9.047144965e-38 8.025598177e-72 7.462335428e-85 2.450766721e-123 0 0 0 0 0 0 0 0 0 0 0 0 
0 0 0 0 0 0 0 0 0 0 0 1.243974079e-147 1.228184768e-113 2.956870061e-83 9.850096739e-51 4.596195349e-38 4.712134661e-11 0.04755985268 1305.220846 34476.16049 83095.52794 234161.7638 453430.3949 539670.3608 883825.6044 890139.164 1004637.882 1033384.982 1041174.733 1061719.232 1061846.634 1106242.792 1048224.151 1046119.371 1008739.961 691470.4295 684020.559 356906.0315 211399.9624 116895.9593 11885.3042 2141.435572 0.01179058756 1.549121197e-12 5.578764879e-30 2.511630056e-66 7.198171555e-82 3.55498215e-123 4.511276906e-157 0 0 0 0 0 0 0 0 0 0 0 
0 0 0 0 0 0 0 0 0 0 0 1.157480965e-147 8.399670489e-118 3.226104926e-93 4.286782447e-56 2.464717412e-40 4.469342855e-12 0.0003148804443 220.3526306 34046.9187 75672.8218 230905.2123 456968.9754 540310.4962 900860.4962 912477.2958 939833.1791 1035588.249 1026764.76 1076219.611 1062078.404 1126396.511 981153.3842 1043524.341 950155.9844 743376.5733 689401.7975 368382.9308 198901.5022 127985.2693 8884.435013 3077.460432 3.350315301e-05 1.133798144e-17 2.565157712e-37 1.879782049e-67 7.780802711e-82 1.023065308e-126 9.678007064e-157 0 0 0 0 0 0 0 0 0 0 0 
0 0 0 0 0 0 0 0 0 0 0 9.795061092e-152 1.989534668e-119 1.965471133e-89 1.408600754e-53 2.277090483e-40 4.590594705e-12 0.5017275392 179.0542851 40270.13011 85376.36097 229503.8833 442848.3896 569871.8644 862005.306 891766.3986 976214.4321 1004323.402 962643.8716 1093245.893 1008589.128 1033126.017 1065300.528 989371.0352 1035187.154 722408.3212 700567.4673 384788.5272 210689.5767 129073.2637 8992.86068 837.4415842 5.15853809e-05 1.089819472e-13 5.613615864e-36 1.629774636e-66 5.497025788e-81 6.556914139e-129 1.950462887e-161 0 0 0 0 0 0 0 0 0 0 0 
0 0 0 0 0 0 0 0 0 0 0 2.786660508e-159 1.736498315e-113 4.443175711e-90 2.297987073e-58 1.425248218e-37 2.985993837e-15 0.1381067529 397.3590696 40308.29668 73300.57288 248055.2287 454907.7947 563844.9906 859179.4808 853309.0026 985808.8909 1014237.634 1083405.81 1046373.918 993034.5642 1006357.952 1103396.922 996053.8719 1008051.39 691359.0118 677498.2262 376091.4238 229074.9823 119670.6192 10389.64979 1613.075612 0.1406141742 3.430420829e-13 3.325258156e-38 5.498931143e-73 2.937414636e-80 6.630508527e-129 1.440512309e-161 0 0 0 0 0 0 0 0 0 0 0 
0 0 0 0 0 0 0 0 0 0 0 2.280121272e-157 3.412011426e-114 5.954017721e-95 1.657361699e-54 5.161147298e-38 1.612322631e-10 0.07343180172 240.6222473 40187.45871 77028.87482 225232.7102 420173.5615 531822.2231 820375.9094 829737.1202 960662.2524 962469.5864 934035.677 959496.3963 974698.222 959390.7425 917750.6396 897636.4005 867132.1398 701311.4956 609342.9036 358237.4068 196438.1271 125829.8669 14494.93051 1288.245726 0.0007613353791 1.2323861e-11 1.372111103e-32 1.564683621e-73 2.592777116e-81 2.464680681e-126 0 0 0 0 0 0 0 0 0 0 0 0 
0 0 0 0 0 0 0 0 0 0 0 1.455849804e-154 4.069880664e-110 1.507001934e-93 4.826730652e-54 7.848784414e-38 3.887840551e-18 0.06835894539 53.02877699 39873.42349 77577.17601 206879.5198 376070.235 475717.8131 739633.298 743248.6145 787380.2232 848700.4441 853895.6643 840131.957 856957.1673 839139.2809 799429.0527 772082.7725 816061.5053 642353.5525 572475.9577 302397.0198 183354.3472 93644.17502 10646.59138 1983.837455 4.519763589e-05 7.774490997e-13 2.448400599e-35 4.522218216e-73 2.362793664e-80 1.317191977e-121 0 0 0 0 0 0 0 0 0 0 0 0 
0 0 0 0 0 0 0 0 0 0 0 3.699734172e-152 5.427613722e-118 1.304283936e-97 1.897872194e-61 3.271916833e-37 1.782935764e-14 0.02108452841 103.7425008 28749.13137 65207.10438 178895.4138 332726.3628 384773.2104 607172.4002 602274.913 678164.8708 656297.9057 692725.6913 701916.4504 690522.8114 667455.0605 679460.2153 677228.37 648165.9175 523513.5185 463897.0358 251492.8531 172781.0342 94956.12804 10006.32088 783.7539542 0.00328570332 3.18891145e-15 7.420788104e-34 4.435105788e-75 1.331684642e-81 1.099543599e-121 2.774546836e-157 0 0 0 0 0 0 0 0 0 0 0 
0 0 0 0 0 0 0 0 0 0 0 2.737142266e-157 1.510171839e-111 1.086710441e-92 6.679595787e-57 8.700501709e-42 4.276417713e-13 0.00751761569 309.2666898 29800.74804 60339.98303 163978.0967 264592.8457 317109.9762 412416.6947 454566.9252 454114.185 471111.4224 458629.841 459400.595 475684.9107 451156.3483 460461.6226 441894.3562 455574.7312 387787.6107 371581.123 203022.9204 129872.6701 71486.98643 7766.82416 877.3454036 0.02863209036 1.462732959e-14 1.923021079e-32 4.403293094e-69 6.405763649e-83 4.207514466e-124 8.361237282e-161 0 0 0 0 0 0 0 0 0 0 0 
0 0 0 0 0 0 0 0 0 0 0 3.231141894e-148 5.105142539e-120 1.405963678e-86 1.519617673e-55 1.607387081e-37 1.80282444e-16 0.01644879015 350.9312383 19664.10872 40650.29137 103313.1287 171500.2742 207347.2961 241086.9348 257877.2185 281711.2783 285122.6507 260413.9523 278128.4869 272889.8503 289335.0948 270900.7965 265648.1819 266686.7215 243326.233 244315.9217 151540.9118 107297.1687 52042.42685 6501.089379 2116.214485 0.001757672611 1.189645762e-12 9.28860331e-33 3.030841242e-74 3.990063774e-79 4.950050764e-130 0 0 0 0 0 0 0 0 0 0 0 0 
0 0 0 0 0 0 0 0 0 0 0 3.16861654e-147 1.892872047e-120 2.99216057e-88 2.296308581e-58 1.344487905e-39 2.940787216e-15 0.0004568943781 122.0551861 11794.62435 27572.55282 49873.3107 83389.57083 97339.57781 131645.1087 121638.7753 124340.1451 114746.4777 125571.77 121874.9165 128120.6884 122234.9125 123131.1232 117777.4171 122271.2732 108199.8931 99668.36493 72635.47669 54280.45967 32763.89939 4467.014509 1159.309588 0.000795046702 1.450375658e-17 2.907631651e-34 1.793405735e-75 2.270162726e-79 6.729522891e-122 1.03848353e-157 0 0 1.841154675e-269 0 0 0 0 0 0 0 0 
0 0 0 0 0 0 0 0 0 0 0 0 5.178609253e-113 4.885180892e-98 2.559981459e-68 3.282594606e-38 1.423709691e-12 0.01253176671 30.74388998 3379.700408 6066.767467 9857.840464 15430.65426 12212.68965 18328.16505 18795.89397 23186.85955 21703.08887 25571.35715 22313.52006 22637.44342 28797.08917 20685.32891 23063.2559 19664.70601 16654.08267 21877.62591 15042.27894 7615.099254 6701.206426 1437.373271 451.5448393 0.00189757475 5.920975299e-16 5.100162671e-32 1.413582467e-70 5.000443398e-82 4.03369344e-127 6.241481238e-160 0 0 0 0 0 0 0 0 0 0 0 
0 0 0 0 0 0 0 0 0 0 0 2.650163503e-156 4.503163581e-121 4.447692688e-98 1.885007789e-57 1.004384584e-44 3.90665606e-19 3.313919137e-07 0.02184278035 22.65038312 54.55507919 68.26855499 64.4610823 57.81846045 181.0630437 49.95470779 58.48390652 104.6216748 93.95469183 141.1726059 81.08402079 96.40645717 88.39113948 59.30809689 202.3550919 46.70254323 59.77569831 39.62665714 78.43581342 23.81164681 11.4727956 0.02333939382 3.480368737e-09 3.577406854e-19 1.220649758e-43 2.548218756e-72 3.735746056e-88 5.792688411e-131 0 0 0 0 0 0 0 0 0 0 0 0 
0 0 0 0 0 0 0 0 0 0 0 0 3.152321107e-135 8.045665986e-107 9.491809594e-67 1.06281549e-52 1.705126802e-31 7.689379639e-13 3.241890694e-09 1.045363555e-05 3.24156806e-05 2.118156677e-05 0.0008357984596 0.0001370451272 0.0002520285715 1.610521512e-06 0.0003492706211 0.0003229412015 0.0002141703222 6.959690826e-05 0.0002863859382 0.0006565061612 0.001079127175 0.0001116474457 0.0001483835294 0.0001254617383 0.0004910029256 3.115559621e-05 0.0001418330987 0.0004355618588 1.074031144e-05 4.060985126e-09 7.751975353e-12 5.109422917e-23 3.377827953e-36 2.077857294e-77 1.175270821e-94 3.932515554e-137 0 0 0 0 0 0 0 0 0 0 0 0 
0 0 0 0 0 0 0 0 0 0 0 0 9.109048243e-134 5.988309218e-120 5.528602934e-80 1.602135668e-59 4.363116856e-37 5.809826551e-23 6.444240036e-17 3.140522373e-14 3.62565956e-15 1.682609376e-13 1.09888414e-14 2.942394437e-13 7.625867207e-13 3.997976688e-13 6.041177126e-15 8.077893198e-14 2.544235304e-13 2.42745143e-14 1.496236837e-13 7.831121849e-13 2.830914995e-14 5.848958605e-13 4.637769754e-14 3.312119025e-14 1.862887436e-13 1.206332629e-14 7.455674235e-14 1.018413769e-14 8.229413852e-14 5.720912677e-16 3.060895815e-24 4.163935052e-35 2.908151383e-63 1.212614382e-90 2.837019015e-102 5.953908998e-150 0 0 0 0 0 0 0 0 0 0 0 0 
0 0 0 0 0 0 0 0 0 0 0 0 7.457662305e-149 1.956393313e-129 4.149412369e-94 1.243187698e-70 3.836461878e-50 2.780640739e-30 7.649504005e-32 8.620531535e-24 9.392722043e-23 1.305374109e-22 1.450489476e-25 1.835615185e-23 2.84139496e-21 2.41204279e-21 2.425760029e-24 5.611113685e-23 1.377799894e-21 5.937194238e-22 1.226552979e-21 6.371310799e-25 1.319322148e-22 1.030647743e-22 2.489391595e-22 5.626703258e-23 2.718958224e-23 1.612149921e-24 9.092448371e-23 1.767190755e-22 4.532205886e-26 2.480982202e-26 5.220852057e-33 7.220325047e-48 1.670799427e-73 1.762383312e-104 2.984360045e-114 2.65803287e-161 0 0 0 0 0 0 0 0 0 0 0 0 
0 0 0 0 0 0 0 0 0 0 0 0 0 3.745516693e-141 1.754163532e-90 1.321611736e-79 3.637617853e-50 1.223212204e-40 7.984729257e-40 1.127311549e-35 2.862106076e-34 1.107968455e-33 7.138426278e-35 9.276309418e-34 4.298073384e-34 5.266734968e-34 7.357189901e-36 2.294291028e-34 6.565934121e-34 6.465552432e-37 3.01682446e-35 7.324775283e-34 2.518300182e-34 1.860829162e-36 4.678309851e-34 2.146624592e-34 3.381248515e-36 7.934478589e-35 8.582197477e-35 1.054767849e-34 4.625936631e-36 1.857010584e-35 3.008034909e-50 1.586891701e-60 2.247374762e-80 1.21764954e-117 1.200731519e-126 0 0 0 0 0 0 0 0 0 0 0 0 0 
0 0 0 0 0 0 0 0 0 0 0 0 0 1.176732602e-150 4.091556939e-116 4.954514091e-93 2.594826369e-71 7.153535403e-57 1.622166684e-54 1.270393612e-51 1.335299579e-51 1.882220734e-48 1.755481879e-44 2.38353001e-43 2.547276513e-50 6.013727973e-49 2.836007507e-49 2.015601219e-48 4.557724075e-49 6.452876658e-50 8.470133494e-48 6.734301354e-49 5.251300201e-50 7.607556035e-49 1.299902011e-44 1.389644166e-48 1.040350001e-50 1.647321546e-50 5.922376561e-51 9.93329675e-50 7.849682672e-52 1.851851618e-50 5.799420204e-61 3.076419533e-67 9.090127128e-95 2.73383818e-126 5.572475493e-136 0 0 0 0 0 0 0 0 0 0 0 0 0 
0 0 0 0 0 0 0 0 0 0 0 0 0 0 2.718191205e-143 3.599555016e-110 1.248358496e-84 5.438328755e-68 8.578485944e-71 4.127068698e-61 7.993193125e-59 1.372723021e-60 1.863155647e-59 2.650502564e-59 7.924731453e-60 8.324679904e-59 6.752663242e-61 1.083087685e-59 6.429309791e-61 8.126547274e-59 5.125418724e-60 1.740461742e-59 1.595745016e-61 1.403435737e-60 3.443464839e-61 8.855357303e-59 5.033758467e-59 1.329734721e-63 1.218958376e-58 2.466345724e-60 9.471140022e-60 9.814863448e-62 7.444926712e-76 3.656650976e-83 5.226122268e-97 1.505285399e-141 4.324225373e-153 0 0 0 0 0 0 0 0 0 0 0 0 0 
0 0 0 0 0 0 0 0 0 0 0 0 0 0 6.115823524e-136 5.163626928e-128 4.085494954e-102 5.766129601e-86 1.995913261e-79 3.560775438e-77 3.331996536e-77 7.60025055e-79 8.999942565e-76 9.049373998e-76 1.986119781e-77 6.537746169e-78 2.494674265e-76 4.072538075e-78 4.470313102e-78 7.753517344e-77 9.300227855e-78 2.101697943e-76 4.018332167e-75 1.134130065e-75 1.549085023e-76 2.597953568e-78 1.015429027e-76 4.475992253e-79 2.913145009e-76 5.779606864e-78 1.234796839e-77 8.834406926e-85 3.949710504e-93 1.02005591e-96 4.140865064e-114 1.088924952e-161 0 0 0 0 0 0 0 0 0 0 0 0 0 0 
0 0 0 0 0 0 0 0 0 0 0 0 0 0 5.298890895e-160 3.872015033e-143 1.714712496e-118 4.958294232e-101 4.747369075e-100 2.477025787e-92 4.945433448e-96 2.270550713e-95 9.604274431e-91 1.101386524e-92 1.638475537e-95 1.94703025e-96 3.485914011e-96 5.024663439e-97 1.270330871e-95 4.064140636e-89 1.642641365e-88 8.46068312e-100 5.608504325e-97 1.846845522e-96 9.081116398e-90 2.437348656e-87 4.725510736e-96 8.119188209e-98 2.473941833e-88 4.514043666e-98 3.776164462e-96 3.139241244e-94 6.350884196e-115 1.630231372e-122 9.642565353e-140 0 0 0 0 0 0 0 0 0 0 0 0 0 0 0 
0 0 0 0 0 0 0 0 0 0 1.07628252e-313 0 9.297053465e-237 0 0 9.847290888e-159 0 2.777581597e-118 9.897318161e-124 8.872662915e-108 1.637759967e-119 1.144952052e-110 1.009788871e-107 1.179660849e-119 6.278324561e-111 1.25536785e-107 1.416081404e-106 4.533057262e-111 1.492438556e-109 1.018385325e-107 4.494357396e-111 1.376451113e-108 3.932236016e-119 2.434045504e-110 3.196949382e-109 6.804507863e-109 1.149716733e-109 0 5.54056643e-110 4.965886266e-109 6.843371222e-111 1.384158644e-108 1.692308557e-126 4.166552512e-141 2.325644381e-154 0 0 0 0 4.940656458e-324 0 0 0 0 0 0 0 0 0 0 
0 0 0 0 0 0 0 0 0 0 0 0 0 0 0 0 0 0 0 0 0 0 0 0 0 0 0 0 0 0 0 0 0 0 0 0 0 0 0 0 0 0 0 0 0 0 0 0 0 0 0 0 0 0 0 0 0 0 0 0 
0 0 0 0 0 0 0 0 0 0 0 0 0 0 0 0 0 0 0 0 0 0 0 0 0 0 0 0 0 0 0 0 0 0 0 0 0 0 0 0 0 0 0 0 0 0 0 0 0 0 0 0 0 0 0 0 0 0 0 0 
0 0 0 0 0 0 0 0 0 0 0 0 0 0 0 0 0 0 0 0 0 0 0 0 0 0 0 0 0 0 0 0 0 0 0 0 0 0 0 0 0 0 0 0 0 0 0 0 0 0 0 0 0 0 0 0 0 0 0 0 
0 0 0 0 0 0 0 0 0 0 0 0 0 0 0 0 0 0 0 0 0 0 0 0 0 0 0 0 0 0 0 0 0 0 0 0 0 0 0 0 0 0 0 0 0 0 0 0 0 0 0 0 0 0 0 0 0 0 0 0 
0 0 0 0 0 0 0 0 0 0 0 0 0 0 0 0 0 0 0 0 0 0 0 0 0 0 0 0 0 0 0 0 0 0 0 0 0 0 0 0 0 0 0 0 0 0 0 0 0 0 0 0 0 0 0 0 0 0 0 0 
0 0 0 0 0 0 0 0 0 0 0 0 0 0 0 0 0 0 0 0 0 0 0 0 0 0 0 0 0 0 0 0 0 0 0 0 0 0 0 0 0 0 0 0 0 0 0 0 0 0 0 0 0 0 0 0 0 0 0 0 
0 0 0 0 0 0 0 0 0 0 0 0 0 0 0 0 0 0 0 0 0 0 0 0 0 0 0 0 0 0 0 0 0 0 0 0 0 0 0 0 0 0 0 0 0 0 0 0 0 0 0 0 0 0 0 0 0 0 0 0 
0 0 0 0 0 0 0 0 0 0 0 0 0 0 0 0 0 0 0 0 0 0 0 0 0 0 0 0 0 0 0 0 0 0 0 0 0 0 0 0 0 0 0 0 0 0 0 0 0 0 0 0 0 0 0 0 0 0 0 0 
# Events [DivMonGuideExit/divguide.dat] N:
0 0 0 0 0 0 0 0 0 0 0 0 0 0 0 0 0 0 0 0 0 0 0 0 0 0 0 0 0 0 0 0 0 0 0 0 0 0 0 0 0 0 0 0 0 0 0 0 0 0 0 0 0 0 0 0 0 0 0 0 
0 0 0 0 0 0 0 0 0 0 0 0 0 0 0 0 0 0 0 0 0 0 0 0 0 0 0 0 0 0 0 0 0 0 0 0 0 0 0 0 0 0 0 0 0 0 0 0 0 0 0 0 0 0 0 0 0 0 0 0 
0 0 0 0 0 0 0 0 0 0 0 0 0 0 0 0 0 0 0 0 0 0 0 0 0 0 0 0 0 0 0 0 0 0 0 0 0 0 0 0 0 0 0 0 0 0 0 0 0 0 0 0 0 0 0 0 0 0 0 0 
0 0 0 0 0 0 0 0 0 0 0 0 0 0 0 0 0 0 0 0 0 0 0 0 0 0 0 0 0 0 0 0 0 0 0 0 0 0 0 0 0 0 0 0 0 0 0 0 0 0 0 0 0 0 0 0 0 0 0 0 
0 0 0 0 0 0 0 0 0 0 0 0 0 0 0 0 0 0 0 0 0 0 0 0 0 0 0 0 0 0 0 0 0 0 0 0 0 0 0 0 0 0 0 0 0 0 0 0 0 0 0 0 0 0 0 0 0 0 0 0 
0 0 0 0 0 0 0 0 0 0 0 0 0 0 0 0 0 0 0 0 0 0 0 0 0 0 0 0 0 0 0 0 0 0 0 0 0 0 0 0 0 0 0 0 0 0 0 0 0 0 0 0 0 0 0 0 0 0 0 0 
0 0 0 0 0 0 0 0 0 0 0 0 0 0 0 0 0 0 0 0 0 0 0 0 0 0 0 0 0 0 0 0 0 0 0 0 0 0 0 0 0 0 0 0 0 0 0 0 0 0 0 0 0 0 0 0 0 0 0 0 
0 0 0 0 0 0 0 0 0 0 0 0 0 0 0 0 0 0 0 0 0 0 0 0 0 0 0 0 0 0 0 0 0 0 0 0 0 0 0 0 0 0 0 0 0 0 0 0 0 0 0 0 0 0 0 0 0 0 0 0 
0 0 0 0 0 0 0 0 0 1 0 1 5 1 2 4 1 1 2 3 2 1 4 5 1 1 4 5 3 2 4 4 5 4 4 0 4 4 4 0 1 2 2 4 2 0 2 2 1 1 0 0 0 0 0 0 0 0 0 0 
0 0 0 0 0 0 0 0 0 4 16 15 22 24 29 42 28 21 30 29 39 27 38 27 38 26 28 28 35 30 24 42 30 36 29 27 42 28 32 31 29 29 28 32 26 16 21 29 13 4 9 0 0 0 0 0 0 0 0 0 
0 0 0 0 0 0 0 0 0 8 25 51 56 52 48 66 46 63 57 82 73 82 78 72 98 81 66 88 63 73 67 89 67 72 84 91 78 69 82 64 73 51 44 64 47 33 51 62 33 15 11 0 0 0 0 0 0 0 0 0 
0 0 0 0 0 0 0 0 0 8 31 55 62 76 70 95 80 85 110 110 105 105 118 123 114 95 122 119 115 97 109 109 130 87 116 110 122 132 117 88 100 97 84 106 78 58 75 81 40 17 6 0 0 0 0 0 0 0 0 0 
0 0 0 0 0 0 0 0 0 5 30 57 84 111 101 130 122 115 162 138 143 164 170 145 144 156 173 169 152 151 152 186 164 142 162 150 152 147 152 164 127 124 124 146 112 74 99 82 45 25 9 0 0 0 0 0 0 0 0 0 
0 0 0 0 0 0 0 0 0 12 29 57 88 112 109 171 133 130 191 173 179 181 211 200 178 194 200 193 217 173 196 198 187 196 172 202 215 199 196 200 180 171 138 195 152 110 131 94 51 14 7 0 0 0 0 0 0 0 0 0 
0 0 0 0 0 0 0 0 0 7 41 59 97 112 124 199 157 182 243 213 219 256 264 264 252 213 250 242 234 249 248 272 263 236 270 275 218 221 233 248 206 223 155 229 173 121 135 82 49 18 10 0 0 0 0 0 0 0 0 0 
0 0 0 0 0 0 0 0 0 9 35 48 89 109 139 222 178 202 279 285 259 268 279 290 263 307 319 312 300 282 288 325 336 316 325 308 277 303 298 279 269 253 201 285 160 105 144 77 53 19 14 0 0 0 0 0 0 0 0 0 
0 0 0 0 0 0 0 0 0 6 30 57 92 107 152 210 217 236 303 261 288 325 293 322 309 318 308 329 316 309 318 350 286 326 287 318 283 278 306 271 298 280 236 278 185 117 126 95 58 26 10 0 0 0 0 0 0 0 0 0 
0 0 0 0 0 0 0 0 0 5 32 43 104 126 145 241 182 227 305 291 317 339 318 300 330 307 296 328 341 332 352 348 323 316 306 302 343 315 345 308 278 271 226 315 186 113 134 93 53 18 13 0 0 0 0 0 0 0 0 0 
0 0 0 0 0 0 0 0 0 8 32 47 99 112 143 256 202 208 313 284 308 315 301 350 309 343 360 351 316 330 318 335 328 337 301 347 360 330 311 305 279 290 212 299 168 91 149 96 58 22 13 0 0 0 0 0 0 0 0 0 
0 0 0 0 0 0 0 0 0 7 38 61 108 129 158 251 200 245 307 308 327 327 337 339 325 306 326 323 351 366 322 362 344 377 364 313 311 304 327 305 340 256 227 317 160 113 131 92 55 21 10 1 0 0 0 0 0 0 0 0 
0 0 0 0 0 0 0 0 0 7 36 68 99 141 161 233 211 252 316 322 333 338 319 329 325 337 383 329 358 344 322 377 353 351 317 351 338 302 314 327 279 290 236 297 201 101 144 104 51 16 23 0 0 0 0 0 0 0 0 0 
0 0 0 0 0 0 0 0 0 8 34 61 99 120 162 236 224 232 349 329 316 351 342 354 364 307 344 348 371 375 351 362 345 357 408 326 337 316 327 310 268 278 251 320 200 140 162 93 47 24 12 0 0 0 0 0 0 0 0 0 
0 0 0 0 0 0 0 0 0 5 31 73 93 111 172 244 220 228 356 332 333 315 333 355 325 334 375 369 394 373 376 361 350 353 358 387 369 319 341 357 299 288 236 322 206 119 174 86 56 29 11 1 0 0 0 0 0 0 0 0 
0 0 0 0 0 0 0 0 0 8 35 40 104 135 162 243 224 264 346 310 359 345 389 360 329 352 352 376 375 382 374 345 394 345 371 350 349 354 353 401 314 328 234 320 193 127 183 110 61 22 15 0 0 0 0 0 0 0 0 0 
0 0 0 0 0 0 0 0 0 9 35 65 114 135 174 274 209 282 350 337 348 352 356 361 379 370 368 361 380 399 364 392 383 372 376 355 389 353 346 344 323 341 252 357 241 129 173 106 63 30 19 1 0 0 0 0 0 0 0 0 
0 0 0 0 0 0 0 0 0 9 39 71 103 127 149 279 236 279 337 326 354 349 399 387 341 362 388 377 359 384 375 373 362 381 381 364 364 347 396 374 344 340 254 321 214 121 143 119 56 30 13 0 0 0 0 0 0 0 0 0 
0 0 0 0 0 0 0 0 0 3 39 66 112 122 151 268 235 265 378 332 360 384 417 375 346 373 407 389 361 420 391 386 383 340 348 365 404 353 367 339 325 318 258 339 195 116 175 137 74 16 12 0 0 0 0 0 0 0 0 0 
0 0 0 0 0 0 0 0 0 10 39 59 123 148 161 247 247 272 337 341 397 377 347 365 392 372 361 397 368 401 419 394 390 410 351 361 365 354 351 347 341 341 269 367 221 134 167 127 51 26 12 0 0 0 0 0 0 0 0 0 
0 0 0 0 0 0 0 0 0 7 30 86 107 137 166 262 241 243 365 343 381 379 380 419 387 376 398 374 376 434 423 369 372 364 387 419 384 337 395 359 316 345 274 363 214 130 161 122 68 16 14 0 0 0 0 0 0 0 0 0 
0 0 0 0 0 0 0 0 0 8 37 65 125 145 155 252 238 273 361 347 393 394 363 420 409 374 359 384 359 421 418 356 397 395 408 370 382 391 371 379 336 342 277 358 222 111 137 104 70 17 9 1 0 0 0 0 0 0 0 0 
0 0 0 0 0 0 0 0 0 5 47 58 137 144 189 250 238 274 367 330 370 380 376 394 394 383 401 364 404 383 407 410 400 334 393 380 343 370 371 365 356 309 259 346 247 117 154 110 61 19 10 0 0 0 0 0 0 0 0 0 
0 0 0 0 0 0 0 0 0 8 37 65 114 154 174 298 232 245 323 353 380 359 387 378 383 370 372 375 384 366 392 416 396 421 400 320 371 344 341 361 325 328 283 347 216 119 189 115 41 21 11 0 0 0 0 0 0 0 0 0 
0 0 0 0 0 0 0 0 0 14 44 63 124 150 175 267 233 256 332 362 350 362 381 389 388 390 332 371 370 386 395 424 351 407 350 376 376 377 360 374 356 318 226 300 222 131 163 107 51 34 17 0 0 0 0 0 0 0 0 0 
0 0 0 0 0 0 0 0 0 12 23 59 102 144 166 282 233 280 374 342 376 371 350 403 364 374 347 370 331 402 360 367 410 368 413 372 389 383 345 366 312 346 269 332 204 102 138 122 61 21 19 0 0 0 0 0 0 0 0 0 
0 0 0 0 0 0 0 0 0 8 35 66 104 140 150 260 216 258 389 355 343 387 387 389 381 349 369 373 424 383 360 357 442 391 403 339 366 378 364 355 324 322 264 334 219 131 150 114 64 23 15 0 0 0 0 0 0 0 0 0 
0 0 0 0 0 0 0 0 0 9 27 54 133 145 176 280 243 244 323 364 354 368 342 378 373 375 394 374 360 360 385 370 351 351 346 385 327 356 332 355 322 331 267 326 228 126 144 99 60 30 13 0 0 0 0 0 0 0 0 0 
0 0 0 0 0 0 0 0 0 15 39 62 112 120 166 261 216 286 343 315 333 359 368 369 375 379 343 376 380 348 374 351 335 334 384 396 351 333 345 338 329 314 265 362 180 130 152 107 48 17 16 0 0 0 0 0 0 0 0 0 
0 0 0 0 0 0 0 0 0 10 34 56 109 151 166 277 244 262 295 339 324 348 366 347 368 365 376 350 372 382 376 343 364 377 356 369 343 339 344 348 336 344 256 329 205 125 165 98 45 31 17 0 0 0 0 0 0 0 0 0 
0 0 0 0 0 0 0 0 0 7 37 67 102 151 148 225 241 245 320 317 362 378 355 377 340 381 343 366 335 329 367 324 341 364 364 355 355 310 338 341 305 250 244 318 209 124 159 99 42 13 14 0 0 0 0 0 0 0 0 0 
0 0 0 0 0 0 0 0 0 8 37 52 102 137 148 204 213 260 323 325 307 344 348 355 327 341 358 366 342 324 352 368 339 350 351 378 390 352 353 286 305 289 247 315 210 112 141 89 56 27 10 0 0 0 0 0 0 0 0 0 
0 0 0 0 0 0 0 0 0 11 26 69 103 113 147 240 228 253 311 327 340 314 369 345 352 321 343 342 346 350 365 362 324 340 351 311 320 301 314 304 299 303 210 306 193 105 147 98 52 21 11 1 0 0 0 0 0 0 0 0 
0 0 0 0 0 0 0 0 0 15 29 61 95 125 160 229 222 245 321 306 350 339 346 330 339 346 342 349 334 363 348 378 332 330 335 292 361 326 286 320 311 271 229 337 202 98 125 99 45 13 9 0 0 0 0 0 0 0 0 0 
0 0 0 0 0 0 0 0 0 14 34 71 94 113 128 237 207 258 310 275 274 321 324 300 322 322 356 324 336 310 318 330 338 348 321 331 283 294 338 313 296 292 222 319 197 125 151 101 54 33 13 0 0 0 0 0 0 0 0 0 
0 0 0 0 0 0 0 0 0 8 25 64 84 115 141 210 181 234 304 290 288 293 348 307 326 308 317 330 343 344 329 305 327 312 323 328 358 331 287 300 289 258 189 297 178 112 153 93 61 17 10 0 0 0 0 0 0 0 0 0 
0 0 0 0 0 0 0 0 0 9 27 52 100 123 154 207 188 237 299 247 269 276 328 308 320 309 300 298 291 302 279 292 289 310 295 291 302 258 280 274 243 242 206 298 189 95 129 100 43 18 10 0 0 0 0 0 0 0 0 0 
0 0 0 0 0 0 0 0 0 4 28 51 97 109 148 217 188 183 238 222 239 241 229 229 222 250 264 260 268 254 242 231 246 261 264 236 254 212 211 247 226 201 182 221 162 98 128 94 46 24 10 0 0 0 0 0 0 0 0 0 
0 0 0 0 0 0 0 0 0 9 30 47 92 103 118 158 153 143 188 174 183 200 206 196 162 217 208 168 191 190 213 214 220 223 216 209 223 189 196 192 184 145 122 192 142 82 119 72 41 11 13 0 0 0 0 0 0 0 0 0 
0 0 0 0 0 0 0 0 0 10 28 49 91 108 98 127 98 111 147 157 146 175 150 139 166 137 155 174 153 159 163 148 149 169 178 135 117 142 151 137 138 139 106 143 100 72 106 64 55 17 10 0 0 0 0 0 0 0 0 0 
0 0 0 0 0 0 0 0 0 14 30 42 86 66 66 103 83 62 128 101 100 141 116 105 105 126 117 118 111 97 113 103 115 117 105 109 112 90 108 123 81 96 84 98 66 50 86 73 51 15 13 0 0 0 0 0 0 0 0 0 
0 0 0 0 0 0 0 0 0 5 24 36 46 50 61 54 55 64 93 64 69 73 64 76 64 61 63 82 64 81 68 75 79 72 74 68 70 79 63 89 61 59 55 65 49 34 58 48 40 18 11 0 0 0 0 0 0 0 0 0 
0 0 0 0 0 0 0 0 0 5 16 24 31 21 30 35 22 29 30 37 42 37 33 35 36 37 28 36 30 42 41 32 29 25 46 33 30 37 34 32 38 36 23 29 25 13 33 21 16 10 10 0 0 0 0 0 0 0 0 0 
0 0 0 0 0 0 0 0 0 0 1 0 1 4 4 2 0 6 2 4 2 2 3 1 3 4 5 2 3 4 1 6 2 2 2 2 4 0 6 3 2 4 3 2 1 4 2 5 3 1 2 0 0 0 0 0 0 0 0 0 
0 0 0 0 0 0 0 0 0 0 0 0 0 0 0 0 0 0 0 0 0 0 0 0 0 0 0 0 0 0 0 0 0 0 0 0 0 0 0 0 0 0 0 0 0 0 0 0 0 0 0 0 0 0 0 0 0 0 0 0 
0 0 0 0 0 0 0 0 0 0 0 0 0 0 0 0 0 0 0 0 0 0 0 0 0 0 0 0 0 0 0 0 0 0 0 0 0 0 0 0 0 0 0 0 0 0 0 0 0 0 0 0 0 0 0 0 0 0 0 0 
0 0 0 0 0 0 0 0 0 0 0 0 0 0 0 0 0 0 0 0 0 0 0 0 0 0 0 0 0 0 0 0 0 0 0 0 0 0 0 0 0 0 0 0 0 0 0 0 0 0 0 0 0 0 0 0 0 0 0 0 
0 0 0 0 0 0 0 0 0 0 0 0 0 0 0 0 0 0 0 0 0 0 0 0 0 0 0 0 0 0 0 0 0 0 0 0 0 0 0 0 0 0 0 0 0 0 0 0 0 0 0 0 0 0 0 0 0 0 0 0 
0 0 0 0 0 0 0 0 0 0 0 0 0 0 0 0 0 0 0 0 0 0 0 0 0 0 0 0 0 0 0 0 0 0 0 0 0 0 0 0 0 0 0 0 0 0 0 0 0 0 0 0 0 0 0 0 0 0 0 0 
0 0 0 0 0 0 0 0 0 0 0 0 0 0 0 0 0 0 0 0 0 0 0 0 0 0 0 0 0 0 0 0 0 0 0 0 0 0 0 0 0 0 0 0 0 0 0 0 0 0 0 0 0 0 0 0 0 0 0 0 
0 0 0 0 0 0 0 0 0 0 0 0 0 0 0 0 0 0 0 0 0 0 0 0 0 0 0 0 0 0 0 0 0 0 0 0 0 0 0 0 0 0 0 0 0 0 0 0 0 0 0 0 0 0 0 0 0 0 0 0 
0 0 0 0 0 0 0 0 0 0 0 0 0 0 0 0 0 0 0 0 0 0 0 0 0 0 0 0 0 0 0 0 0 0 0 0 0 0 0 0 0 0 0 0 0 0 0 0 0 0 0 0 0 0 0 0 0 0 0 0 
