# Format: McCode with text headers
# URL: http://www.mccode.org
# Creator: McStas 2.6rc1 - Oct. 12, 2019
# Instrument: PSI_Focus.instr
# Ncount: 1000000
# Trace: no
# Gravitation: no
# Seed: 1570892468
# Directory: PSI_Focus/0
# Param: lambda=3.4
# Param: chopp_ratio=1
# Param: DET=-69.9
# Date: Sat Oct 12 09:41:42 2019 (1570866102)
# type: array_2d(60, 60)
# Source: PSI_Focus (PSI_Focus.instr)
# component: DivMonMono
# position: 0 0 72.42
# title: Divergence monitor
# Ncount: 1000000
# filename: divmono.dat
# statistics: X0=-0.000871798; dX=0.280954; Y0=-0.00178041; dY=0.47512;
# signal: Min=0; Max=2.53347e+06; Mean=74414.4;
# values: 2.67892e+08 853734 312233
# xvar: X
# yvar: Y
# xlabel: X divergence [deg]
# ylabel: Y divergence [deg]
# zvar: I
# zlabel: Signal per bin
# xylimits: -3 3 -3 3
# variables: I I_err N
# Data [DivMonMono/divmono.dat] I:
0 0 0 0 0 0 0 0 0 0 0 0 0 0 0 0 0 0 0 0 0 0 0 0 0 0 0 0 0 0 0 0 0 0 0 0 0 0 0 0 0 0 0 0 0 0 0 0 0 0 0 0 0 0 0 0 0 0 0 0 
0 0 0 0 0 0 0 0 0 0 0 0 0 0 0 0 0 0 0 0 0 0 0 0 0 0 0 0 0 0 0 0 0 0 0 0 0 0 0 0 0 0 0 0 0 0 0 0 0 0 0 0 0 0 0 0 0 0 0 0 
0 0 0 0 0 0 0 0 0 0 0 0 0 0 0 0 0 0 0 0 0 0 0 0 0 0 0 0 0 0 0 0 0 0 0 0 0 0 0 0 0 0 0 0 0 0 0 0 0 0 0 0 0 0 0 0 0 0 0 0 
0 0 0 0 0 0 0 0 0 0 0 0 0 0 0 0 0 0 0 0 0 0 0 0 0 0 0 0 0 0 0 0 0 0 0 0 0 0 0 0 0 0 0 0 0 0 0 0 0 0 0 0 0 0 0 0 0 0 0 0 
0 0 0 0 0 0 0 0 0 0 0 0 0 0 0 0 0 0 0 0 0 0 0 0 0 0 0 0 0 0 0 0 0 0 0 0 0 0 0 0 0 0 0 0 0 0 0 0 0 0 0 0 0 0 0 0 0 0 0 0 
0 0 0 0 0 0 0 0 0 0 0 0 0 0 0 0 0 0 0 0 0 0 0 0 0 0 0 0 0 0 0 0 0 0 0 0 0 0 0 0 0 0 0 0 0 0 0 0 0 0 0 0 0 0 0 0 0 0 0 0 
0 0 0 0 0 0 0 0 0 0 0 0 0 0 0 0 0 0 0 0 0 0 0 0 0 0 0 0 0 0 0 0 0 0 0 0 0 0 0 0 0 0 0 0 0 0 0 0 0 0 0 0 0 0 0 0 0 0 0 0 
0 0 0 0 0 0 0 0 0 0 0 0 0 0 0 0 0 0 0 0 0 0 0 0 0 0 0 0 0 0 0 0 0 0 0 0 0 0 0 0 0 0 0 0 0 0 0 0 0 0 0 0 0 0 0 0 0 0 0 0 
0 0 0 0 0 0 0 0 0 0 0 0 0 0 0 0 0 0 0 0 0 0 0 0 0 0 0 0 0 0 0 0 0 0 0 0 0 0 0 0 0 0 0 0 0 0 0 0 0 0 0 0 0 0 0 0 0 0 0 0 
0 0 0 0 0 0 0 0 0 0 0 0 0 0 0 0 0 0 0 0 0 0 0 0 0 0 0 0 0 0 0 0 0 0 0 0 0 0 0 0 0 0 0 0 0 0 0 0 0 0 0 0 0 0 0 0 0 0 0 0 
0 0 0 0 0 0 0 0 0 0 0 0 0 0 0 0 0 0 0 0 0 0 0 0 0 0 2.18868662e-126 0 0 0 0 5.647940078e-127 3.468082604e-118 0 0 0 0 0 0 0 1.353029376e-226 0 0 0 0 0 0 0 0 0 0 0 0 0 0 0 0 0 0 0 
0 0 0 0 0 0 0 0 0 0 0 0 0 0 0 0 0 1.139197081e-255 5.961186784e-235 6.786128045e-185 1.914976178e-126 6.123718287e-114 1.493109909e-94 1.280028339e-93 2.360206392e-99 9.695383859e-101 3.061791173e-94 1.364864768e-92 3.335423885e-97 5.005401083e-92 1.639977106e-90 5.983761719e-99 5.534832788e-95 1.493067429e-97 3.776339998e-96 1.155996861e-96 1.474271854e-102 3.033165218e-105 1.960942133e-109 5.760787195e-138 1.105451137e-177 7.044903846e-216 1.24192681e-308 0 0 0 0 0 0 0 0 0 0 0 0 0 0 0 0 0 
0 0 0 0 0 0 0 0 0 0 0 0 0 0 0 0 2.161997126e-316 3.74946973e-272 1.293453218e-198 8.269366805e-165 1.258930896e-107 1.948452366e-93 5.95910747e-72 5.612394478e-72 1.270624271e-67 4.307871173e-67 5.468117845e-72 6.023631642e-66 7.830646318e-67 6.265629726e-72 7.138846624e-72 3.993184302e-71 7.98466946e-72 3.525759658e-66 4.060578938e-71 1.570457013e-70 2.644802177e-69 5.322648481e-79 1.999952086e-90 3.215893834e-113 7.403935066e-157 1.140423513e-193 5.414708255e-250 4.993391439e-315 0 0 0 0 0 0 0 0 0 0 0 0 0 0 0 0 
0 0 0 0 0 0 0 0 0 0 0 0 0 0 0 0 2.154562432e-304 1.511075854e-213 1.710149829e-167 2.397086199e-131 1.411885528e-68 1.490483918e-58 2.6006102e-51 1.193897567e-48 8.959906987e-48 1.475429203e-49 7.784941014e-46 4.134180981e-46 1.735034471e-46 1.58646386e-49 7.951742761e-45 4.768402668e-49 1.210375812e-46 7.092627974e-44 1.196314297e-45 2.930982376e-46 2.002293947e-53 3.705783178e-47 1.83093434e-59 6.75273152e-97 3.235792554e-135 3.616292946e-187 9.833501346e-238 4.523354945e-304 0 0 0 0 0 0 0 0 0 0 0 0 0 0 0 0 
0 0 0 0 0 0 0 0 0 0 0 0 0 0 0 0 2.224525602e-306 1.799106011e-208 1.484069265e-147 1.852784416e-109 4.818883342e-50 9.404632138e-40 3.989191555e-31 1.778019742e-31 1.261968655e-27 3.295220418e-27 1.345016895e-26 2.083146397e-28 2.473833909e-29 3.078816394e-27 6.535763073e-26 1.109101532e-30 1.017051874e-25 6.065603423e-27 1.173263935e-26 2.592064614e-26 1.165942035e-30 2.243879919e-32 1.427394846e-33 6.223132714e-69 1.091229935e-98 6.069515102e-142 1.89076615e-230 1.624799886e-288 0 0 0 0 0 0 0 0 0 0 0 0 0 0 0 0 
0 0 0 0 0 0 0 0 0 0 0 0 0 0 0 0 1.261300656e-287 7.451904442e-190 1.791944616e-137 4.873950914e-100 5.147158926e-42 7.395382916e-26 2.814352659e-15 2.117503498e-14 5.58378687e-11 3.69366879e-12 2.389675628e-13 3.413184499e-14 4.325468287e-11 1.413873569e-13 1.500069437e-12 9.142974665e-12 1.794550499e-13 1.349384017e-10 2.973996636e-11 2.028332241e-12 2.015999968e-14 9.340148408e-16 2.122164007e-20 1.061046405e-54 1.215938138e-84 2.869474487e-126 2.056532546e-193 4.259529932e-280 0 0 0 0 0 0 0 0 0 0 0 0 0 0 0 0 
0 0 0 0 0 0 0 0 0 0 0 0 0 0 0 0 1.449638208e-237 5.505206594e-183 1.931188957e-124 2.086097591e-88 6.075921521e-30 3.204464255e-13 0.004897084766 0.001149720104 0.5212681025 0.4673837238 2.274637348 0.8145010983 0.7647627453 0.4104892401 0.973975623 2.204859433 0.173565577 1.236420489 0.07891959602 0.6000928644 0.4699688035 0.09162025153 7.418813914e-14 7.218182239e-41 1.442384014e-65 1.9605106e-116 2.085861841e-186 1.980738075e-230 0 0 0 0 0 0 0 0 0 0 0 0 0 0 0 0 
0 0 0 0 0 0 0 0 0 0 0 0 0 0 0 0 2.905596319e-236 8.444963018e-182 8.541011274e-117 4.835485493e-79 4.950954786e-27 1.099208615e-07 21.34510284 1500.194758 2394.242309 5090.124478 5495.823826 8868.515158 7162.387797 9874.532037 9990.620692 8934.890957 8969.490841 6946.616163 6381.525233 3364.790119 1721.521292 81.74420827 0.0005405051028 4.960201154e-32 1.539028035e-73 2.509958233e-101 9.231737016e-180 1.98407777e-265 0 0 0 0 0 0 0 0 0 0 0 0 0 0 0 0 
0 0 0 0 0 0 0 0 0 0 0 0 0 0 0 0 9.980126046e-321 8.129292214e-162 1.610526202e-122 5.056482413e-72 4.963533425e-25 7.675746625e-05 128.0939104 11254.41029 47673.46295 82023.00925 110223.5394 113323.3123 116019.0542 129723.2816 110414.6134 129925.7682 121593.3813 99418.04953 85715.04317 51964.65975 6704.463754 631.1899347 0.0001207229434 9.36600868e-39 5.978282637e-76 9.557006796e-103 6.324316066e-175 1.471038623e-265 0 0 0 0 0 0 0 0 0 0 0 0 0 0 0 0 
0 0 0 0 0 0 0 0 0 0 0 0 0 0 0 0 1.197734564e-274 1.809821321e-156 5.127049027e-116 1.054676337e-79 1.938397399e-20 4.202844387e-07 121.4543564 22161.93895 78733.12856 222148.7971 312207.8471 315543.6438 314195.1704 310819.0679 350947.6745 335055.1717 356437.6818 289094.0453 221426.5375 101697.6049 13123.1255 1124.650992 2.317158903e-06 1.014281917e-32 1.041060861e-65 5.213476082e-96 1.215389277e-180 5.917798751e-286 0 0 0 0 0 0 0 0 0 0 0 0 0 0 0 0 
0 0 0 0 0 0 0 0 0 0 0 0 0 0 0 0 1.183552033e-229 1.032153118e-160 4.455496952e-114 2.713756132e-78 2.318098419e-20 0.000140385013 485.301731 27229.98715 90566.39547 295601.7984 489568.2608 534654.3187 530667.3151 516725.2833 596626.3985 516730.8471 575132.6469 434734.6322 308048.5224 121234.2534 15917.1523 273.6618411 0.000725167309 1.287691193e-30 1.100573338e-57 8.630613466e-104 7.078853356e-182 2.296656416e-230 0 0 0 0 0 0 0 0 0 0 0 0 0 0 0 0 
0 0 0 0 0 0 0 0 0 0 0 0 0 0 0 0 1.115117558e-230 3.693057136e-166 1.179557499e-122 1.918149309e-76 2.885846073e-32 7.979350779e-09 249.9280397 29672.47295 95831.28432 275828.2508 420716.2594 584933.859 596127.2447 663959.6514 644785.1954 607684.7531 653698.157 480448.628 297899.9294 125724.4344 14544.26268 744.8913108 0.007228077816 3.109199179e-36 2.63641769e-65 1.049523671e-100 3.335707434e-186 6.14484135e-239 0 0 0 0 0 0 0 0 0 0 0 0 0 0 0 0 
0 0 0 0 0 0 0 0 0 0 0 0 0 0 0 0 2.29636824e-262 3.207820038e-174 9.490819999e-119 1.70438351e-77 2.029072721e-25 0.007476140181 394.4395304 31384.48131 96592.30954 330262.8228 546258.5026 449072.8497 620841.5473 641749.4032 569486.7273 655224.9271 513553.1431 422066.8598 323373.0045 127973.0307 14725.46559 800.8051047 0.0003771987396 1.24197442e-32 1.639546004e-74 2.128910783e-103 8.011869985e-188 4.762423295e-231 0 0 0 0 0 0 0 0 0 0 0 0 0 0 0 0 
0 0 0 0 0 0 0 0 0 0 0 0 0 0 0 0 8.123700582e-230 2.709430757e-160 5.258411159e-123 2.140991075e-77 1.630555325e-21 0.0002940099216 643.8463484 53608.86117 138153.6855 415597.0089 668871.5348 698702.8428 746485.3892 765519.8422 751813.7152 716879.2798 674100.5164 616762.4786 405204.8482 184589.5857 24695.30225 1547.266052 0.001610634475 3.762395065e-39 3.765574991e-66 1.199229557e-103 4.754814298e-178 9.581316991e-258 2.969355187e-283 0 0 0 0 0 0 0 0 0 0 0 0 0 0 0 
0 0 0 0 0 0 0 0 0 0 0 0 0 0 0 0 1.996342734e-241 7.518805221e-156 1.627069893e-119 1.206822433e-74 1.984563316e-24 5.69337837e-06 612.1402831 66965.28725 215448.3596 657392.9601 1069402.627 1131028.125 1212652.673 1341551.433 1266372.63 1147644.653 1229595.196 1021070.643 646963.5912 306673.6013 31464.79991 2232.436349 9.819279943e-05 1.07072396e-30 2.584421769e-63 2.370451371e-98 2.407253887e-180 2.05270186e-228 0 0 0 0 0 0 0 0 0 0 0 0 0 0 0 0 
0 0 0 0 0 0 0 0 0 0 0 0 0 0 0 0 1.888831121e-236 3.019043661e-172 3.979969227e-116 1.077406852e-73 4.403423214e-21 2.733014476e-05 683.8411688 73735.02749 248483.4099 939202.1038 1470032.231 1584109.027 1837100.895 1752322.894 1835172.19 1703163.415 1669457.815 1359203.68 909298.4397 360681.7148 37480.82153 2053.079033 0.001761333193 8.709363749e-32 2.009838133e-63 1.20443949e-97 2.327292954e-173 1.661351683e-239 0 0 0 0 0 0 0 0 0 0 0 0 0 0 0 0 
0 0 0 0 0 0 0 0 0 0 0 0 0 0 0 0 1.717031331e-245 1.132591806e-152 2.027513304e-115 1.32348082e-74 2.590864371e-23 5.752122473e-06 936.9657635 92152.16873 290963.841 1060271.03 1659457.202 1889312.039 1959188.106 2119706.875 2091117.823 2178489.168 2048629.12 1656713.866 1058453.919 457741.8397 44518.98633 2279.10121 8.892071942e-05 1.420458976e-35 5.29221732e-64 1.446658608e-95 1.854626839e-177 4.046205443e-236 8.837189059e-282 0 0 0 0 0 0 0 0 0 0 0 0 0 0 0 
0 0 0 0 0 0 0 0 0 0 0 0 0 0 0 0 6.143953359e-234 3.192854047e-167 3.833573532e-118 3.129129101e-71 6.360467391e-23 0.0004692196874 732.3799697 75781.84811 358521.0453 1198012.734 1682374.836 2042504.871 2356819.189 2394734.738 2258848.713 2182320.508 2234079.27 1682956.489 1041228.941 451335.5032 41720.70437 2222.46618 0.001789960432 1.129495267e-32 5.934065239e-62 1.825780559e-101 2.288422024e-180 1.052489914e-231 0 0 0 0 0 0 0 0 0 0 0 0 0 0 0 0 
0 0 0 0 0 0 0 0 0 0 0 0 0 0 0 0 9.127631823e-247 1.491211498e-154 3.330813416e-120 2.00728366e-76 4.991602197e-21 0.000828349842 652.09182 92447.7429 390678.2376 1181062.003 1932575.092 2170194.212 2263946.808 2476096.207 2529878.682 2204101.368 2240197.086 1616696.747 1020278.164 382983.6408 49912.6143 1241.928722 0.0002802497785 2.335825461e-32 2.580986138e-62 7.761807641e-99 5.06817865e-174 2.974067997e-242 0 0 0 0 0 0 0 0 0 0 0 0 0 0 0 0 
0 0 0 0 0 0 0 0 0 0 0 0 0 0 0 0 7.18858915e-249 1.364189596e-154 7.259909724e-122 1.662185832e-73 2.353626875e-20 2.745734836e-05 546.0604703 102835.4794 341116.3621 1171984.976 1899308.29 2070223.74 2237785.655 2533471.068 2512408.001 2215959.035 2350189.891 1707093.544 1142643.221 460704.8109 47223.23024 3022.142796 0.0005106480206 1.514416806e-33 4.346900476e-69 3.715705575e-104 5.584705206e-176 4.280719725e-242 0 0 0 0 0 0 0 0 0 0 0 0 0 0 0 0 
0 0 0 0 0 0 0 0 0 0 0 0 0 0 0 0 4.302862914e-243 6.77472782e-162 2.477013815e-130 4.166187641e-79 8.05413135e-22 8.482967664e-06 665.1144673 102012.0137 331795.5428 1137223.812 1857437.461 2084693.236 2467942.187 2319095.941 2393455.869 2407430.172 2287063.481 1761473.836 1034552.91 474343.8494 49161.03312 4477.378114 0.0005431510576 2.214288911e-30 2.583633568e-61 1.355054466e-106 1.290260865e-177 8.072259812e-233 0 0 0 0 0 0 0 0 0 0 0 0 0 0 0 0 
0 0 0 0 0 0 0 0 0 0 0 0 0 0 0 0 9.565663928e-253 8.962711312e-159 5.337123009e-114 8.743244149e-72 1.534187722e-22 0.001003291788 947.481782 93165.23021 370687.3126 1273076.041 1901153.918 1853525.432 2221000.916 2393513.528 2446748.04 2279041.472 2295902.109 1636715.356 964058.7402 442791.138 40610.27504 3167.860512 0.0004011880992 8.522648271e-37 3.948487049e-61 1.457238881e-111 4.287565906e-177 1.691799817e-224 0 0 0 0 0 0 0 0 0 0 0 0 0 0 0 0 
0 0 0 0 0 0 0 0 0 0 0 0 0 0 0 0 2.806349302e-232 4.162750094e-160 1.040341325e-118 3.415248565e-70 1.016945738e-20 2.303027073e-06 867.2356932 88738.5888 360537.4555 1136403.373 1816531.565 1981553.403 2182197.12 2401772.654 2133098.748 2411910.197 2258848.009 1744481.712 1039284.816 442901.7604 49369.07367 2655.050639 0.004750949884 1.881732387e-32 1.087000602e-71 4.436602324e-96 1.357306766e-175 1.211693515e-245 0 0 0 0 0 0 0 0 0 0 0 0 0 0 0 0 
0 0 0 0 0 0 0 0 0 0 0 0 0 0 0 0 3.168895417e-238 8.289774024e-167 3.993360977e-120 4.11072e-69 9.08754554e-23 4.767606206e-05 608.9525471 89923.53622 310471.0159 1075868.037 1695770.309 2072208.585 2089633.777 1995061.536 2275774.098 1993211.269 1922945.337 1787095.358 1000242.982 424088.8572 44319.66781 2219.563517 0.004227163117 2.505434933e-30 1.015756626e-59 4.294045781e-107 5.419306109e-187 3.65036863e-232 0 0 0 0 0 0 0 0 0 0 0 0 0 0 0 0 
0 0 0 0 0 0 0 0 0 0 0 0 0 0 0 0 6.98522543e-245 3.047661544e-163 2.23594142e-114 1.606881359e-81 1.560314058e-21 7.639852147e-07 548.2369763 78941.35412 305114.9136 847661.8562 1511312.644 1604526.121 1753037.177 1836278.659 1723574.691 1681348.668 1645484.382 1438307.155 764824.5244 344766.8294 36509.35029 2299.581234 0.007090803311 2.831118192e-32 1.078269431e-58 1.771794506e-97 7.407500129e-179 3.261350718e-236 0 0 0 0 0 0 0 0 0 0 0 0 0 0 0 0 
0 0 0 0 0 0 0 0 0 0 0 0 0 0 0 0 7.473140936e-234 3.551318607e-166 7.815421735e-119 2.830991054e-77 4.849648324e-25 0.001628278739 749.1994039 63946.56861 224736.7324 648517.1523 1007692.139 1136447.828 1120362.776 1276522.28 1207118.395 1239576.613 1128196.927 994515.1532 658937.0224 303820.1878 36511.20364 2314.375138 0.0001466443193 2.244997295e-33 6.055013465e-64 8.955478565e-96 4.726222344e-180 5.71705292e-236 0 0 0 0 0 0 0 0 0 0 0 0 0 0 0 0 
0 0 0 0 0 0 0 0 0 0 0 0 0 0 0 0 8.402095074e-253 6.95866625e-159 1.1841992e-121 3.010308994e-76 1.561998611e-20 0.001600561513 430.5135022 40043.05923 147117.8473 411335.9843 653534.7042 700197.7424 741587.7645 865030.9899 716717.6268 800523.3488 766614.4709 579699.2027 419622.9035 190978.3137 25490.39854 1647.12457 0.0001557600938 3.258077462e-33 1.979456724e-62 1.108659464e-123 1.398371643e-176 1.480892405e-241 0 0 0 0 0 0 0 0 0 0 0 0 0 0 0 0 
0 0 0 0 0 0 0 0 0 0 0 0 0 0 0 0 3.425696604e-224 9.716970562e-157 1.590886628e-117 2.783360931e-71 3.311501892e-24 2.037245917e-06 224.8477531 24045.49938 102100.4768 332677.2374 466563.2462 563535.1732 540685.0646 637232.6979 542185.8501 605110.0822 473423.6792 444864.2887 279816.3701 146860.0247 11238.78309 838.8950076 6.161316909e-05 9.313107704e-36 3.085020228e-60 3.08693818e-102 6.185301578e-181 2.743819045e-235 0 0 0 0 0 0 0 0 0 0 0 0 0 0 0 0 
0 0 0 0 0 0 0 0 0 0 0 0 0 0 0 0 9.04018565e-224 1.287637458e-164 1.206296193e-119 9.806278519e-79 1.381845946e-22 2.230829411e-09 202.5512874 23187.35684 80506.25069 326051.6302 531182.4818 581351.1405 687780.973 633011.8734 656226.3776 592721.9588 599014.3329 408883.6083 304863.4749 115717.9705 12063.79792 657.2117536 0.0004486530223 1.891551468e-32 3.728082576e-63 3.386856876e-103 8.011765819e-181 1.051590637e-237 0 0 0 0 0 0 0 0 0 0 0 0 0 0 0 0 
0 0 0 0 0 0 0 0 0 0 0 0 0 0 0 0 6.801090521e-262 5.477045613e-168 9.479701494e-124 2.410296211e-77 4.433163754e-24 2.331582793e-08 298.6179682 33533.75437 92111.87704 303060.669 376241.0682 476802.3728 632459.6231 603920.6683 550956.1471 577888.8795 544393.9149 381761.6604 259663.6205 113993.2495 12751.13258 856.6527494 2.898122761e-05 7.532786716e-34 5.59078482e-60 1.180316378e-117 1.270389843e-176 2.064800735e-259 0 0 0 0 0 0 0 0 0 0 0 0 0 0 0 0 
0 0 0 0 0 0 0 0 0 0 0 0 0 0 0 0 5.64083243e-236 2.686992158e-165 2.998062632e-118 5.618862615e-79 3.676268956e-22 1.267597107e-05 86.79712637 24594.61728 79839.91282 213239.0327 283080.7094 340349.5545 324977.2952 335662.2165 353479.2959 311522.9628 308272.1704 268752.613 181753.2852 94140.48689 6521.188306 1147.210624 5.36954468e-06 4.572332313e-33 1.828457725e-62 1.790096282e-99 2.212130318e-182 1.189624036e-238 0 0 0 0 0 0 0 0 0 0 0 0 0 0 0 0 
0 0 0 0 0 0 0 0 0 0 0 0 0 0 0 0 5.716466642e-297 7.654815388e-167 1.240619204e-133 5.830715125e-79 5.297495135e-27 2.883397378e-07 34.58748593 12188.52815 41272.2052 59041.18982 101182.0654 129238.1158 107079.8167 118793.7338 120822.4154 119581.9417 122600.4191 108236.0479 73390.64767 39496.18049 5347.164962 754.5459011 0.006506907174 9.432388304e-31 4.453463603e-71 2.86002879e-108 1.11646265e-179 1.18873028e-278 0 0 0 0 0 0 0 0 0 0 0 0 0 0 0 0 
0 0 0 0 0 0 0 0 0 0 0 0 0 0 0 0 1.305904369e-253 1.262403656e-183 2.176735116e-117 4.850501943e-85 5.792187087e-30 8.614157138e-05 33.94465714 1001.256162 2049.062617 5014.932815 6508.440414 8149.338955 6215.729407 9041.150414 6928.587732 10613.42089 8649.213922 6028.125438 5612.00015 2985.898019 1034.427177 97.1715071 1.370241688e-05 2.614961102e-35 3.046498827e-72 1.10061114e-111 6.589256777e-181 2.944059681e-238 0 0 0 0 0 0 0 0 0 0 0 0 0 0 0 0 
0 0 0 0 0 0 0 0 0 0 0 0 0 0 0 0 1.270727242e-268 2.673838411e-175 9.903547608e-123 1.337328955e-82 5.457071832e-37 1.146302427e-18 0.0001326900943 0.02851939798 0.416941638 0.4299773855 0.1341815849 0.8113654865 2.946963738 0.2343239256 1.087530794 0.5047969003 0.5385418871 0.1664820832 0.05903705691 0.01804692873 0.05453974234 0.1665531649 4.574160896e-11 4.56057456e-46 2.32824769e-78 7.725798931e-124 1.666650206e-189 1.433004585e-249 0 0 0 0 0 0 0 0 0 0 0 0 0 0 0 0 
0 0 0 0 0 0 0 0 0 0 0 0 0 0 0 0 8.337459073e-281 3.390050283e-194 6.813796705e-158 1.571028419e-105 2.129448918e-41 2.521302977e-24 3.004877083e-16 9.196034124e-12 3.699663732e-12 2.252321886e-12 1.280752037e-11 4.903597258e-13 4.828224343e-13 2.338082781e-10 1.918111613e-12 1.741264703e-11 6.775793766e-13 4.650596229e-14 9.890602103e-11 3.818816141e-12 7.894613222e-12 6.555128215e-17 6.719221374e-21 3.564312334e-54 7.711086571e-89 4.593008606e-133 5.660921094e-195 4.069086646e-253 0 0 0 0 0 0 0 0 0 0 0 0 0 0 0 0 
0 0 0 0 0 0 0 0 0 0 0 0 0 0 0 0 2.756477367e-276 9.507197448e-221 8.462075135e-168 1.003983503e-111 5.800865595e-60 1.508808787e-45 1.986176288e-33 8.207509537e-26 2.361189065e-26 1.239973083e-28 1.141894494e-25 5.284701505e-28 3.471574629e-26 3.100622726e-30 1.041680536e-25 2.340003294e-26 3.129482815e-27 1.284615436e-29 9.749289342e-28 5.831268828e-26 3.836961785e-28 1.919981718e-34 6.567046772e-43 2.926908744e-74 7.810538864e-100 1.104017962e-145 1.651254485e-223 9.961538547e-289 0 0 0 0 0 0 0 0 0 0 0 0 0 0 0 0 
0 0 0 0 0 0 0 0 0 0 0 0 0 0 0 0 0 1.664076618e-246 8.079305208e-178 9.49816378e-140 9.599810284e-88 1.135746397e-57 9.560860738e-52 3.584106658e-49 1.397657555e-47 3.561098651e-45 8.469275059e-46 8.299800242e-44 8.532259377e-45 1.552432172e-46 4.904048623e-46 6.171576842e-46 1.273336228e-45 2.977947367e-50 5.089961099e-46 1.92408534e-49 4.452448734e-45 1.838844492e-47 1.140121139e-56 1.122142899e-99 9.195238202e-134 2.29543291e-168 5.780346644e-240 4.50682885e-302 0 0 0 0 0 0 0 0 0 0 0 0 0 0 0 0 
0 0 0 0 0 0 0 0 0 0 0 0 0 0 0 0 3.882561593e-311 4.201987312e-261 2.217189917e-209 1.791098835e-154 1.391053903e-100 1.440837702e-85 1.333316127e-72 2.07625658e-76 7.917255696e-74 4.272797087e-71 1.442462539e-66 1.099946439e-73 3.024793801e-73 2.822192056e-77 3.7229314e-72 5.839663408e-69 5.774946655e-67 1.482567448e-68 1.736830326e-70 2.009177021e-67 1.247097097e-68 5.822343623e-70 7.139263892e-88 2.099245786e-127 2.551438525e-152 2.412901597e-198 1.121894165e-276 5.968807067e-320 0 0 0 0 0 0 0 0 0 0 0 0 0 0 0 0 
0 0 0 0 0 0 0 0 0 0 0 0 0 0 0 0 0 0 4.19856531e-219 6.612721714e-193 8.352831736e-136 4.609761455e-109 1.307473818e-94 9.486016194e-97 1.986862342e-96 9.468858972e-101 2.551177798e-91 5.554829001e-91 3.018908584e-100 1.978008237e-101 3.241554004e-96 1.393446176e-97 1.289049824e-98 3.53152878e-93 1.803711393e-94 2.081800952e-102 2.237312556e-102 7.050257393e-108 5.535461728e-110 2.324263575e-147 3.691603462e-177 2.32863152e-226 2.754013097e-293 0 0 0 0 0 0 0 0 0 0 0 0 0 0 0 0 0 
0 0 0 0 0 0 0 0 0 0 0 0 0 0 0 0 0 0 0 0 0 0 0 0 0 6.190414448e-126 0 0 1.934791026e-127 1.404573012e-118 0 0 0 0 0 0 7.289386712e-128 0 2.884310949e-135 0 0 0 0 0 0 0 0 0 0 0 0 0 0 0 0 0 0 0 0 0 
0 0 0 0 0 0 0 0 0 0 0 0 0 0 0 0 0 0 0 0 0 0 0 0 0 0 0 0 0 0 0 0 0 0 0 0 0 0 0 0 0 0 0 0 0 0 0 0 0 0 0 0 0 0 0 0 0 0 0 0 
0 0 0 0 0 0 0 0 0 0 0 0 0 0 0 0 0 0 0 0 0 0 0 0 0 0 0 0 0 0 0 0 0 0 0 0 0 0 0 0 0 0 0 0 0 0 0 0 0 0 0 0 0 0 0 0 0 0 0 0 
0 0 0 0 0 0 0 0 0 0 0 0 0 0 0 0 0 0 0 0 0 0 0 0 0 0 0 0 0 0 0 0 0 0 0 0 0 0 0 0 0 0 0 0 0 0 0 0 0 0 0 0 0 0 0 0 0 0 0 0 
0 0 0 0 0 0 0 0 0 0 0 0 0 0 0 0 0 0 0 0 0 0 0 0 0 0 0 0 0 0 0 0 0 0 0 0 0 0 0 0 0 0 0 0 0 0 0 0 0 0 0 0 0 0 0 0 0 0 0 0 
0 0 0 0 0 0 0 0 0 0 0 0 0 0 0 0 0 0 0 0 0 0 0 0 0 0 0 0 0 0 0 0 0 0 0 0 0 0 0 0 0 0 0 0 0 0 0 0 0 0 0 0 0 0 0 0 0 0 0 0 
0 0 0 0 0 0 0 0 0 0 0 0 0 0 0 0 0 0 0 0 0 0 0 0 0 0 0 0 0 0 0 0 0 0 0 0 0 0 0 0 0 0 0 0 0 0 0 0 0 0 0 0 0 0 0 0 0 0 0 0 
0 0 0 0 0 0 0 0 0 0 0 0 0 0 0 0 0 0 0 0 0 0 0 0 0 0 0 0 0 0 0 0 0 0 0 0 0 0 0 0 0 0 0 0 0 0 0 0 0 0 0 0 0 0 0 0 0 0 0 0 
0 0 0 0 0 0 0 0 0 0 0 0 0 0 0 0 0 0 0 0 0 0 0 0 0 0 0 0 0 0 0 0 0 0 0 0 0 0 0 0 0 0 0 0 0 0 0 0 0 0 0 0 0 0 0 0 0 0 0 0 
0 0 0 0 0 0 0 0 0 0 0 0 0 0 0 0 0 0 0 0 0 0 0 0 0 0 0 0 0 0 0 0 0 0 0 0 0 0 0 0 0 0 0 0 0 0 0 0 0 0 0 0 0 0 0 0 0 0 0 0 
0 0 0 0 0 0 0 0 0 0 0 0 0 0 0 0 0 0 0 0 0 0 0 0 0 0 0 0 0 0 0 0 0 0 0 0 0 0 0 0 0 0 0 0 0 0 0 0 0 0 0 0 0 0 0 0 0 0 0 0 
# Errors [DivMonMono/divmono.dat] I_err:
0 0 0 0 0 0 0 0 0 0 0 0 0 0 0 0 0 0 0 0 0 0 0 0 0 0 0 0 0 0 0 0 0 0 0 0 0 0 0 0 0 0 0 0 0 0 0 0 0 0 0 0 0 0 0 0 0 0 0 0 
0 0 0 0 0 0 0 0 0 0 0 0 0 0 0 0 0 0 0 0 0 0 0 0 0 0 0 0 0 0 0 0 0 0 0 0 0 0 0 0 0 0 0 0 0 0 0 0 0 0 0 0 0 0 0 0 0 0 0 0 
0 0 0 0 0 0 0 0 0 0 0 0 0 0 0 0 0 0 0 0 0 0 0 0 0 0 0 0 0 0 0 0 0 0 0 0 0 0 0 0 0 0 0 0 0 0 0 0 0 0 0 0 0 0 0 0 0 0 0 0 
0 0 0 0 0 0 0 0 0 0 0 0 0 0 0 0 0 0 0 0 0 0 0 0 0 0 0 0 0 0 0 0 0 0 0 0 0 0 0 0 0 0 0 0 0 0 0 0 0 0 0 0 0 0 0 0 0 0 0 0 
0 0 0 0 0 0 0 0 0 0 0 0 0 0 0 0 0 0 0 0 0 0 0 0 0 0 0 0 0 0 0 0 0 0 0 0 0 0 0 0 0 0 0 0 0 0 0 0 0 0 0 0 0 0 0 0 0 0 0 0 
0 0 0 0 0 0 0 0 0 0 0 0 0 0 0 0 0 0 0 0 0 0 0 0 0 0 0 0 0 0 0 0 0 0 0 0 0 0 0 0 0 0 0 0 0 0 0 0 0 0 0 0 0 0 0 0 0 0 0 0 
0 0 0 0 0 0 0 0 0 0 0 0 0 0 0 0 0 0 0 0 0 0 0 0 0 0 0 0 0 0 0 0 0 0 0 0 0 0 0 0 0 0 0 0 0 0 0 0 0 0 0 0 0 0 0 0 0 0 0 0 
0 0 0 0 0 0 0 0 0 0 0 0 0 0 0 0 0 0 0 0 0 0 0 0 0 0 0 0 0 0 0 0 0 0 0 0 0 0 0 0 0 0 0 0 0 0 0 0 0 0 0 0 0 0 0 0 0 0 0 0 
0 0 0 0 0 0 0 0 0 0 0 0 0 0 0 0 0 0 0 0 0 0 0 0 0 0 0 0 0 0 0 0 0 0 0 0 0 0 0 0 0 0 0 0 0 0 0 0 0 0 0 0 0 0 0 0 0 0 0 0 
0 0 0 0 0 0 0 0 0 0 0 0 0 0 0 0 0 0 0 0 0 0 0 0 0 0 0 0 0 0 0 0 0 0 0 0 0 0 0 0 0 0 0 0 0 0 0 0 0 0 0 0 0 0 0 0 0 0 0 0 
0 0 0 0 0 0 0 0 0 0 0 0 0 0 0 0 0 0 0 0 0 0 0 0 0 0 2.18868662e-126 0 0 0 0 5.647940078e-127 3.468082604e-118 0 0 0 0 0 0 0 1.353029376e-226 0 0 0 0 0 0 0 0 0 0 0 0 0 0 0 0 0 0 0 
0 0 0 0 0 0 0 0 0 0 0 0 0 0 0 0 0 0 0 0 1.973912264e-126 4.936562731e-114 1.52389871e-94 1.296761446e-93 2.338030576e-99 9.800156069e-101 2.215782759e-94 1.381409187e-92 3.387455269e-97 5.061949008e-92 1.663919645e-90 5.162681427e-99 5.618029321e-95 9.214447743e-98 3.836742308e-96 1.172347882e-96 1.195023848e-102 1.718883104e-105 1.998281756e-109 6.072401407e-138 0 0 1.24192681e-308 0 0 0 0 0 0 0 0 0 0 0 0 0 0 0 0 0 
0 0 0 0 0 0 0 0 0 0 0 0 0 0 0 0 0 0 0 0 1.20244066e-107 1.842313602e-93 5.54986309e-72 5.2061595e-72 1.275499491e-67 4.324311036e-67 3.866520227e-72 6.037774925e-66 7.839778507e-67 6.243820829e-72 7.172827634e-72 4.010739656e-71 7.995234846e-72 3.542333173e-66 3.575912225e-71 1.54357657e-70 2.643724529e-69 4.91127353e-79 1.836991501e-90 3.272815237e-113 7.474017315e-157 0 0 0 0 0 0 0 0 0 0 0 0 0 0 0 0 0 0 0 
0 0 0 0 0 0 0 0 0 0 0 0 0 0 0 0 0 0 0 2.408950831e-131 1.420468498e-68 1.497497999e-58 2.607484089e-51 1.185608013e-48 8.387158967e-48 1.475063839e-49 7.650551485e-46 3.975676203e-46 1.739685537e-46 1.386205816e-49 7.969493654e-45 4.779467815e-49 1.2031939e-46 7.108257408e-44 1.192832842e-45 2.935050898e-46 1.975246119e-53 3.716754271e-47 1.228033339e-59 4.833781442e-97 3.175455759e-135 0 0 0 0 0 0 0 0 0 0 0 0 0 0 0 0 0 0 0 
0 0 0 0 0 0 0 0 0 0 0 0 0 0 0 0 2.224525602e-306 0 1.501632699e-147 1.868413841e-109 4.836697998e-50 9.341711906e-40 3.286089293e-31 1.69159161e-31 8.961508214e-28 3.263217522e-27 1.347547464e-26 2.051219976e-28 1.930590978e-29 3.005859198e-27 6.531777064e-26 7.511629647e-31 1.014058129e-25 6.031734921e-27 1.17365989e-26 2.474286508e-26 8.536550984e-31 2.172013835e-32 1.431535263e-33 6.2515846e-69 1.098028942e-98 6.128362109e-142 0 0 0 0 0 0 0 0 0 0 0 0 0 0 0 0 0 0 
0 0 0 0 0 0 0 0 0 0 0 0 0 0 0 0 1.261300656e-287 0 1.81174571e-137 4.579774322e-100 5.164190307e-42 7.308091689e-26 2.794841951e-15 1.46923959e-14 4.015745503e-11 3.481828909e-12 1.924647602e-13 2.022263861e-14 3.044359393e-11 8.949221698e-14 1.293863829e-12 5.661066299e-12 7.852132257e-14 1.301439038e-10 2.777088355e-11 1.702085091e-12 1.699559952e-14 9.270805446e-16 2.12680387e-20 1.065573095e-54 1.116240485e-84 2.901873664e-126 0 4.259529932e-280 0 0 0 0 0 0 0 0 0 0 0 0 0 0 0 0 
0 0 0 0 0 0 0 0 0 0 0 0 0 0 0 0 0 0 1.950405239e-124 2.101969529e-88 4.354312839e-30 3.211496418e-13 0.004593831532 0.0007847946485 0.3144762534 0.3178059897 1.62997864 0.5877919653 0.4251195543 0.2444814725 0.9325247801 1.698271944 0.07587333978 1.16149965 0.05540737473 0.3869662074 0.2513530505 0.08897019548 5.251404118e-14 7.244529579e-41 1.450464136e-65 1.987553391e-116 0 0 0 0 0 0 0 0 0 0 0 0 0 0 0 0 0 0 
0 0 0 0 0 0 0 0 0 0 0 0 0 0 0 0 0 0 7.750505405e-117 4.878878618e-79 3.535445672e-27 1.085001866e-07 12.18808977 358.9230643 551.62109 1154.434597 1231.439064 1605.863183 1526.449735 1822.061241 1875.299421 1573.924457 1644.521325 1589.90907 1349.443387 734.2999629 389.1978082 33.90703136 0.0005373320464 4.972188455e-32 1.546375852e-73 2.531872453e-101 0 0 0 0 0 0 0 0 0 0 0 0 0 0 0 0 0 0 
0 0 0 0 0 0 0 0 0 0 0 0 0 0 0 0 9.980126046e-321 8.316801694e-162 1.624350715e-122 5.095229972e-72 4.975988936e-25 7.621346436e-05 75.92790482 1700.72596 4991.600291 7843.368847 9922.195256 10406.17556 10656.58811 11379.71532 10417.35743 11393.68282 10764.4415 9340.526556 7974.264533 5103.488101 1042.827253 203.092699 6.368042359e-05 9.371146825e-39 5.942562163e-76 9.629136e-103 0 1.471038623e-265 0 0 0 0 0 0 0 0 0 0 0 0 0 0 0 0 
0 0 0 0 0 0 0 0 0 0 0 0 0 0 0 0 0 1.847141151e-156 5.180180488e-116 1.060392781e-79 1.943573361e-20 4.209953204e-07 55.44636201 3106.629579 7550.570842 15784.73311 21511.56357 21879.41962 22309.85114 22423.68513 23851.96763 22927.60871 23593.82628 20234.8513 15982.5506 8730.059895 1839.348214 365.3617939 1.973154289e-06 6.763814236e-33 1.044853445e-65 5.245959114e-96 0 5.917798751e-286 0 0 0 0 0 0 0 0 0 0 0 0 0 0 0 0 
0 0 0 0 0 0 0 0 0 0 0 0 0 0 0 0 0 1.055283832e-160 4.495102148e-114 2.730253255e-78 2.314030462e-20 0.0001226003961 184.1330369 3727.054137 9097.079867 20949.09778 31512.67567 33843.02928 34659.0762 34581.63173 37091.03294 33945.86928 35660.31546 28949.60324 21992.17235 10862.33311 2313.972535 173.6246845 0.0007203897522 1.278524065e-30 1.093602922e-57 8.708720158e-104 0 0 0 0 0 0 0 0 0 0 0 0 0 0 0 0 0 0 
0 0 0 0 0 0 0 0 0 0 0 0 0 0 0 0 0 0 1.180161574e-122 1.930891099e-76 1.890433998e-32 7.979052393e-09 138.0079601 4386.089407 10280.28296 21954.65381 32330.87949 39717.00805 41598.99793 43767.22069 43024.05222 41538.3321 42715.98752 33316.12442 23590.46597 11834.02676 2478.283825 284.7367536 0.00722591833 2.971057044e-36 2.4961474e-65 1.055853422e-100 0 0 0 0 0 0 0 0 0 0 0 0 0 0 0 0 0 0 
0 0 0 0 0 0 0 0 0 0 0 0 0 0 0 0 0 0 9.578294832e-119 1.547653319e-77 1.727364701e-25 0.007262374352 152.1134226 4514.253337 9964.631095 24220.15984 38152.30378 35887.89057 43528.62737 44379.93454 41595.4099 44653.21336 38674.34286 31702.30168 25127.82314 11817.1782 2380.555267 270.3911232 0.0002699360129 1.244086037e-32 1.629569222e-74 2.143423093e-103 0 0 0 0 0 0 0 0 0 0 0 0 0 0 0 0 0 0 
0 0 0 0 0 0 0 0 0 0 0 0 0 0 0 0 0 2.754158648e-160 3.746788823e-123 2.155001608e-77 1.633584783e-21 0.000289376909 193.9453331 5497.423436 10520.8545 24964.61605 38574.78691 40602.32532 43777.57121 44239.12262 44003.61427 42971.97338 41249.96198 35424.04018 25410.51493 13024.8292 2799.95147 506.7798967 0.001052939489 3.638441952e-39 3.765115958e-66 8.620823661e-104 0 0 2.969355187e-283 0 0 0 0 0 0 0 0 0 0 0 0 0 0 0 
0 0 0 0 0 0 0 0 0 0 0 0 0 0 0 0 0 7.647340931e-156 1.64153302e-119 1.213206987e-74 1.286869867e-24 5.69419125e-06 221.958819 6092.392171 14494.43489 31471.56421 47903.45235 50690.7539 53875.86914 56624.14524 55510.63038 52670.63262 54086.1663 45462.42351 31881.24572 17728.60078 3327.198021 614.7851667 7.210313248e-05 1.072371569e-30 1.660321913e-63 2.386414171e-98 0 0 0 0 0 0 0 0 0 0 0 0 0 0 0 0 0 0 
0 0 0 0 0 0 0 0 0 0 0 0 0 0 0 0 0 0 4.008132026e-116 1.082685984e-73 3.854971834e-21 2.211069502e-05 238.4020008 6889.823353 16479.0231 40375.12314 60256.9591 64545.85285 71633.34834 70394.30717 71953.72549 68310.2776 67613.79687 55811.39085 40655.70222 20151.50308 3808.307997 552.4561642 0.001125043208 8.731725078e-32 2.013871715e-63 1.201529845e-97 0 0 0 0 0 0 0 0 0 0 0 0 0 0 0 0 0 0 
0 0 0 0 0 0 0 0 0 0 0 0 0 0 0 0 0 1.151225051e-152 2.040985279e-115 1.322279836e-74 2.593853123e-23 4.128165474e-06 267.8954004 8075.378901 18935.65695 45301.20709 68348.73892 76250.34568 79730.25484 83494.74777 82275.75842 83697.59212 80195.53126 65859.34447 46879.22037 23981.6797 4464.612165 584.9285956 6.025719688e-05 1.339818375e-35 5.305072407e-64 1.45757693e-95 0 0 8.837189059e-282 0 0 0 0 0 0 0 0 0 0 0 0 0 0 0 
0 0 0 0 0 0 0 0 0 0 0 0 0 0 0 0 0 0 3.865919226e-118 3.148871436e-71 4.586227663e-23 0.000462225128 200.2889628 7339.89797 21040.94042 48946.70624 70384.14952 80447.95763 89830.03593 91772.01395 87982.65766 86159.17961 86466.337 67889.0394 47239.01103 23911.02028 4220.858825 712.2306901 0.0009296397952 8.178299708e-33 5.95373083e-62 1.837140919e-101 0 0 0 0 0 0 0 0 0 0 0 0 0 0 0 0 0 0 
0 0 0 0 0 0 0 0 0 0 0 0 0 0 0 0 0 1.514332435e-154 3.355951954e-120 2.017639522e-76 4.064192136e-21 0.000499565901 191.193006 7946.016397 22022.49408 48860.70129 75590.70298 83340.32288 88122.96277 93743.01365 93973.04016 86849.43584 86908.8988 66461.82729 46847.98397 21922.71396 4909.430081 433.6495477 0.0001802130695 2.341981519e-32 2.503981797e-62 7.807331829e-99 0 0 0 0 0 0 0 0 0 0 0 0 0 0 0 0 0 0 
0 0 0 0 0 0 0 0 0 0 0 0 0 0 0 0 0 1.093766892e-154 7.30636628e-122 1.672867102e-73 2.357739482e-20 2.380452299e-05 158.8098278 8626.705843 20381.01239 48423.94248 75405.71372 81917.81993 87791.28746 94370.09165 93224.93221 87224.57137 89142.0182 68359.94057 50160.63704 24414.07576 4531.584304 788.674863 0.0003858905277 1.407267103e-33 3.23154591e-69 3.709974712e-104 0 0 0 0 0 0 0 0 0 0 0 0 0 0 0 0 0 0 
0 0 0 0 0 0 0 0 0 0 0 0 0 0 0 0 0 6.668276248e-162 2.424677318e-130 3.974220181e-79 7.017589433e-22 6.241965071e-06 196.6419824 8487.804231 20129.89694 47687.93573 74663.02023 82069.69591 92341.88168 90356.06766 90979.1238 90985.78932 87893.96248 69468.2421 47372.44872 24952.34655 4669.862482 1004.749229 0.0004841111002 2.217164919e-30 2.590797714e-61 1.309839778e-106 0 8.072259812e-233 0 0 0 0 0 0 0 0 0 0 0 0 0 0 0 0 
0 0 0 0 0 0 0 0 0 0 0 0 0 0 0 0 0 9.140208035e-159 4.31063205e-114 8.791519278e-72 1.0994663e-22 0.0006506664702 229.2565124 8097.849483 21564.70278 50567.12818 75412.40957 76752.7485 87658.35192 91709.89957 92025.05168 88477.56177 88173.72841 66718.8128 45058.85178 23694.87052 4060.024001 789.7350371 0.0002823781792 6.298362203e-37 3.961607753e-61 1.45890248e-111 0 0 0 0 0 0 0 0 0 0 0 0 0 0 0 0 0 0 
0 0 0 0 0 0 0 0 0 0 0 0 0 0 0 0 0 4.260687037e-160 1.050903437e-118 3.437351205e-70 1.009129261e-20 2.105210959e-06 250.0593199 7899.650242 20757.92668 47459.94963 73766.09032 80153.906 86082.58688 91568.56326 85763.21204 90489.45512 87081.73767 69425.56435 47199.4252 23938.74517 4421.844567 709.2520327 0.004748775723 1.380119917e-32 1.087861908e-71 4.458299938e-96 0 0 0 0 0 0 0 0 0 0 0 0 0 0 0 0 0 0 
0 0 0 0 0 0 0 0 0 0 0 0 0 0 0 0 0 0 3.916875567e-120 4.134828149e-69 6.815510389e-23 4.187818465e-05 182.4123939 7834.750005 19354.38477 45505.04584 68781.26856 79460.63134 82280.11245 80861.20187 86205.26827 80222.57403 78213.19024 68718.78696 45963.09723 23138.93884 4419.017402 695.9708979 0.004055444208 2.510758262e-30 1.010438823e-59 4.116264372e-107 0 0 0 0 0 0 0 0 0 0 0 0 0 0 0 0 0 0 
0 0 0 0 0 0 0 0 0 0 0 0 0 0 0 0 0 0 2.250908689e-114 1.618483522e-81 1.55922734e-21 6.11137983e-07 172.9981836 6984.366742 18204.66757 37980.00861 61195.68626 64909.38941 69625.13315 72074.84343 69929.70236 68385.62872 66809.7578 57503.64039 37312.11456 19619.16156 3661.859525 605.2542501 0.003851468535 2.835944476e-32 1.081472923e-58 1.7833843e-97 0 0 0 0 0 0 0 0 0 0 0 0 0 0 0 0 0 0 
0 0 0 0 0 0 0 0 0 0 0 0 0 0 0 0 0 0 7.625760308e-119 1.964373089e-77 4.265296123e-25 0.001568048084 204.9356114 5992.360071 14650.4696 31433.04351 46220.97088 50043.85418 51978.51458 56387.23676 54181.15989 54966.47583 51560.85212 44950.2278 32385.55368 17249.71584 3787.785238 579.6633036 0.0001190001522 2.071855041e-33 6.064730688e-64 9.013443425e-96 0 0 0 0 0 0 0 0 0 0 0 0 0 0 0 0 0 0 
0 0 0 0 0 0 0 0 0 0 0 0 0 0 0 0 0 5.688949865e-159 1.194541747e-121 3.029536111e-76 1.564078657e-20 0.001508780802 141.8249083 4432.219971 11705.51346 25074.52721 37561.74722 40929.57308 43823.6152 48740.57281 43037.55624 45959.05515 44398.24609 34644.32661 25338.60784 13555.34782 2807.710875 443.5064666 9.975397889e-05 2.815543717e-33 1.967344285e-62 7.250755205e-124 0 0 0 0 0 0 0 0 0 0 0 0 0 0 0 0 0 0 
0 0 0 0 0 0 0 0 0 0 0 0 0 0 0 0 0 9.854267818e-157 1.601525719e-117 2.802822105e-71 3.319121537e-24 1.974962451e-06 82.31196382 3577.220388 10855.02352 24341.21315 35107.01976 40013.13951 40587.20531 44453.215 40404.46351 43283.60936 37205.86289 32848.4478 23130.76075 12645.03607 1852.379904 358.2768606 4.929585662e-05 9.266949175e-36 3.098762034e-60 3.106861039e-102 0 0 0 0 0 0 0 0 0 0 0 0 0 0 0 0 0 0 
0 0 0 0 0 0 0 0 0 0 0 0 0 0 0 0 0 0 1.184973773e-119 9.864472442e-79 1.383240701e-22 2.030095717e-09 120.6112242 3828.538963 9350.633828 24067.18732 36254.54938 39395.32994 44210.30863 42958.71179 43257.28623 41061.78562 40992.55504 30670.83002 23809.7946 11370.72542 2222.852548 362.3981454 0.000366083817 1.897200529e-32 3.742962346e-63 3.411669346e-103 0 0 0 0 0 0 0 0 0 0 0 0 0 0 0 0 0 0 
0 0 0 0 0 0 0 0 0 0 0 0 0 0 0 0 0 0 9.549123861e-124 2.430298982e-77 4.421122798e-24 2.289608011e-08 136.9448916 4342.409618 9568.044236 21066.12869 27603.30081 32196.71367 37909.14313 37471.81745 35496.23849 36334.71989 34793.43163 27148.5007 19965.23321 10532.06134 2098.835475 431.2469572 2.84768923e-05 5.157931224e-34 5.610161869e-60 1.190622735e-117 0 2.064800735e-259 0 0 0 0 0 0 0 0 0 0 0 0 0 0 0 0 
0 0 0 0 0 0 0 0 0 0 0 0 0 0 0 0 0 0 3.010611868e-118 5.657676667e-79 3.685542809e-22 8.98347542e-06 58.74431388 3449.203162 7430.382675 15593.2084 20487.14703 22934.73518 22928.95907 23134.57259 23948.79237 22262.46128 22100.52767 19399.73983 14495.61423 8417.520277 1150.489816 387.4704247 4.868339489e-06 3.557488464e-33 1.834930162e-62 1.802658515e-99 0 0 0 0 0 0 0 0 0 0 0 0 0 0 0 0 0 0 
0 0 0 0 0 0 0 0 0 0 0 0 0 0 0 0 0 0 1.250851454e-133 5.882771681e-79 5.295115909e-27 2.871384503e-07 16.10673304 1839.435555 4441.189465 6417.242229 9749.715518 11083.15674 10154.23941 10810.35092 10921.39339 10934.63949 10876.99268 10090.83487 7601.438655 4502.941148 926.2719434 296.9795879 0.005425493819 9.464488755e-31 3.560434524e-71 2.859289433e-108 0 0 0 0 0 0 0 0 0 0 0 0 0 0 0 0 0 0 
0 0 0 0 0 0 0 0 0 0 0 0 0 0 0 0 0 0 2.198834516e-117 4.89974688e-85 3.970459596e-30 8.632847702e-05 12.64094561 288.7054673 482.3203793 1093.411575 1488.364754 1695.780883 1234.10659 1773.758264 1447.343784 1786.309618 1695.676637 1345.673306 1329.00293 692.1064671 263.2647019 41.78470534 1.259757921e-05 2.613750496e-35 2.665036669e-72 1.109935425e-111 0 0 0 0 0 0 0 0 0 0 0 0 0 0 0 0 0 0 
0 0 0 0 0 0 0 0 0 0 0 0 0 0 0 0 1.270727242e-268 0 1.000409381e-122 1.311716872e-82 4.17831283e-37 9.655375911e-19 8.463889265e-05 0.02511579475 0.305777344 0.2128793691 0.08177281109 0.5633798914 2.154206104 0.1119408926 0.6585665524 0.3169447791 0.2844146986 0.09368414572 0.03524443603 0.01102225522 0.03738729109 0.1667499284 4.583719405e-11 3.338739022e-46 2.340731681e-78 7.81193227e-124 0 0 0 0 0 0 0 0 0 0 0 0 0 0 0 0 0 0 
0 0 0 0 0 0 0 0 0 0 0 0 0 0 0 0 8.337459073e-281 0 6.650664163e-158 1.586355888e-105 2.134249758e-41 2.523472606e-24 2.226640422e-16 8.928414292e-12 3.633027304e-12 2.091643661e-12 1.174598592e-11 3.369799668e-13 4.675566503e-13 2.340447031e-10 1.525584377e-12 1.454876508e-11 6.429415715e-13 2.969295016e-14 9.902516092e-11 3.281073738e-12 6.853207019e-12 4.646102251e-17 6.576453029e-21 2.523707155e-54 7.75428461e-89 4.600459889e-133 0 0 0 0 0 0 0 0 0 0 0 0 0 0 0 0 0 0 
0 0 0 0 0 0 0 0 0 0 0 0 0 0 0 0 0 0 0 9.834894765e-112 5.780556769e-60 1.514038629e-45 1.660006957e-33 7.837541634e-26 1.884944324e-26 1.22735873e-28 1.135776567e-25 5.277127526e-28 3.473853828e-26 3.103613958e-30 1.034861257e-25 2.163415873e-26 2.675482541e-27 1.201650902e-29 9.762346103e-28 5.330879413e-26 3.415169785e-28 1.692662333e-34 5.521611964e-43 2.939433878e-74 7.861756061e-100 1.115513332e-145 0 0 0 0 0 0 0 0 0 0 0 0 0 0 0 0 0 0 
0 0 0 0 0 0 0 0 0 0 0 0 0 0 0 0 0 0 0 9.511086379e-140 9.141489084e-88 1.14063135e-57 5.670551576e-52 3.595415981e-49 1.042922009e-47 3.56760308e-45 8.4901908e-46 8.318309937e-44 8.545338055e-45 1.496635385e-46 3.696743642e-46 6.184386177e-46 1.206278888e-45 1.791868496e-50 4.193045741e-46 1.913578872e-49 4.468186923e-45 1.844580591e-47 1.145126265e-56 1.122570667e-99 8.209434243e-134 0 0 4.50682885e-302 0 0 0 0 0 0 0 0 0 0 0 0 0 0 0 0 
0 0 0 0 0 0 0 0 0 0 0 0 0 0 0 0 0 0 0 1.823965769e-154 1.402932359e-100 1.070427061e-85 1.343083649e-72 2.05351055e-76 7.940444779e-74 4.288072408e-71 1.083268917e-66 1.034368292e-73 3.02802272e-73 2.600948016e-77 3.735295639e-72 5.86006607e-69 5.801515683e-67 1.487775813e-68 1.6898858e-70 2.015273286e-67 1.016589213e-68 5.814637286e-70 7.085486039e-88 2.140792497e-127 2.584789726e-152 0 0 0 0 0 0 0 0 0 0 0 0 0 0 0 0 0 0 0 
0 0 0 0 0 0 0 0 0 0 0 0 0 0 0 0 0 0 0 0 8.353733258e-136 4.701044321e-109 1.328331527e-94 9.615355183e-97 1.786326559e-96 9.570379889e-101 2.587355063e-91 5.636205015e-91 3.050162309e-100 1.691487596e-101 3.285066603e-96 1.381820013e-97 1.309011581e-98 3.584637366e-93 1.805535882e-94 1.831637941e-102 2.24097977e-102 4.756990036e-108 3.839402851e-110 2.141094791e-147 0 0 0 0 0 0 0 0 0 0 0 0 0 0 0 0 0 0 0 0 
0 0 0 0 0 0 0 0 0 0 0 0 0 0 0 0 0 0 0 0 0 0 0 0 0 6.190414448e-126 0 0 1.934791026e-127 1.404573012e-118 0 0 0 0 0 0 7.289386712e-128 0 2.884310949e-135 0 0 0 0 0 0 0 0 0 0 0 0 0 0 0 0 0 0 0 0 0 
0 0 0 0 0 0 0 0 0 0 0 0 0 0 0 0 0 0 0 0 0 0 0 0 0 0 0 0 0 0 0 0 0 0 0 0 0 0 0 0 0 0 0 0 0 0 0 0 0 0 0 0 0 0 0 0 0 0 0 0 
0 0 0 0 0 0 0 0 0 0 0 0 0 0 0 0 0 0 0 0 0 0 0 0 0 0 0 0 0 0 0 0 0 0 0 0 0 0 0 0 0 0 0 0 0 0 0 0 0 0 0 0 0 0 0 0 0 0 0 0 
0 0 0 0 0 0 0 0 0 0 0 0 0 0 0 0 0 0 0 0 0 0 0 0 0 0 0 0 0 0 0 0 0 0 0 0 0 0 0 0 0 0 0 0 0 0 0 0 0 0 0 0 0 0 0 0 0 0 0 0 
0 0 0 0 0 0 0 0 0 0 0 0 0 0 0 0 0 0 0 0 0 0 0 0 0 0 0 0 0 0 0 0 0 0 0 0 0 0 0 0 0 0 0 0 0 0 0 0 0 0 0 0 0 0 0 0 0 0 0 0 
0 0 0 0 0 0 0 0 0 0 0 0 0 0 0 0 0 0 0 0 0 0 0 0 0 0 0 0 0 0 0 0 0 0 0 0 0 0 0 0 0 0 0 0 0 0 0 0 0 0 0 0 0 0 0 0 0 0 0 0 
0 0 0 0 0 0 0 0 0 0 0 0 0 0 0 0 0 0 0 0 0 0 0 0 0 0 0 0 0 0 0 0 0 0 0 0 0 0 0 0 0 0 0 0 0 0 0 0 0 0 0 0 0 0 0 0 0 0 0 0 
0 0 0 0 0 0 0 0 0 0 0 0 0 0 0 0 0 0 0 0 0 0 0 0 0 0 0 0 0 0 0 0 0 0 0 0 0 0 0 0 0 0 0 0 0 0 0 0 0 0 0 0 0 0 0 0 0 0 0 0 
0 0 0 0 0 0 0 0 0 0 0 0 0 0 0 0 0 0 0 0 0 0 0 0 0 0 0 0 0 0 0 0 0 0 0 0 0 0 0 0 0 0 0 0 0 0 0 0 0 0 0 0 0 0 0 0 0 0 0 0 
0 0 0 0 0 0 0 0 0 0 0 0 0 0 0 0 0 0 0 0 0 0 0 0 0 0 0 0 0 0 0 0 0 0 0 0 0 0 0 0 0 0 0 0 0 0 0 0 0 0 0 0 0 0 0 0 0 0 0 0 
0 0 0 0 0 0 0 0 0 0 0 0 0 0 0 0 0 0 0 0 0 0 0 0 0 0 0 0 0 0 0 0 0 0 0 0 0 0 0 0 0 0 0 0 0 0 0 0 0 0 0 0 0 0 0 0 0 0 0 0 
# Events [DivMonMono/divmono.dat] N:
0 0 0 0 0 0 0 0 0 0 0 0 0 0 0 0 0 0 0 0 0 0 0 0 0 0 0 0 0 0 0 0 0 0 0 0 0 0 0 0 0 0 0 0 0 0 0 0 0 0 0 0 0 0 0 0 0 0 0 0 
0 0 0 0 0 0 0 0 0 0 0 0 0 0 0 0 0 0 0 0 0 0 0 0 0 0 0 0 0 0 0 0 0 0 0 0 0 0 0 0 0 0 0 0 0 0 0 0 0 0 0 0 0 0 0 0 0 0 0 0 
0 0 0 0 0 0 0 0 0 0 0 0 0 0 0 0 0 0 0 0 0 0 0 0 0 0 0 0 0 0 0 0 0 0 0 0 0 0 0 0 0 0 0 0 0 0 0 0 0 0 0 0 0 0 0 0 0 0 0 0 
0 0 0 0 0 0 0 0 0 0 0 0 0 0 0 0 0 0 0 0 0 0 0 0 0 0 0 0 0 0 0 0 0 0 0 0 0 0 0 0 0 0 0 0 0 0 0 0 0 0 0 0 0 0 0 0 0 0 0 0 
0 0 0 0 0 0 0 0 0 0 0 0 0 0 0 0 0 0 0 0 0 0 0 0 0 0 0 0 0 0 0 0 0 0 0 0 0 0 0 0 0 0 0 0 0 0 0 0 0 0 0 0 0 0 0 0 0 0 0 0 
0 0 0 0 0 0 0 0 0 0 0 0 0 0 0 0 0 0 0 0 0 0 0 0 0 0 0 0 0 0 0 0 0 0 0 0 0 0 0 0 0 0 0 0 0 0 0 0 0 0 0 0 0 0 0 0 0 0 0 0 
0 0 0 0 0 0 0 0 0 0 0 0 0 0 0 0 0 0 0 0 0 0 0 0 0 0 0 0 0 0 0 0 0 0 0 0 0 0 0 0 0 0 0 0 0 0 0 0 0 0 0 0 0 0 0 0 0 0 0 0 
0 0 0 0 0 0 0 0 0 0 0 0 0 0 0 0 0 0 0 0 0 0 0 0 0 0 0 0 0 0 0 0 0 0 0 0 0 0 0 0 0 0 0 0 0 0 0 0 0 0 0 0 0 0 0 0 0 0 0 0 
0 0 0 0 0 0 0 0 0 0 0 0 0 0 0 0 0 0 0 0 0 0 0 0 0 0 0 0 0 0 0 0 0 0 0 0 0 0 0 0 0 0 0 0 0 0 0 0 0 0 0 0 0 0 0 0 0 0 0 0 
0 0 0 0 0 0 0 0 0 0 0 0 0 0 0 0 0 0 0 0 0 0 0 0 0 0 0 0 0 0 0 0 0 0 0 0 0 0 0 0 0 0 0 0 0 0 0 0 0 0 0 0 0 0 0 0 0 0 0 0 
0 0 0 0 0 0 0 0 0 0 0 0 0 0 0 0 0 0 0 0 0 0 0 0 0 0 1 0 0 0 0 1 1 0 0 0 0 0 0 0 1 0 0 0 0 0 0 0 0 0 0 0 0 0 0 0 0 0 0 0 
0 0 0 0 0 0 0 0 0 0 0 0 0 0 0 0 1 5 9 9 16 18 24 38 46 45 39 41 31 44 34 46 33 45 31 34 38 32 26 9 16 5 1 1 0 0 0 0 0 0 0 0 0 0 0 0 0 0 0 0 
0 0 0 0 0 0 0 0 0 0 0 0 0 0 0 0 3 11 34 16 47 65 53 89 111 129 94 105 122 102 102 113 118 106 96 101 98 85 52 28 42 21 20 2 0 0 0 0 0 0 0 0 0 0 0 0 0 0 0 0 
0 0 0 0 0 0 0 0 0 0 0 0 0 0 0 0 2 14 39 43 82 106 122 158 175 174 191 194 186 190 193 211 208 194 180 188 145 127 96 86 74 27 12 2 0 0 0 0 0 0 0 0 0 0 0 0 0 0 0 0 
0 0 0 0 0 0 0 0 0 0 0 0 0 0 0 0 1 13 42 59 135 159 153 215 254 275 263 300 257 289 293 292 319 283 252 250 226 198 172 108 80 47 9 4 0 0 0 0 0 0 0 0 0 0 0 0 0 0 0 0 
0 0 0 0 0 0 0 0 0 0 0 0 0 0 0 0 1 7 45 61 142 181 182 300 308 354 336 332 354 370 336 341 363 346 340 310 273 240 228 116 97 44 18 1 0 0 0 0 0 0 0 0 0 0 0 0 0 0 0 0 
0 0 0 0 0 0 0 0 0 0 0 0 0 0 0 0 2 19 50 52 144 207 217 315 360 406 366 392 361 374 360 354 393 391 352 341 268 275 213 125 89 36 20 6 0 0 0 0 0 0 0 0 0 0 0 0 0 0 0 0 
0 0 0 0 0 0 0 0 0 0 0 0 0 0 0 0 5 20 49 52 147 198 252 365 357 421 393 377 417 397 391 426 420 380 409 363 304 282 239 126 101 57 22 4 0 0 0 0 0 0 0 0 0 0 0 0 0 0 0 0 
0 0 0 0 0 0 0 0 0 0 0 0 0 0 0 0 1 21 58 65 199 231 260 357 419 445 441 445 438 446 446 447 437 459 452 404 377 310 256 142 134 66 22 1 0 0 0 0 0 0 0 0 0 0 0 0 0 0 0 0 
0 0 0 0 0 0 0 0 0 0 0 0 0 0 0 0 2 24 48 92 187 287 288 405 508 538 482 480 488 507 506 489 546 512 527 479 409 355 282 159 137 80 20 1 0 0 0 0 0 0 0 0 0 0 0 0 0 0 0 0 
0 0 0 0 0 0 0 0 0 0 0 0 0 0 0 0 8 22 56 82 239 347 385 472 555 561 607 574 579 519 601 562 622 547 557 515 449 365 300 174 155 55 27 4 0 0 0 0 0 0 0 0 0 0 0 0 0 0 0 0 
0 0 0 0 0 0 0 0 0 0 0 0 0 0 0 0 3 23 66 75 219 339 356 471 595 577 566 585 573 612 627 584 601 594 578 542 482 426 298 201 134 66 18 4 0 0 0 0 0 0 0 0 0 0 0 0 0 0 0 0 
0 0 0 0 0 0 0 0 0 0 0 0 0 0 0 0 2 19 54 67 209 325 371 450 521 617 612 553 599 627 573 655 571 628 594 516 459 423 318 206 128 73 28 5 0 0 0 0 0 0 0 0 0 0 0 0 0 0 0 0 
0 0 0 0 0 0 0 0 0 0 0 0 0 0 0 0 3 30 64 75 225 305 390 485 554 586 599 625 620 663 622 628 613 611 580 549 505 446 337 207 138 71 32 3 1 0 0 0 0 0 0 0 0 0 0 0 0 0 0 0 
0 0 0 0 0 0 0 0 0 0 0 0 0 0 0 0 3 29 56 77 257 359 367 504 569 582 647 628 642 700 663 594 650 634 628 596 470 456 333 200 148 74 18 7 0 0 0 0 0 0 0 0 0 0 0 0 0 0 0 0 
0 0 0 0 0 0 0 0 0 0 0 0 0 0 0 0 3 23 59 86 251 367 388 521 574 637 642 625 672 634 667 635 626 639 671 571 534 423 349 186 146 80 20 4 0 0 0 0 0 0 0 0 0 0 0 0 0 0 0 0 
0 0 0 0 0 0 0 0 0 0 0 0 0 0 0 0 2 30 75 84 277 372 420 527 576 644 627 630 614 657 657 689 666 671 659 608 523 443 392 217 158 66 27 6 1 0 0 0 0 0 0 0 0 0 0 0 0 0 0 0 
0 0 0 0 0 0 0 0 0 0 0 0 0 0 0 0 3 25 59 79 239 368 409 497 658 699 611 666 705 698 675 657 683 654 648 622 551 494 366 201 147 80 30 3 0 0 0 0 0 0 0 0 0 0 0 0 0 0 0 0 
0 0 0 0 0 0 0 0 0 0 0 0 0 0 0 0 5 32 66 94 288 388 415 550 678 679 695 700 676 714 742 660 681 620 632 571 564 445 367 188 158 85 25 3 0 0 0 0 0 0 0 0 0 0 0 0 0 0 0 0 
0 0 0 0 0 0 0 0 0 0 0 0 0 0 0 0 3 34 77 77 267 386 414 579 651 684 678 659 665 740 743 662 714 662 697 614 528 491 344 210 161 72 28 4 0 0 0 0 0 0 0 0 0 0 0 0 0 0 0 0 
0 0 0 0 0 0 0 0 0 0 0 0 0 0 0 0 2 33 67 81 246 382 388 560 611 649 659 665 731 676 710 718 695 677 635 631 552 481 345 225 180 73 28 1 0 0 0 0 0 0 0 0 0 0 0 0 0 0 0 0 
0 0 0 0 0 0 0 0 0 0 0 0 0 0 0 0 2 25 83 90 252 368 407 584 681 746 672 603 657 698 722 679 694 637 621 604 552 460 339 216 150 73 19 5 0 0 0 0 0 0 0 0 0 0 0 0 0 0 0 0 
0 0 0 0 0 0 0 0 0 0 0 0 0 0 0 0 2 21 49 77 257 373 416 530 664 669 641 628 657 707 632 727 689 667 618 586 567 488 363 221 149 79 25 7 0 0 0 0 0 0 0 0 0 0 0 0 0 0 0 0 
0 0 0 0 0 0 0 0 0 0 0 0 0 0 0 0 5 28 68 85 254 378 390 516 594 651 646 699 656 620 709 628 617 705 631 586 552 434 338 235 160 81 27 4 0 0 0 0 0 0 0 0 0 0 0 0 0 0 0 0 
0 0 0 0 0 0 0 0 0 0 0 0 0 0 0 0 5 26 61 69 241 381 398 538 612 599 665 637 647 666 622 620 622 664 591 569 506 432 407 236 167 76 21 8 0 0 0 0 0 0 0 0 0 0 0 0 0 0 0 0 
0 0 0 0 0 0 0 0 0 0 0 0 0 0 0 0 2 43 67 72 252 339 381 518 573 601 610 639 603 639 636 642 622 641 639 603 492 450 362 214 163 77 23 6 0 0 0 0 0 0 0 0 0 0 0 0 0 0 0 0 
0 0 0 0 0 0 0 0 0 0 0 0 0 0 0 0 2 28 57 78 261 330 371 465 563 599 659 615 634 638 627 665 636 609 617 573 464 431 340 207 147 57 29 3 0 0 0 0 0 0 0 0 0 0 0 0 0 0 0 0 
0 0 0 0 0 0 0 0 0 0 0 0 0 0 0 0 7 32 74 71 217 349 370 516 551 602 553 597 579 666 630 613 552 584 597 594 470 420 327 205 112 77 26 5 0 0 0 0 0 0 0 0 0 0 0 0 0 0 0 0 
0 0 0 0 0 0 0 0 0 0 0 0 0 0 0 0 5 29 75 84 244 339 327 474 563 577 593 591 629 620 616 612 602 575 568 537 460 415 321 167 125 68 32 4 0 0 0 0 0 0 0 0 0 0 0 0 0 0 0 0 
0 0 0 0 0 0 0 0 0 0 0 0 0 0 0 0 4 31 68 60 229 306 328 510 549 608 553 543 630 589 545 583 579 528 553 481 453 407 308 180 144 57 25 1 0 0 0 0 0 0 0 0 0 0 0 0 0 0 0 0 
0 0 0 0 0 0 0 0 0 0 0 0 0 0 0 0 3 24 67 72 182 290 257 412 469 502 487 523 489 505 503 498 501 482 502 435 407 367 265 174 141 71 27 3 0 0 0 0 0 0 0 0 0 0 0 0 0 0 0 0 
0 0 0 0 0 0 0 0 0 0 0 0 0 0 0 0 3 20 52 54 189 232 251 364 427 417 414 492 421 431 435 441 477 437 417 389 375 292 229 132 127 65 17 3 0 0 0 0 0 0 0 0 0 0 0 0 0 0 0 0 
0 0 0 0 0 0 0 0 0 0 0 0 0 0 0 0 3 20 49 49 150 230 230 330 390 392 355 397 388 400 365 391 416 357 381 397 323 252 190 140 100 54 17 2 0 0 0 0 0 0 0 0 0 0 0 0 0 0 0 0 
0 0 0 0 0 0 0 0 0 0 0 0 0 0 0 0 1 16 49 55 135 213 207 292 364 362 345 328 411 373 382 365 338 357 341 322 275 274 197 102 93 42 18 4 0 0 0 0 0 0 0 0 0 0 0 0 0 0 0 0 
0 0 0 0 0 0 0 0 0 0 0 0 0 0 0 0 1 26 38 51 141 206 221 287 331 338 345 358 377 357 387 380 367 361 350 317 281 240 181 111 89 36 17 2 0 0 0 0 0 0 0 0 0 0 0 0 0 0 0 0 
0 0 0 0 0 0 0 0 0 0 0 0 0 0 0 0 2 17 26 51 126 144 188 238 284 265 261 290 285 272 283 271 289 264 253 218 230 180 139 100 76 41 14 2 0 0 0 0 0 0 0 0 0 0 0 0 0 0 0 0 
0 0 0 0 0 0 0 0 0 0 0 0 0 0 0 0 0 22 38 30 93 116 118 155 214 187 184 204 203 192 191 219 192 175 220 170 141 157 111 80 80 27 15 1 0 0 0 0 0 0 0 0 0 0 0 0 0 0 0 0 
0 0 0 0 0 0 0 0 0 0 0 0 0 0 0 0 3 19 21 27 58 75 68 74 119 105 122 98 119 94 118 123 85 120 98 95 97 87 64 25 38 28 8 4 0 0 0 0 0 0 0 0 0 0 0 0 0 0 0 0 
0 0 0 0 0 0 0 0 0 0 0 0 0 0 0 0 0 4 7 8 20 25 31 34 37 30 35 33 37 26 37 36 32 33 40 24 26 22 22 19 13 9 4 0 0 0 0 0 0 0 0 0 0 0 0 0 0 0 0 0 
0 0 0 0 0 0 0 0 0 0 0 0 0 0 0 0 0 0 0 0 0 0 0 0 0 1 0 0 1 1 0 0 0 0 0 0 1 0 1 0 0 0 0 0 0 0 0 0 0 0 0 0 0 0 0 0 0 0 0 0 
0 0 0 0 0 0 0 0 0 0 0 0 0 0 0 0 0 0 0 0 0 0 0 0 0 0 0 0 0 0 0 0 0 0 0 0 0 0 0 0 0 0 0 0 0 0 0 0 0 0 0 0 0 0 0 0 0 0 0 0 
0 0 0 0 0 0 0 0 0 0 0 0 0 0 0 0 0 0 0 0 0 0 0 0 0 0 0 0 0 0 0 0 0 0 0 0 0 0 0 0 0 0 0 0 0 0 0 0 0 0 0 0 0 0 0 0 0 0 0 0 
0 0 0 0 0 0 0 0 0 0 0 0 0 0 0 0 0 0 0 0 0 0 0 0 0 0 0 0 0 0 0 0 0 0 0 0 0 0 0 0 0 0 0 0 0 0 0 0 0 0 0 0 0 0 0 0 0 0 0 0 
0 0 0 0 0 0 0 0 0 0 0 0 0 0 0 0 0 0 0 0 0 0 0 0 0 0 0 0 0 0 0 0 0 0 0 0 0 0 0 0 0 0 0 0 0 0 0 0 0 0 0 0 0 0 0 0 0 0 0 0 
0 0 0 0 0 0 0 0 0 0 0 0 0 0 0 0 0 0 0 0 0 0 0 0 0 0 0 0 0 0 0 0 0 0 0 0 0 0 0 0 0 0 0 0 0 0 0 0 0 0 0 0 0 0 0 0 0 0 0 0 
0 0 0 0 0 0 0 0 0 0 0 0 0 0 0 0 0 0 0 0 0 0 0 0 0 0 0 0 0 0 0 0 0 0 0 0 0 0 0 0 0 0 0 0 0 0 0 0 0 0 0 0 0 0 0 0 0 0 0 0 
0 0 0 0 0 0 0 0 0 0 0 0 0 0 0 0 0 0 0 0 0 0 0 0 0 0 0 0 0 0 0 0 0 0 0 0 0 0 0 0 0 0 0 0 0 0 0 0 0 0 0 0 0 0 0 0 0 0 0 0 
0 0 0 0 0 0 0 0 0 0 0 0 0 0 0 0 0 0 0 0 0 0 0 0 0 0 0 0 0 0 0 0 0 0 0 0 0 0 0 0 0 0 0 0 0 0 0 0 0 0 0 0 0 0 0 0 0 0 0 0 
0 0 0 0 0 0 0 0 0 0 0 0 0 0 0 0 0 0 0 0 0 0 0 0 0 0 0 0 0 0 0 0 0 0 0 0 0 0 0 0 0 0 0 0 0 0 0 0 0 0 0 0 0 0 0 0 0 0 0 0 
0 0 0 0 0 0 0 0 0 0 0 0 0 0 0 0 0 0 0 0 0 0 0 0 0 0 0 0 0 0 0 0 0 0 0 0 0 0 0 0 0 0 0 0 0 0 0 0 0 0 0 0 0 0 0 0 0 0 0 0 
