# Format: McCode with text headers
# URL: http://www.mccode.org
# Creator: McStas 2.6rc1 - Oct. 12, 2019
# Instrument: PSI_Focus.instr
# Ncount: 1000000
# Trace: no
# Gravitation: no
# Seed: 1570892468
# Directory: PSI_Focus/0
# Param: lambda=3.4
# Param: chopp_ratio=1
# Param: DET=-69.9
# Date: Sat Oct 12 09:41:42 2019 (1570866102)
# type: array_1d(60)
# Source: PSI_Focus (PSI_Focus.instr)
# component: EMON_Fermi
# position: 0.820999 0 73.0742
# title: Energy monitor
# Ncount: 1000000
# filename: emon_fermi.dat
# statistics: X0=7.0826; dX=0.183149;
# signal: Min=0; Max=3.30687e+06; Mean=248923;
# values: 1.49354e+07 55557 309262
# xvar: E
# yvar: (I,I_err)
# xlabel: Energy [meV]
# ylabel: Intensity
# xlimits: 4.86675 11.2222
# variables: E I I_err N
4.919708287 0 0 0 
5.02563289 0 0 0 
5.131557494 0 0 0 
5.237482098 0 0 0 
5.343406702 0 0 0 
5.449331306 0 0 0 
5.55525591 0 0 0 
5.661180514 0 0 0 
5.767105118 0 0 0 
5.873029722 0 0 0 
5.978954326 0 0 0 
6.08487893 0 0 0 
6.190803534 0.001562727639 0.0003204986258 58 
6.296728138 3.486145006 0.2603278216 2023 
6.402652742 277.1376866 11.70499109 6088 
6.508577346 6837.886861 187.0952907 11796 
6.61450195 93473.49311 1698.367541 17716 
6.720426554 456393.3446 6507.085058 24237 
6.826351158 1422671.408 15757.60671 29448 
6.932275762 2625465.964 24179.1067 35523 
7.038200366 3306865.456 27485.24802 39666 
7.14412497 2999014.56 26411.04738 37136 
7.250049574 2274814.995 22421.82298 32482 
7.355974178 1189193.773 14294.22331 25681 
7.461898782 426727.645 6518.353905 20356 
7.567823386 117070.6498 2394.841134 13909 
7.67374799 14835.69855 408.2497608 8438 
7.779672593 1630.103593 64.49975401 3904 
7.885597197 78.18351438 5.631583668 801 
7.991521801 0 0 0 
8.097446405 0 0 0 
8.203371009 0 0 0 
8.309295613 0 0 0 
8.415220217 0 0 0 
8.521144821 0 0 0 
8.627069425 0 0 0 
8.732994029 0 0 0 
8.838918633 0 0 0 
8.944843237 0 0 0 
9.050767841 0 0 0 
9.156692445 0 0 0 
9.262617049 0 0 0 
9.368541653 0 0 0 
9.474466257 0 0 0 
9.580390861 0 0 0 
9.686315465 0 0 0 
9.792240069 0 0 0 
9.898164673 0 0 0 
10.00408928 0 0 0 
10.11001388 0 0 0 
10.21593848 0 0 0 
10.32186309 0 0 0 
10.42778769 0 0 0 
10.5337123 0 0 0 
10.6396369 0 0 0 
10.7455615 0 0 0 
10.85148611 0 0 0 
10.95741071 0 0 0 
11.06333532 0 0 0 
11.16925992 0 0 0 
