# Format: McCode with text headers
# URL: http://www.mccode.org
# Creator: McStas 2.6rc1 - Oct. 12, 2019
# Instrument: PSI_Focus.instr
# Ncount: 1000000
# Trace: no
# Gravitation: no
# Seed: 1570892468
# Directory: PSI_Focus/0
# Param: lambda=3.4
# Param: chopp_ratio=1
# Param: DET=-69.9
# Date: Sat Oct 12 09:41:42 2019 (1570866102)
# type: array_2d(60, 60)
# Source: PSI_Focus (PSI_Focus.instr)
# component: PSDmon1Chopper
# position: 0 0 69.719
# title: PSD monitor
# Ncount: 1000000
# filename: psdchopper.dat
# statistics: X0=0.00379228; dX=1.44454; Y0=0.00106575; dY=2.85245;
# signal: Min=0; Max=442868; Mean=74593.4;
# values: 2.68536e+08 854015 369489
# xvar: X
# yvar: Y
# xlabel: X position [cm]
# ylabel: Y position [cm]
# zvar: I
# zlabel: Signal per bin
# xylimits: -5 5 -10 10
# variables: I I_err N
# Data [PSDmon1Chopper/psdchopper.dat] I:
0 0 0 0 0 0 0 0 0 0 0 0 0 0 0 0 0 0 0 0 0 0 0 0 0 0 0 0 0 0 0 0 0 0 0 0 0 0 0 0 0 0 0 0 0 0 0 0 0 0 0 0 0 0 0 0 0 0 0 0 
0 0 0 0 0 0 0 0 0 0 0 0 0 0 0 0 0 0 0 0 0 0 0 0 0 0 0 0 0 0 0 0 0 0 0 0 0 0 0 0 0 0 0 0 0 0 0 0 0 0 0 0 0 0 0 0 0 0 0 0 
0 0 0 0 0 0 0 0 0 0 0 0 0 0 0 0 0 0 0 0 0 0 0 0 0 0 0 0 0 0 0 0 0 0 0 0 0 0 0 0 0 0 0 0 0 0 0 0 0 0 0 0 0 0 0 0 0 0 0 0 
0 0 0 0 0 0 0 0 0 0 0 0 0 0 0 0 0 0 0 0 0 0 0 0 0 0 0 0 0 0 0 0 0 0 0 0 0 0 0 0 0 0 0 0 0 0 0 0 0 0 0 0 0 0 0 0 0 0 0 0 
0 0 0 0 0 0 0 0 0 0 0 0 0 0 0 0 0 0 0 0 0 0 0 0 0 0 0 0 0 0 0 0 0 0 0 0 0 0 0 0 0 0 0 0 0 0 0 0 0 0 0 0 0 0 0 0 0 0 0 0 
0 0 0 0 0 0 0 0 0 0 0 0 0 0 0 0 0 0 0 0 0 0 0 0 0 0 0 0 0 0 0 0 0 0 0 0 0 0 0 0 0 0 0 0 0 0 0 0 0 0 0 0 0 0 0 0 0 0 0 0 
0 0 0 0 0 0 0 0 0 0 0 0 0 0 0 0 0 0 0 0 0 0 0 0 0 0 0 0 0 0 0 0 0 0 0 0 0 0 0 0 0 0 0 0 0 0 0 0 0 0 0 0 0 0 0 0 0 0 0 0 
0 0 0 0 0 0 0 0 0 0 0 0 0 0 0 0 0 0 0 0 0 0 0 0 0 0 0 0 0 0 0 0 0 0 0 0 0 0 0 0 0 0 0 0 0 0 0 0 0 0 0 0 0 0 0 0 0 0 0 0 
0 0 0 0 0 0 0 0 0 0 0 0 0 0 0 0 0 0 0 0 0 0 0 0 0 0 0 0 0 0 0 0 0 0 0 0 0 0 0 0 0 0 0 0 0 0 0 0 0 0 0 0 0 0 0 0 0 0 0 0 
0 0 0 0 0 0 0 0 0 0 0 0 0 0 0 0 0 0 0 0 0 0 0 0 0 0 0 0 0 0 0 0 0 0 0 0 0 0 0 0 0 0 0 0 0 0 0 0 0 0 0 0 0 0 0 0 0 0 0 0 
0 0 0 0 0 0 0 0 0 0 0 0 0 0 0 0 0 0 0 0 0 0 0 0 0 0 0 0 0 0 0 0 0 0 0 0 0 0 0 0 0 0 0 0 0 0 0 0 0 0 0 0 0 0 0 0 0 0 0 0 
0 0 0 0 0 0 0 0 0 0 0 0 0 0 0 0 0 0 0 0 0 0 0 0 0 0 0 0 0 0 0 0 0 0 0 0 0 0 0 0 0 0 0 0 0 0 0 0 0 0 0 0 0 0 0 0 0 0 0 0 
0 0 0 0 0 0 0 0 0 0 0 0 0 0 0 0 0 0 0 0 0 0 0 0 0 0 0 0 0 0 0 0 0 0 0 0 0 0 0 0 0 0 0 0 0 0 0 0 0 0 0 0 0 0 0 0 0 0 0 0 
0 0 0 0 0 0 0 0 0 0 0 0 0 0 0 0 0 0 0 0 0 0 0 0 0 0 0 0 0 0 0 0 0 0 0 0 0 0 0 0 0 0 0 0 0 0 0 0 0 0 0 0 0 0 0 0 0 0 0 0 
0 0 0 0 0 0 0 0 0 0 0 0 0 0 0 0 0 0 0 0 0 0 0 0 0 0 0 0 0 0 0 0 0 0 0 0 0 0 0 0 0 0 0 0 0 0 0 0 0 0 0 0 0 0 0 0 0 0 0 0 
0 0 0 0 0 0 0 0 0 0 0 0 0 4.804743397e-254 7729.419603 63172.86497 59514.0185 42289.7732 71480.02278 52947.41686 38966.90821 47965.09211 66427.16939 107514.3161 66794.92016 107806.8636 59759.6655 71481.49642 70312.08695 94726.9159 68642.8199 85745.62859 83454.73587 56744.40973 65843.23546 61458.54781 74690.40681 57112.47319 77750.21125 67438.31327 83683.34807 55036.8138 90797.86401 57238.88121 33715.93081 4615.556768 0 0 0 0 0 0 0 0 0 0 0 0 0 0 
0 0 0 0 0 0 0 0 0 0 0 0 0 9.534152652e-111 57079.87585 257936.9189 313972.8013 365841.9986 376037.2406 326402.7813 332832.7404 374482.0864 290914.9058 332871.6957 353905.8599 335623.7367 284334.4601 363881.7886 284199.5269 339697.4108 317021.0071 354233.0176 333868.8687 299035.3695 343529.6408 316223.8058 323289.2068 322203.3729 350755.8516 320975.245 379080.1892 352834.2203 343061.4369 354429.9625 338985.8324 47005.94354 1.904084889e-105 0 0 0 0 0 0 0 0 0 0 0 0 0 
0 0 0 0 0 0 0 0 0 0 0 0 0 3.316989715e-222 45204.15864 319148.4402 366203.694 361391.7804 356936.8304 386407.4778 342343.733 406154.2378 331763.8572 410293.966 378534.8756 361626.2968 421740.7737 355149.0946 356934.1766 374737.447 369634.639 378221.8288 284985.3074 332021.1195 335881.6454 391718.2492 299440.1057 397102.5925 358306.0079 379150.8238 393478.3329 369941.9443 361746.8236 306422.8877 260371.9997 49237.33635 1.44048851e-163 0 0 0 0 0 0 0 0 0 0 0 0 0 
0 0 0 0 0 0 0 0 0 0 0 0 0 4.125457308e-158 50392.58302 338849.5425 321616.012 341557.6716 370207.6097 338101.7722 312572.6379 340905.9216 320756.0022 348784.763 349405.3188 374971.6934 349841.6068 402279.5316 360526.4062 356299.4596 326191.6736 363473.3057 436181.1504 407360.3728 334051.4739 348517.4763 340633.3607 310746.6718 390694.7369 409039.2403 349775.2724 412889.0825 354636.6861 358933.897 286176.5048 49914.80084 1.474671582e-206 0 0 0 0 0 0 0 0 0 0 0 0 0 
0 0 0 0 0 0 0 0 0 0 0 0 0 6.242298598e-182 24815.05974 327906.3982 267645.0526 369734.0198 362723.9161 281728.7716 319085.0082 341275.7232 361098.6387 297737.6498 356629.8572 379657.296 380049.8514 319879.3548 323704.6218 321747.227 364392.5259 414150.2352 308723.6819 344122.5601 390952.9557 417755.9662 343585.4202 373053.1546 333268.9812 342284.5931 384607.9443 334604.8586 379235.3484 396626.4241 332739.3202 28294.29311 3.245820193e-126 0 0 0 0 0 0 0 0 0 0 0 0 0 
0 0 0 0 0 0 0 0 0 0 0 0 0 0 41146.57141 298232.4241 318490.5105 356346.778 293173.3415 364053.4139 358132.0118 277994.9623 351856.4831 394159.9439 314019.2404 342158.7939 294587.277 372789.2476 340012.6265 323310.0785 388624.4995 375436.6444 336599.0864 336090.9449 348214.5637 355328.8719 335223.2751 337547.2686 318812.623 396780.1033 347489.0021 357692.1735 337842.0011 312504.4279 295111.3469 49959.80646 1.288898335e-151 0 0 0 0 0 0 0 0 0 0 0 0 0 
0 0 0 0 0 0 0 0 0 0 0 0 0 9.039643225e-92 59618.9335 278524.9797 294843.1267 335105.3987 321683.9427 323261.4408 346035.9696 363447.471 325392.5591 356539.6942 299419.8818 322900.6923 341947.4944 391211.673 360727.4327 345186.5715 320808.7681 350451.1436 337044.8855 350466.1717 368394.982 350524.3145 369060.9895 341414.047 361042.4217 366829.6766 346697.6696 431211.5969 388915.8761 353291.9615 256543.0211 51444.81566 5.174152005e-86 0 0 0 0 0 0 0 0 0 0 0 0 0 
0 0 0 0 0 0 0 0 0 0 0 0 0 6.212844133e-142 47256.17073 241721.658 356494.9464 274825.4536 272396.858 366910.1918 362871.6002 293842.1966 336147.0804 303088.3872 322515.9381 331527.3295 281737.9942 331476.4826 342855.7015 354042.3285 341864.6862 368117.9626 320260.3489 360072.6581 298737.1874 313146.1481 345583.0453 321796.3654 344593.9008 356775.2419 316419.1868 316937.3608 365629.0935 360362.1628 294605.9343 35982.48878 8.840919418e-256 0 0 0 0 0 0 0 0 0 0 0 0 0 
0 0 0 0 0 0 0 0 0 0 0 0 0 4.290950588e-112 47841.54719 277102.6534 292209.0831 335752.8853 306285.9826 322616.0866 316133.8664 356564.7956 280773.1937 350284.9762 286664.778 316126.4921 338774.0406 330597.2602 292157.7434 303928.9931 332656.5544 389745.019 247508.7879 325214.5825 349286.3812 327324.7207 336407.5324 337045.8741 297957.7056 283345.8015 323716.9601 305496.1899 344618.6173 319355.0243 278614.6354 43113.69439 2.097898366e-145 0 0 0 0 0 0 0 0 0 0 0 0 0 
0 0 0 0 0 0 0 0 0 0 0 0 0 5.596136325e-130 23283.3461 306188.6793 300802.6586 354265.8285 296713.4976 293958.2328 318236.3313 301921.3842 367765.3794 308028.9564 292941.8487 259176.8297 315520.3484 293351.7994 263867.0676 288170.6667 278659.059 288606.4922 369054.8673 340525.8198 301759.5494 282226.8047 365864.1332 302323.0813 321844.3142 303345.7426 283569.6659 292886.3673 329855.6552 277139.0518 277070.9907 22997.00263 1.118470442e-164 0 0 0 0 0 0 0 0 0 0 0 0 0 
0 0 0 0 0 0 0 0 0 0 0 0 0 1.681135324e-154 44826.61448 262940.7825 311062.133 290421.573 312603.3921 316197.4986 335058.9445 306909.608 257739.0908 302132.4418 291216.8483 299547.1175 294062.6882 323325.3519 298416.2035 334270.5456 278951.3092 310108.8642 345952.5414 241264.8581 287517.8386 269196.7684 269106.3022 293424.9373 297211.9653 281013.8495 276711.8061 280773.209 286195.1855 257004.0495 249192.3875 24514.25012 1.506427275e-139 0 0 0 0 0 0 0 0 0 0 0 0 0 
0 0 0 0 0 0 0 0 0 0 0 0 0 1.729235206e-148 33271.24589 222797.0189 329267.1952 241230.54 255437.3839 272264.9874 236532.2617 302445.0289 260154.7887 314364.6047 279475.3637 295267.7257 238636.8583 311097.6461 297548.4889 297463.5452 286738.8753 260730.4144 289498.1226 266931.1021 213015.3449 290827.8251 257828.23 260835.4328 247225.7922 276765.6379 291686.856 270248.9851 304179.2009 273205.7886 232881.1685 34648.50503 2.260218383e-181 0 0 0 0 0 0 0 0 0 0 0 0 0 
0 0 0 0 0 0 0 0 0 0 0 0 0 2.755022052e-113 32971.91136 192787.9732 264154.3702 267522.5912 281446.1537 288511.8119 239879.4444 298303.3812 217194.1084 196319.0229 265204.1241 301637.5221 266720.8157 251913.9224 273363.1103 302931.3447 236978.2397 229782.2802 206770.805 263518.7918 244263.8268 307120.1143 315927.817 249250.9122 294194.7154 240525.1306 231388.9188 318811.2004 295606.2495 289029.8361 258012.0239 29877.63814 0 0 0 0 0 0 0 0 0 0 0 0 0 0 
0 0 0 0 0 0 0 0 0 0 0 0 0 2.508009457e-135 45601.60966 285443.446 307219.9757 258171.4041 291952.1636 227725.4823 256601.0468 254532.1897 296554.8605 280280.446 260524.9814 262328.5627 284450.08 244844.0574 268766.5313 264676.3292 291162.0267 226930.0421 265845.8212 256252.5515 301953.5166 227226.0227 267494.8139 263387.0161 261191.7086 238325.0393 267675.8306 277794.5861 231622.5688 255953.6339 224171.4695 22157.16281 4.243986229e-160 0 0 0 0 0 0 0 0 0 0 0 0 0 
0 0 0 0 0 0 0 0 0 0 0 0 0 3.844739616e-181 33999.03132 218178.4558 210814.1769 240498.0078 268881.7076 259219.9898 249519.0411 221030.9197 239239.0403 235965.0343 272768.2232 214050.3891 278013.0614 237815.8871 301458.5321 276638.6232 244434.7098 296175.2185 244302.5102 289871.6571 245134.3537 236752.8064 278102.4173 256301.0403 255403.6368 256939.9188 267053.2092 264550.014 252672.4068 244604.78 247942.9354 34388.11141 2.261893252e-178 0 0 0 0 0 0 0 0 0 0 0 0 0 
0 0 0 0 0 0 0 0 0 0 0 0 0 1.180387201e-162 34009.69637 256274.8331 269941.9177 227106.0685 268555.9718 260307.6424 251869.6837 223713.9765 263902.576 274764.053 256347.3926 280635.2228 263930.1036 276031.0691 240834.0701 256309.9936 239554.3531 250369.8994 320740.6604 269925.0429 220903.9364 259895.3291 261863.2438 236096.8605 241647.6661 228326.9137 239918.1063 240513.8471 256172.7383 267109.6148 212264.9478 25516.92489 8.993571422e-97 0 0 0 0 0 0 0 0 0 0 0 0 0 
0 0 0 0 0 0 0 0 0 0 0 0 0 2.046780447e-179 25867.12235 256405.6214 249082.5511 259158.1269 217070.0382 254952.7069 265197.6942 294464.4656 302614.1463 250097.5191 241320.14 278293.1217 264108.1696 279363.5041 264512.5459 282963.3831 256629.4056 287212.6337 307890.4835 270365.7951 234828.1013 283656.4566 231368.0326 243010.9813 257179.5622 258212.4506 268552.0668 272360.0112 267747.9782 264932.7422 263727.1684 37194.0775 1.212900093e-189 0 0 0 0 0 0 0 0 0 0 0 0 0 
0 0 0 0 0 0 0 0 0 0 0 0 0 1.679757418e-153 23615.68318 253806.1213 276074.165 262890.4696 281003.9485 266286.4292 211759.2028 306857.5768 279569.321 253065.725 264085.9359 300801.7644 336367.2757 271426.7204 264495.1709 236495.6776 272447.9314 281377.6531 282670.614 265872.0257 302002.4883 276858.0016 266969.0565 246867.6308 247569.6136 315974.9631 325352.9077 303146.2769 242699.6875 287168.2005 229022.6758 33304.71058 3.592014769e-137 0 0 0 0 0 0 0 0 0 0 0 0 0 
0 0 0 0 0 0 0 0 0 0 0 0 0 4.354647732e-144 31715.12034 276327.927 284506.0321 271823.6645 297189.6192 227871.2213 281941.483 308534.1674 299503.2495 279053.8536 242375.2265 260067.8008 269753.7713 259460.5845 336451.3651 309089.2062 308382.1183 252903.4631 251329.4674 270989.9655 299524.7271 254521.264 299189.3269 247525.5655 297207.2722 262262.5159 239723.9535 300512.963 240739.4014 261891.186 232317.0993 51491.99565 5.687388058e-120 0 0 0 0 0 0 0 0 0 0 0 0 0 
0 0 0 0 0 0 0 0 0 0 0 0 0 6.86391943e-136 20140.21189 226741.3417 316939.0714 303205.7416 289762.9351 341608.4239 288351.7523 313015.9955 264968.6799 267504.1782 275709.8216 274933.17 259435.9301 286474.5654 297761.9345 292607.4162 255277.4753 305070.0348 256221.9017 321407.3145 282480.1718 324278.3263 303011.1216 262332.0314 221750.9104 285688.2124 324465.304 217894.1125 330688.8888 255583.1692 222962.4278 49810.00948 2.770109656e-204 0 0 0 0 0 0 0 0 0 0 0 0 0 
0 0 0 0 0 0 0 0 0 0 0 0 0 1.795102817e-139 39343.08581 226965.8945 327519.0117 302951.0876 289848.0447 328017.4554 311111.5322 299290.6824 315378.4706 289232.4398 276561.9065 266601.4388 361205.7246 262312.9173 306729.4603 296202.7473 250524.8851 257439.2598 325681.0389 279342.498 268868.9707 271452.632 289660.8358 317584.3389 335841.2185 281422.6971 307571.6318 347323.3988 319596.3205 297504.5687 271118.8179 46969.2952 6.224091905e-146 0 0 0 0 0 0 0 0 0 0 0 0 0 
0 0 0 0 0 0 0 0 0 0 0 0 0 1.370119242e-131 49247.67308 263687.5487 280244.0049 317861.1796 259757.0247 277288.4781 332028.5974 367561.3236 393000.5468 293860.7115 288473.5742 329848.466 306458.2958 315425.1736 323975.9265 290832.382 322102.9434 274432.0227 298448.514 353763.4842 362556.2488 325550.2057 339685.6022 337508.5413 403572.0715 328816.3804 368054.6629 296785.9972 276427.7102 339872.5418 308982.3658 50105.63209 3.382612388e-185 0 0 0 0 0 0 0 0 0 0 0 0 0 
0 0 0 0 0 0 0 0 0 0 0 0 0 6.446278323e-236 35187.49033 270047.92 317458.1407 324849.8321 298320.2481 345790.7007 388083.5369 282744.9238 330593.6896 313016.3614 299153.8313 285676.1497 233352.4512 369800.7433 369164.8349 291551.3619 302031.0397 336568.3498 304451.206 350958.9147 333317.4584 342582.5376 335379.5123 294297.0418 323782.1247 301455.3309 333770.9585 312108.3012 281103.2802 385322.2745 302939.6934 30219.60677 2.146670685e-169 0 0 0 0 0 0 0 0 0 0 0 0 0 
0 0 0 0 0 0 0 0 0 0 0 0 0 1.226974694e-178 33186.02662 242674.0723 352463.9472 337557.6681 343568.2777 291574.75 358334.1646 303205.2453 352625.5265 351782.4076 357790.8241 285488.1731 358601.8005 306592.2585 317290.401 321431.6402 361753.6836 299057.1089 323671.5529 375806.5931 322421.3423 348688.5221 312256.2169 364708.7471 379420.0749 363696.5811 376233.2313 359030.4858 289006.6139 333489.0394 260841.5957 33172.60688 6.822529477e-83 0 0 0 0 0 0 0 0 0 0 0 0 0 
0 0 0 0 0 0 0 0 0 0 0 0 0 5.976680691e-190 35009.06172 314631.8422 353743.8352 344345.3369 333581.8303 388748.0338 372874.1743 382187.0474 376850.2687 325050.3789 346913.9686 388768.5414 375416.6109 317310.8705 304765.2665 344686.3886 386453.989 354197.3758 285162.124 356584.5853 349897.8872 328925.9342 334760.1713 367760.3337 353218.1979 360503.698 380689.5229 327490.6747 355839.3681 266988.4048 324367.0868 37545.90583 1.000442048e-159 0 0 0 0 0 0 0 0 0 0 0 0 0 
0 0 0 0 0 0 0 0 0 0 0 0 0 1.188051605e-138 52925.03839 368420.8003 386005.2825 343880.9242 409172.3372 377790.9103 402954.1871 362499.0308 315947.9303 304087.6573 326409.6471 280971.7812 390009.766 366673.5551 382814.4238 352329.8984 337287.1028 377448.7553 369946.9665 330872.1995 352502.1773 324616.2798 330421.1732 317353.2298 364822.3824 334892.687 349007.4283 331654.8393 321782.6368 389215.6867 290266.9609 53294.23394 3.262103305e-93 0 0 0 0 0 0 0 0 0 0 0 0 0 
0 0 0 0 0 0 0 0 0 0 0 0 0 1.423277107e-118 39936.26413 338842.5065 361217.2521 372175.855 376089.8214 397531.979 351431.8486 332229.4206 368111.7753 442868.1699 345617.5007 347338.9925 378454.6262 414106.4283 367315.9135 338012.8843 375922.3421 367122.0687 324736.0627 318813.0642 384199.3566 331606.9712 340597.4884 386641.7461 329711.6204 312954.1249 308509.3562 383591.0118 386886.1516 367503.7803 310648.2933 50612.11742 3.53885593e-167 0 0 0 0 0 0 0 0 0 0 0 0 0 
0 0 0 0 0 0 0 0 0 0 0 0 0 1.285721226e-111 35295.9209 293125.1592 352506.2655 352779.0486 406631.941 352682.6939 415937.9318 291161.1441 344692.4741 295889.8715 353502.7505 399593.3515 316459.272 381049.4396 369120.8946 328512.5499 347551.0862 376840.965 395531.562 379977.721 332150.595 398812.2819 372346.1557 390795.2345 307573.6939 341693.0811 374177.737 343488.0707 346223.4598 372599.3117 332562.5122 52805.48261 1.04946012e-70 0 0 0 0 0 0 0 0 0 0 0 0 0 
0 0 0 0 0 0 0 0 0 0 0 0 0 6.172707512e-102 41144.72341 291570.9904 361460.5709 358879.7237 377391.0199 331431.1568 369059.2504 277518.6897 393426.5392 373363.8011 383789.1574 377374.9718 333044.5954 397173.9279 338896.5037 318836.3729 315456.9675 350816.9695 364982.5299 374302.3749 382853.8428 332673.3144 350733.5296 411260.6608 342129.5087 320712.8474 346264.9916 312975.2886 370211.886 339498.2576 326273.6242 39598.91546 1.108690122e-133 0 0 0 0 0 0 0 0 0 0 0 0 0 
0 0 0 0 0 0 0 0 0 0 0 0 0 6.486207678e-127 11326.75004 47673.47143 44886.88429 80321.23932 42074.56338 53025.82582 92929.95125 83225.57249 96827.14958 59367.46444 67922.05197 41743.17111 41319.47767 62001.95501 46623.92775 76181.65598 79948.42614 62632.16966 55371.01522 73100.13076 58774.22613 56451.85188 69009.03123 62041.70356 51772.85654 49688.28269 42834.56982 49170.17768 94892.83947 74454.71152 48781.08908 6096.352416 0 0 0 0 0 0 0 0 0 0 0 0 0 0 
0 0 0 0 0 0 0 0 0 0 0 0 0 0 0 0 0 0 0 0 0 0 0 0 0 0 0 0 0 0 0 0 0 0 0 0 0 0 0 0 0 0 0 0 0 0 0 0 0 0 0 0 0 0 0 0 0 0 0 0 
0 0 0 0 0 0 0 0 0 0 0 0 0 0 0 0 0 0 0 0 0 0 0 0 0 0 0 0 0 0 0 0 0 0 0 0 0 0 0 0 0 0 0 0 0 0 0 0 0 0 0 0 0 0 0 0 0 0 0 0 
0 0 0 0 0 0 0 0 0 0 0 0 0 0 0 0 0 0 0 0 0 0 0 0 0 0 0 0 0 0 0 0 0 0 0 0 0 0 0 0 0 0 0 0 0 0 0 0 0 0 0 0 0 0 0 0 0 0 0 0 
0 0 0 0 0 0 0 0 0 0 0 0 0 0 0 0 0 0 0 0 0 0 0 0 0 0 0 0 0 0 0 0 0 0 0 0 0 0 0 0 0 0 0 0 0 0 0 0 0 0 0 0 0 0 0 0 0 0 0 0 
0 0 0 0 0 0 0 0 0 0 0 0 0 0 0 0 0 0 0 0 0 0 0 0 0 0 0 0 0 0 0 0 0 0 0 0 0 0 0 0 0 0 0 0 0 0 0 0 0 0 0 0 0 0 0 0 0 0 0 0 
0 0 0 0 0 0 0 0 0 0 0 0 0 0 0 0 0 0 0 0 0 0 0 0 0 0 0 0 0 0 0 0 0 0 0 0 0 0 0 0 0 0 0 0 0 0 0 0 0 0 0 0 0 0 0 0 0 0 0 0 
0 0 0 0 0 0 0 0 0 0 0 0 0 0 0 0 0 0 0 0 0 0 0 0 0 0 0 0 0 0 0 0 0 0 0 0 0 0 0 0 0 0 0 0 0 0 0 0 0 0 0 0 0 0 0 0 0 0 0 0 
0 0 0 0 0 0 0 0 0 0 0 0 0 0 0 0 0 0 0 0 0 0 0 0 0 0 0 0 0 0 0 0 0 0 0 0 0 0 0 0 0 0 0 0 0 0 0 0 0 0 0 0 0 0 0 0 0 0 0 0 
0 0 0 0 0 0 0 0 0 0 0 0 0 0 0 0 0 0 0 0 0 0 0 0 0 0 0 0 0 0 0 0 0 0 0 0 0 0 0 0 0 0 0 0 0 0 0 0 0 0 0 0 0 0 0 0 0 0 0 0 
0 0 0 0 0 0 0 0 0 0 0 0 0 0 0 0 0 0 0 0 0 0 0 0 0 0 0 0 0 0 0 0 0 0 0 0 0 0 0 0 0 0 0 0 0 0 0 0 0 0 0 0 0 0 0 0 0 0 0 0 
0 0 0 0 0 0 0 0 0 0 0 0 0 0 0 0 0 0 0 0 0 0 0 0 0 0 0 0 0 0 0 0 0 0 0 0 0 0 0 0 0 0 0 0 0 0 0 0 0 0 0 0 0 0 0 0 0 0 0 0 
0 0 0 0 0 0 0 0 0 0 0 0 0 0 0 0 0 0 0 0 0 0 0 0 0 0 0 0 0 0 0 0 0 0 0 0 0 0 0 0 0 0 0 0 0 0 0 0 0 0 0 0 0 0 0 0 0 0 0 0 
0 0 0 0 0 0 0 0 0 0 0 0 0 0 0 0 0 0 0 0 0 0 0 0 0 0 0 0 0 0 0 0 0 0 0 0 0 0 0 0 0 0 0 0 0 0 0 0 0 0 0 0 0 0 0 0 0 0 0 0 
0 0 0 0 0 0 0 0 0 0 0 0 0 0 0 0 0 0 0 0 0 0 0 0 0 0 0 0 0 0 0 0 0 0 0 0 0 0 0 0 0 0 0 0 0 0 0 0 0 0 0 0 0 0 0 0 0 0 0 0 
0 0 0 0 0 0 0 0 0 0 0 0 0 0 0 0 0 0 0 0 0 0 0 0 0 0 0 0 0 0 0 0 0 0 0 0 0 0 0 0 0 0 0 0 0 0 0 0 0 0 0 0 0 0 0 0 0 0 0 0 
# Errors [PSDmon1Chopper/psdchopper.dat] I_err:
0 0 0 0 0 0 0 0 0 0 0 0 0 0 0 0 0 0 0 0 0 0 0 0 0 0 0 0 0 0 0 0 0 0 0 0 0 0 0 0 0 0 0 0 0 0 0 0 0 0 0 0 0 0 0 0 0 0 0 0 
0 0 0 0 0 0 0 0 0 0 0 0 0 0 0 0 0 0 0 0 0 0 0 0 0 0 0 0 0 0 0 0 0 0 0 0 0 0 0 0 0 0 0 0 0 0 0 0 0 0 0 0 0 0 0 0 0 0 0 0 
0 0 0 0 0 0 0 0 0 0 0 0 0 0 0 0 0 0 0 0 0 0 0 0 0 0 0 0 0 0 0 0 0 0 0 0 0 0 0 0 0 0 0 0 0 0 0 0 0 0 0 0 0 0 0 0 0 0 0 0 
0 0 0 0 0 0 0 0 0 0 0 0 0 0 0 0 0 0 0 0 0 0 0 0 0 0 0 0 0 0 0 0 0 0 0 0 0 0 0 0 0 0 0 0 0 0 0 0 0 0 0 0 0 0 0 0 0 0 0 0 
0 0 0 0 0 0 0 0 0 0 0 0 0 0 0 0 0 0 0 0 0 0 0 0 0 0 0 0 0 0 0 0 0 0 0 0 0 0 0 0 0 0 0 0 0 0 0 0 0 0 0 0 0 0 0 0 0 0 0 0 
0 0 0 0 0 0 0 0 0 0 0 0 0 0 0 0 0 0 0 0 0 0 0 0 0 0 0 0 0 0 0 0 0 0 0 0 0 0 0 0 0 0 0 0 0 0 0 0 0 0 0 0 0 0 0 0 0 0 0 0 
0 0 0 0 0 0 0 0 0 0 0 0 0 0 0 0 0 0 0 0 0 0 0 0 0 0 0 0 0 0 0 0 0 0 0 0 0 0 0 0 0 0 0 0 0 0 0 0 0 0 0 0 0 0 0 0 0 0 0 0 
0 0 0 0 0 0 0 0 0 0 0 0 0 0 0 0 0 0 0 0 0 0 0 0 0 0 0 0 0 0 0 0 0 0 0 0 0 0 0 0 0 0 0 0 0 0 0 0 0 0 0 0 0 0 0 0 0 0 0 0 
0 0 0 0 0 0 0 0 0 0 0 0 0 0 0 0 0 0 0 0 0 0 0 0 0 0 0 0 0 0 0 0 0 0 0 0 0 0 0 0 0 0 0 0 0 0 0 0 0 0 0 0 0 0 0 0 0 0 0 0 
0 0 0 0 0 0 0 0 0 0 0 0 0 0 0 0 0 0 0 0 0 0 0 0 0 0 0 0 0 0 0 0 0 0 0 0 0 0 0 0 0 0 0 0 0 0 0 0 0 0 0 0 0 0 0 0 0 0 0 0 
0 0 0 0 0 0 0 0 0 0 0 0 0 0 0 0 0 0 0 0 0 0 0 0 0 0 0 0 0 0 0 0 0 0 0 0 0 0 0 0 0 0 0 0 0 0 0 0 0 0 0 0 0 0 0 0 0 0 0 0 
0 0 0 0 0 0 0 0 0 0 0 0 0 0 0 0 0 0 0 0 0 0 0 0 0 0 0 0 0 0 0 0 0 0 0 0 0 0 0 0 0 0 0 0 0 0 0 0 0 0 0 0 0 0 0 0 0 0 0 0 
0 0 0 0 0 0 0 0 0 0 0 0 0 0 0 0 0 0 0 0 0 0 0 0 0 0 0 0 0 0 0 0 0 0 0 0 0 0 0 0 0 0 0 0 0 0 0 0 0 0 0 0 0 0 0 0 0 0 0 0 
0 0 0 0 0 0 0 0 0 0 0 0 0 0 0 0 0 0 0 0 0 0 0 0 0 0 0 0 0 0 0 0 0 0 0 0 0 0 0 0 0 0 0 0 0 0 0 0 0 0 0 0 0 0 0 0 0 0 0 0 
0 0 0 0 0 0 0 0 0 0 0 0 0 0 0 0 0 0 0 0 0 0 0 0 0 0 0 0 0 0 0 0 0 0 0 0 0 0 0 0 0 0 0 0 0 0 0 0 0 0 0 0 0 0 0 0 0 0 0 0 
0 0 0 0 0 0 0 0 0 0 0 0 0 0 4195.839652 13300.1557 12360.3315 10533.17572 14368.14604 12123.23889 10143.3138 11912.64696 13703.74251 17863.20051 14102.84052 17624.02759 12617.00755 13841.15934 14056.66443 16771.2413 13987.32663 15360.10081 15704.99688 12455.55594 13104.35641 13042.17859 14614.98111 12527.06947 14133.7889 13669.49456 16225.81343 12148.83159 16179.32398 12666.08622 9539.422042 3320.111215 0 0 0 0 0 0 0 0 0 0 0 0 0 0 
0 0 0 0 0 0 0 0 0 0 0 0 0 1.10090912e-110 12439.37904 27474.52345 29884.64636 32417.39412 32201.13482 30288.82918 31482.38756 32372.09821 28266.95687 30443.97178 31463.88075 30599.65952 28238.0808 32372.24015 28361.19205 31025.37553 29846.78269 32219.93544 30745.55559 29385.47782 30999.65652 29602.19961 30193.13867 30491.72742 31501.02454 30204.54765 33086.72102 31845.00902 31242.72645 32202.14541 31211.07449 10792.00416 2.128831624e-105 0 0 0 0 0 0 0 0 0 0 0 0 0 
0 0 0 0 0 0 0 0 0 0 0 0 0 3.316989715e-222 10564.78619 30119.70641 32398.97186 32550.06824 31684.37253 33329.38397 30799.89368 33949.25432 30431.42853 33696.51199 33200.45479 32418.86367 34600.36112 31134.25776 32017.39067 31842.3486 32013.21439 32724.25657 27731.55169 30473.58208 30895.66864 33243.86076 28833.75749 32983.73275 31776.29564 33045.07636 33645.12163 32538.14758 31570.3803 28761.83018 27136.06412 11443.35721 1.44048851e-163 0 0 0 0 0 0 0 0 0 0 0 0 0 
0 0 0 0 0 0 0 0 0 0 0 0 0 3.428973479e-158 10911.91278 30903.42289 29647.2111 30695.30002 32035.07159 30566.15677 29432.13094 30134.39532 29161.21132 31683.58196 30840.17397 31961.77042 30660.17505 33860.06008 31755.09454 31015.83492 30635.72718 32147.85704 35493.16299 33900.61144 30508.99154 31222.43977 30449.91974 29317.5464 33879.17735 34319.49553 31577.18439 33789.88892 31504.56787 32090.9273 28339.94715 11618.21203 0 0 0 0 0 0 0 0 0 0 0 0 0 0 
0 0 0 0 0 0 0 0 0 0 0 0 0 0 7690.599014 30613.19211 26775.70449 31943.92321 32227.1869 27045.89429 28907.48935 29673.0381 31695.19433 28319.20601 31391.20762 32616.24943 31210.09239 29719.8603 30628.61542 30147.89118 31834.11729 34115.26248 28933.06138 31019.81419 33161.05107 34736.06913 31307.44472 32377.6788 30444.96629 30929.32976 32586.04414 30403.27666 32624.98376 33027.04754 30475.27735 8385.401287 3.975301635e-126 0 0 0 0 0 0 0 0 0 0 0 0 0 
0 0 0 0 0 0 0 0 0 0 0 0 0 0 9848.958566 28795.578 29357.82763 30838.35551 28700.7022 31651.8211 30892.18886 27084.78474 30907.11136 32773.4301 29374.61699 30791.45422 27892.95284 31616.27666 31044.18744 29645.66258 32296.97272 32829.57864 30499.62642 30777.51921 30476.00502 30464.12986 30495.48387 30784.58511 29062.61262 32839.97938 30912.22469 30886.80506 30925.76513 29214.42165 29147.41297 10709.53272 1.441032103e-151 0 0 0 0 0 0 0 0 0 0 0 0 0 
0 0 0 0 0 0 0 0 0 0 0 0 0 9.763930625e-92 12127.64011 27573.57018 28028.8812 30395.49318 29405.41662 29354.1104 30619.9228 31190.17742 29318.3345 30898.097 28322.611 29625.86611 30749.40952 32547.74153 31441.30687 30566.01308 29620.52289 31623.53814 31061.26035 30858.75353 31261.73086 31101.2244 31823.1696 31109.28388 31420.43932 31229.11647 30339.2031 34485.02921 33149.24179 31579.73049 26577.3753 12225.34796 6.337016132e-86 0 0 0 0 0 0 0 0 0 0 0 0 0 
0 0 0 0 0 0 0 0 0 0 0 0 0 7.609148989e-142 11261.96692 25223.28082 31363.26725 26927.92445 26244.64183 31929.06985 31507.87046 27353.90919 30430.66006 27931.68001 29623.05628 29867.27853 27138.72325 29941.465 30545.01477 31195.21549 30339.06479 31683.44547 29211.52531 30977.18536 27723.61667 28895.68418 30614.14647 29095.38277 29930.98973 30980.44294 29147.2389 29034.69499 31269.62001 31285.62449 28761.93957 8878.807289 8.840919418e-256 0 0 0 0 0 0 0 0 0 0 0 0 0 
0 0 0 0 0 0 0 0 0 0 0 0 0 5.255319725e-112 10556.53493 26597.45949 27509.12148 29554.29432 28358.96433 29565.08104 28895.78853 31320.3065 27494.05259 30761.81021 27688.36316 28840.70012 29596.53064 29723.24374 27324.98588 28333.5977 30339.51225 33111.09076 25341.90099 29601.20062 31108.45576 30571.13495 30062.64487 30061.84646 28360.47992 26947.18097 28793.21053 28264.51982 30192.10369 28434.6756 28081.44252 10097.60182 2.345521678e-145 0 0 0 0 0 0 0 0 0 0 0 0 0 
0 0 0 0 0 0 0 0 0 0 0 0 0 6.256670617e-130 6262.26377 28967.4266 28519.92021 30844.92448 28312.68373 28518.57221 28503.90149 28431.81318 31095.93718 28609.74029 27588.35869 25889.10594 28266.4541 28536.4324 25731.2583 27662.22482 27060.0967 27713.78978 31616.09321 30095.78517 28478.01232 27428.00323 31884.71322 27817.7306 28864.77809 28683.9846 27182.38133 28309.54641 29966.33843 26476.94577 27443.61979 6566.860087 0 0 0 0 0 0 0 0 0 0 0 0 0 0 
0 0 0 0 0 0 0 0 0 0 0 0 0 1.941207864e-154 10159.0376 26516.88683 29717.72956 28181.07237 28479.75804 28980.54171 29884.19191 28145.05083 26225.39353 27987.98069 27901.90081 27673.59059 28123.89687 29790.41549 28564.12368 31004.34769 26652.61666 28711.49616 30971.21597 25116.27052 27814.51471 26623.91955 26690.02299 27891.01871 28181.14799 27571.91324 27626.94251 27115.68797 27066.88626 26272.35866 26137.02284 7199.859251 1.674160125e-139 0 0 0 0 0 0 0 0 0 0 0 0 0 
0 0 0 0 0 0 0 0 0 0 0 0 0 1.933343735e-148 8536.445559 25021.28542 29533.01308 24580.13176 25578.78865 27045.53838 24541.48482 27725.05947 26525.05211 28959.71261 27016.2993 28172.32106 24926.38243 28910.6627 27621.44617 28247.55158 27849.03044 26331.0896 27794.61935 26881.51461 22755.92901 27886.73431 25264.95004 26616.00815 25899.10505 26845.65133 28111.99057 26655.49621 28446.17716 26386.73889 25436.60825 9142.770492 0 0 0 0 0 0 0 0 0 0 0 0 0 0 
0 0 0 0 0 0 0 0 0 0 0 0 0 2.922142163e-113 8171.997296 22639.52301 26454.8328 26136.47687 27543.5696 27828.75216 25566.34599 28310.97648 23982.00743 21666.16208 26485.41272 28382.47748 26539.65907 26086.67305 27001.69527 28510.68208 25502.2663 24010.60265 22954.69435 26179.27653 25169.79635 28923.83443 29307.68741 25461.01904 28578.06038 25071.22212 24329.61094 30393.24628 28377.78193 27877.72281 26363.08191 7963.095164 0 0 0 0 0 0 0 0 0 0 0 0 0 0 
0 0 0 0 0 0 0 0 0 0 0 0 0 2.895999871e-135 11181.3038 28064.40815 29553.63594 25412.76185 28386.45767 24868.71149 26231.45078 26097.4734 28364.03425 27236.96541 25809.09986 26410.75023 27901.0357 26031.61727 27914.89701 27094.17296 28526.08375 24885.42486 27458.01973 26845.74693 28274.01156 24282.45901 27243.58891 26964.58954 27194.54622 25050.6826 26505.28267 27290.90211 24955.50557 26072.40115 25123.55867 6845.127992 5.197739667e-160 0 0 0 0 0 0 0 0 0 0 0 0 0 
0 0 0 0 0 0 0 0 0 0 0 0 0 0 8196.779004 24186.32434 23227.54151 25545.80517 26827.53257 26853.75124 25924.75412 24359.05171 25661.59049 25401.78552 27018.09268 24144.0745 27257.8718 25780.09569 28672.71317 28003.76753 24982.43482 28553.27831 25563.79131 28166.149 25687.07283 25974.35017 27820.64463 26502.90273 26450.70332 26530.94224 27153.22862 27066.47207 26461.51254 24821.02968 26455.82681 8989.996614 0 0 0 0 0 0 0 0 0 0 0 0 0 0 
0 0 0 0 0 0 0 0 0 0 0 0 0 0 8551.969888 26316.47061 26515.9907 24175.91299 27402.71855 26709.73605 26030.14992 24133.56061 26946.63089 26933.9368 26196.32008 27589.58108 26818.79039 27396.07904 26200.93527 25612.56058 25626.29159 25897.62065 29323.58141 27365.21268 24097.16919 26390.60269 26454.17878 25013.43746 25483.82628 23718.19748 25631.46293 25733.64661 26391.17897 26784.76652 23844.91839 7996.027642 1.038488176e-96 0 0 0 0 0 0 0 0 0 0 0 0 0 
0 0 0 0 0 0 0 0 0 0 0 0 0 0 7719.1408 27329.79195 26124.53141 26015.62556 24009.41254 26120.04401 27037.15807 28664.34462 28508.40066 25562.16962 25267.36637 27268.62818 26990.50367 27054.32346 27175.13922 28122.12325 25726.98183 28422.65364 28752.30191 27027.38718 25521.0222 27506.83074 24292.30323 25083.82375 26759.95722 25889.41044 27037.02361 26735.65596 27358.01223 26864.22948 26716.4082 9749.287117 0 0 0 0 0 0 0 0 0 0 0 0 0 0 
0 0 0 0 0 0 0 0 0 0 0 0 0 1.939616669e-153 7367.992426 26446.66949 27988.18452 25941.46524 27558.72645 27793.42331 22904.6412 29120.00508 27225.38596 25828.87839 25384.95351 28446.95942 31394.89944 26853.85891 27062.64478 25117.12246 26422.844 27713.93338 27738.32825 26728.88337 29086.86119 27254.23693 26106.51794 25432.24167 24717.00863 29827.31466 30039.42064 28741.26974 26141.73546 27731.03701 25261.40899 9327.713571 4.147701387e-137 0 0 0 0 0 0 0 0 0 0 0 0 0 
0 0 0 0 0 0 0 0 0 0 0 0 0 5.333332476e-144 8239.32801 27165.30605 27946.00647 26664.787 28163.09384 24234.36838 26981.32292 29422.07174 28535.11332 26637.58527 25309.19557 26289.34041 26718.60635 26366.8954 30066.56827 29422.55228 29073.7614 25953.75875 26130.2033 27071.88579 28244.18534 25529.08093 28815.05311 25466.10684 27634.29191 25709.31639 25285.02097 28483.60952 25072.6745 26166.40056 25657.18602 11976.12143 6.032385994e-120 0 0 0 0 0 0 0 0 0 0 0 0 0 
0 0 0 0 0 0 0 0 0 0 0 0 0 7.413544845e-136 6407.972264 24266.26328 29321.74073 28149.93031 27542.19257 30281.58179 27355.24032 29245.86732 26466.38486 26257.71979 26630.84067 27460.67276 25915.52091 27814.09055 28575.95302 28129.82236 25218.36645 28916.5524 25505.70861 30105.34902 27674.20655 29510.96685 28528.53012 26208.92438 23723.61481 27163.11718 29438.88109 23511.11538 30073.1827 26709.6609 23677.53317 11560.12788 0 0 0 0 0 0 0 0 0 0 0 0 0 0 
0 0 0 0 0 0 0 0 0 0 0 0 0 1.903994062e-139 10014.58938 24285.56157 29637.76393 28204.62533 27791.5002 29731.78691 28169.62802 28638.93509 28726.00145 26942.42661 26326.98122 27165.10099 31004.19235 26078.54276 28407.04939 27968.55593 25722.60022 26234.52242 29815.61657 27029.5061 25814.40376 26768.39959 26960.55448 28868.10037 30020.05594 27663.04239 28319.55492 30357.98248 29234.30952 27874.11204 27273.1898 10700.38421 7.62292464e-146 0 0 0 0 0 0 0 0 0 0 0 0 0 
0 0 0 0 0 0 0 0 0 0 0 0 0 1.531839881e-131 10577.14371 26201.08353 26776.64408 29251.54397 25941.43885 27174.37732 29673.35879 31788.97558 32457.11234 28188.95075 27634.48413 29000.28735 28226.14029 28637.59749 29242.09755 27848.55958 28872.53407 26332.90852 27596.10703 30861.21244 31514.95528 29804.29454 29334.23611 30054.44295 33389.22218 29565.55648 31502.0142 28468.61183 27096.76737 30728.8582 29210.92377 11061.23818 0 0 0 0 0 0 0 0 0 0 0 0 0 0 
0 0 0 0 0 0 0 0 0 0 0 0 0 0 8747.122344 27200.26411 29208.91526 28538.44462 27487.55742 30316.2015 32806.79675 26977.30792 30332.03539 28764.06075 28473.97708 27616.92041 24768.86049 31370.57427 31387.79255 28122.10343 28537.26776 29896.65279 28288.54913 30908.40416 30669.67611 30103.92981 30161.43882 27912.22981 29775.15756 28280.60209 29620.04547 29321.56924 27858.18826 32103.82109 28744.24068 7916.088928 0 0 0 0 0 0 0 0 0 0 0 0 0 0 
0 0 0 0 0 0 0 0 0 0 0 0 0 0 8743.584946 25311.34082 31186.88929 30138.58204 30189.19043 27232.72383 31148.63175 28954.82637 30566.23854 31221.90051 30900.54829 26914.01 31446.19165 28580.92182 29296.12236 29543.95738 31582.02976 28466.02728 29465.00544 32301.69347 29515.50904 31159.16627 28818.45515 31168.65722 31962.18706 31330.03467 32846.50015 31256.61855 27705.90098 30310.31873 26589.55456 9476.351924 7.473706588e-83 0 0 0 0 0 0 0 0 0 0 0 0 0 
0 0 0 0 0 0 0 0 0 0 0 0 0 0 9115.032986 28896.78463 30572.8397 29886.88545 29673.24862 32496.75311 32276.24309 32071.23606 31958.48025 29806.44397 31747.37287 32719.34682 31140.59298 29237.60483 28551.62117 31115.29447 32099.49524 31122.64369 27616.01298 31829.63133 30794.0264 29566.32906 30267.85811 31933.35215 31388.92839 31384.90234 32586.26663 29552.19906 31080.84868 26926.08299 30058.58798 9638.700653 1.155210299e-159 0 0 0 0 0 0 0 0 0 0 0 0 0 
0 0 0 0 0 0 0 0 0 0 0 0 0 1.45506011e-138 11059.58238 31883.03483 32481.74456 30979.3631 33953.05574 31917.75339 33698.88083 32222.33012 29246.45527 29038.77117 29964.71905 27684.65152 33569.25341 31578.89766 32626.55185 31009.91057 30399.48023 32279.76175 31590.363 29709.92669 30903.57829 30116.62276 29637.4923 29558.54474 31207.11541 30344.06763 31081.97742 30729.39649 30078.96562 33449.4581 28500.68732 11610.66647 3.523474275e-93 0 0 0 0 0 0 0 0 0 0 0 0 0 
0 0 0 0 0 0 0 0 0 0 0 0 0 1.50961334e-118 8625.652337 30650.35455 31852.3965 31728.47183 32058.87146 33587.21975 31530.93147 30257.64309 31560.82914 35460.63856 30833.9458 31177.79462 32398.17218 34218.75419 32117.93298 30469.06682 32195.38897 31443.21776 29690.46518 30110.20082 33047.25805 30602.19539 30557.73368 32513.27406 30742.20348 29049.57738 29727.39136 32577.41047 33689.08226 31879.40194 29732.8179 11629.37978 0 0 0 0 0 0 0 0 0 0 0 0 0 0 
0 0 0 0 0 0 0 0 0 0 0 0 0 1.374493806e-111 9438.070418 28604.10843 31133.66355 31471.22016 34014.44162 31489.02641 34409.57083 27873.3725 30880.45749 28329.17069 31502.36499 33238.24504 29256.60402 32931.52219 32025.2171 30179.79439 30810.5712 32284.87641 33734.81939 32858.26311 30093.47488 34212.66865 32252.68685 33634.62437 29559.80521 31130.65948 32500.01492 30679.97853 30516.72291 32062.40738 30043.9271 10929.72487 1.285320899e-70 0 0 0 0 0 0 0 0 0 0 0 0 0 
0 0 0 0 0 0 0 0 0 0 0 0 0 6.761862054e-102 9920.133139 28212.32921 31679.49695 31784.55533 32622.11411 30795.01165 32234.81749 27321.88122 33751.84183 32530.28363 32617.67805 33038.40201 30401.77907 33482.24504 31142.92779 30269.30669 29420.4035 31226.46524 32305.47755 32509.24999 32982.7107 30914.65561 31138.00609 34301.0194 31358.43197 30416.91812 31191.10368 29488.21734 32762.84838 31171.02134 31215.40557 10313.89127 1.108690122e-133 0 0 0 0 0 0 0 0 0 0 0 0 0 
0 0 0 0 0 0 0 0 0 0 0 0 0 7.943949588e-127 5727.318961 11512.56212 10909.99466 15900.99729 10415.61164 12497.96107 15941.27474 15511.18829 16404.29654 12980.38647 13596.23438 10135.57114 9662.613285 13059.47065 11594.32248 14484.63011 14880.65641 12964.92291 12433.92416 14949.37721 12101.86304 11726.83665 13034.18174 13027.7719 11758.19272 11417.35638 11312.38985 11889.25209 16439.40033 14143.75947 11133.05243 3888.190019 0 0 0 0 0 0 0 0 0 0 0 0 0 0 
0 0 0 0 0 0 0 0 0 0 0 0 0 0 0 0 0 0 0 0 0 0 0 0 0 0 0 0 0 0 0 0 0 0 0 0 0 0 0 0 0 0 0 0 0 0 0 0 0 0 0 0 0 0 0 0 0 0 0 0 
0 0 0 0 0 0 0 0 0 0 0 0 0 0 0 0 0 0 0 0 0 0 0 0 0 0 0 0 0 0 0 0 0 0 0 0 0 0 0 0 0 0 0 0 0 0 0 0 0 0 0 0 0 0 0 0 0 0 0 0 
0 0 0 0 0 0 0 0 0 0 0 0 0 0 0 0 0 0 0 0 0 0 0 0 0 0 0 0 0 0 0 0 0 0 0 0 0 0 0 0 0 0 0 0 0 0 0 0 0 0 0 0 0 0 0 0 0 0 0 0 
0 0 0 0 0 0 0 0 0 0 0 0 0 0 0 0 0 0 0 0 0 0 0 0 0 0 0 0 0 0 0 0 0 0 0 0 0 0 0 0 0 0 0 0 0 0 0 0 0 0 0 0 0 0 0 0 0 0 0 0 
0 0 0 0 0 0 0 0 0 0 0 0 0 0 0 0 0 0 0 0 0 0 0 0 0 0 0 0 0 0 0 0 0 0 0 0 0 0 0 0 0 0 0 0 0 0 0 0 0 0 0 0 0 0 0 0 0 0 0 0 
0 0 0 0 0 0 0 0 0 0 0 0 0 0 0 0 0 0 0 0 0 0 0 0 0 0 0 0 0 0 0 0 0 0 0 0 0 0 0 0 0 0 0 0 0 0 0 0 0 0 0 0 0 0 0 0 0 0 0 0 
0 0 0 0 0 0 0 0 0 0 0 0 0 0 0 0 0 0 0 0 0 0 0 0 0 0 0 0 0 0 0 0 0 0 0 0 0 0 0 0 0 0 0 0 0 0 0 0 0 0 0 0 0 0 0 0 0 0 0 0 
0 0 0 0 0 0 0 0 0 0 0 0 0 0 0 0 0 0 0 0 0 0 0 0 0 0 0 0 0 0 0 0 0 0 0 0 0 0 0 0 0 0 0 0 0 0 0 0 0 0 0 0 0 0 0 0 0 0 0 0 
0 0 0 0 0 0 0 0 0 0 0 0 0 0 0 0 0 0 0 0 0 0 0 0 0 0 0 0 0 0 0 0 0 0 0 0 0 0 0 0 0 0 0 0 0 0 0 0 0 0 0 0 0 0 0 0 0 0 0 0 
0 0 0 0 0 0 0 0 0 0 0 0 0 0 0 0 0 0 0 0 0 0 0 0 0 0 0 0 0 0 0 0 0 0 0 0 0 0 0 0 0 0 0 0 0 0 0 0 0 0 0 0 0 0 0 0 0 0 0 0 
0 0 0 0 0 0 0 0 0 0 0 0 0 0 0 0 0 0 0 0 0 0 0 0 0 0 0 0 0 0 0 0 0 0 0 0 0 0 0 0 0 0 0 0 0 0 0 0 0 0 0 0 0 0 0 0 0 0 0 0 
0 0 0 0 0 0 0 0 0 0 0 0 0 0 0 0 0 0 0 0 0 0 0 0 0 0 0 0 0 0 0 0 0 0 0 0 0 0 0 0 0 0 0 0 0 0 0 0 0 0 0 0 0 0 0 0 0 0 0 0 
0 0 0 0 0 0 0 0 0 0 0 0 0 0 0 0 0 0 0 0 0 0 0 0 0 0 0 0 0 0 0 0 0 0 0 0 0 0 0 0 0 0 0 0 0 0 0 0 0 0 0 0 0 0 0 0 0 0 0 0 
0 0 0 0 0 0 0 0 0 0 0 0 0 0 0 0 0 0 0 0 0 0 0 0 0 0 0 0 0 0 0 0 0 0 0 0 0 0 0 0 0 0 0 0 0 0 0 0 0 0 0 0 0 0 0 0 0 0 0 0 
0 0 0 0 0 0 0 0 0 0 0 0 0 0 0 0 0 0 0 0 0 0 0 0 0 0 0 0 0 0 0 0 0 0 0 0 0 0 0 0 0 0 0 0 0 0 0 0 0 0 0 0 0 0 0 0 0 0 0 0 
# Events [PSDmon1Chopper/psdchopper.dat] N:
0 0 0 0 0 0 0 0 0 0 0 0 0 0 0 0 0 0 0 0 0 0 0 0 0 0 0 0 0 0 0 0 0 0 0 0 0 0 0 0 0 0 0 0 0 0 0 0 0 0 0 0 0 0 0 0 0 0 0 0 
0 0 0 0 0 0 0 0 0 0 0 0 0 0 0 0 0 0 0 0 0 0 0 0 0 0 0 0 0 0 0 0 0 0 0 0 0 0 0 0 0 0 0 0 0 0 0 0 0 0 0 0 0 0 0 0 0 0 0 0 
0 0 0 0 0 0 0 0 0 0 0 0 0 0 0 0 0 0 0 0 0 0 0 0 0 0 0 0 0 0 0 0 0 0 0 0 0 0 0 0 0 0 0 0 0 0 0 0 0 0 0 0 0 0 0 0 0 0 0 0 
0 0 0 0 0 0 0 0 0 0 0 0 0 0 0 0 0 0 0 0 0 0 0 0 0 0 0 0 0 0 0 0 0 0 0 0 0 0 0 0 0 0 0 0 0 0 0 0 0 0 0 0 0 0 0 0 0 0 0 0 
0 0 0 0 0 0 0 0 0 0 0 0 0 0 0 0 0 0 0 0 0 0 0 0 0 0 0 0 0 0 0 0 0 0 0 0 0 0 0 0 0 0 0 0 0 0 0 0 0 0 0 0 0 0 0 0 0 0 0 0 
0 0 0 0 0 0 0 0 0 0 0 0 0 0 0 0 0 0 0 0 0 0 0 0 0 0 0 0 0 0 0 0 0 0 0 0 0 0 0 0 0 0 0 0 0 0 0 0 0 0 0 0 0 0 0 0 0 0 0 0 
0 0 0 0 0 0 0 0 0 0 0 0 0 0 0 0 0 0 0 0 0 0 0 0 0 0 0 0 0 0 0 0 0 0 0 0 0 0 0 0 0 0 0 0 0 0 0 0 0 0 0 0 0 0 0 0 0 0 0 0 
0 0 0 0 0 0 0 0 0 0 0 0 0 0 0 0 0 0 0 0 0 0 0 0 0 0 0 0 0 0 0 0 0 0 0 0 0 0 0 0 0 0 0 0 0 0 0 0 0 0 0 0 0 0 0 0 0 0 0 0 
0 0 0 0 0 0 0 0 0 0 0 0 0 0 0 0 0 0 0 0 0 0 0 0 0 0 0 0 0 0 0 0 0 0 0 0 0 0 0 0 0 0 0 0 0 0 0 0 0 0 0 0 0 0 0 0 0 0 0 0 
0 0 0 0 0 0 0 0 0 0 0 0 0 0 0 0 0 0 0 0 0 0 0 0 0 0 0 0 0 0 0 0 0 0 0 0 0 0 0 0 0 0 0 0 0 0 0 0 0 0 0 0 0 0 0 0 0 0 0 0 
0 0 0 0 0 0 0 0 0 0 0 0 0 0 0 0 0 0 0 0 0 0 0 0 0 0 0 0 0 0 0 0 0 0 0 0 0 0 0 0 0 0 0 0 0 0 0 0 0 0 0 0 0 0 0 0 0 0 0 0 
0 0 0 0 0 0 0 0 0 0 0 0 0 0 0 0 0 0 0 0 0 0 0 0 0 0 0 0 0 0 0 0 0 0 0 0 0 0 0 0 0 0 0 0 0 0 0 0 0 0 0 0 0 0 0 0 0 0 0 0 
0 0 0 0 0 0 0 0 0 0 0 0 0 0 0 0 0 0 0 0 0 0 0 0 0 0 0 0 0 0 0 0 0 0 0 0 0 0 0 0 0 0 0 0 0 0 0 0 0 0 0 0 0 0 0 0 0 0 0 0 
0 0 0 0 0 0 0 0 0 0 0 0 0 0 0 0 0 0 0 0 0 0 0 0 0 0 0 0 0 0 0 0 0 0 0 0 0 0 0 0 0 0 0 0 0 0 0 0 0 0 0 0 0 0 0 0 0 0 0 0 
0 0 0 0 0 0 0 0 0 0 0 0 0 0 0 0 0 0 0 0 0 0 0 0 0 0 0 0 0 0 0 0 0 0 0 0 0 0 0 0 0 0 0 0 0 0 0 0 0 0 0 0 0 0 0 0 0 0 0 0 
0 0 0 0 0 0 0 0 0 0 0 0 0 2 32 90 100 82 115 99 91 92 102 122 119 130 116 123 98 100 106 117 111 90 125 101 117 116 105 97 109 98 89 98 71 25 0 0 0 0 0 0 0 0 0 0 0 0 0 0 
0 0 0 0 0 0 0 0 0 0 0 0 0 3 84 272 374 366 413 355 349 365 351 391 368 375 351 360 326 352 390 358 386 343 398 354 380 370 364 358 375 362 353 372 295 85 4 0 0 0 0 0 0 0 0 0 0 0 0 0 
0 0 0 0 0 0 0 0 0 0 0 0 0 1 123 325 383 431 441 439 401 454 411 432 436 428 453 431 403 414 403 413 397 381 380 421 357 449 419 421 439 424 436 377 274 111 1 0 0 0 0 0 0 0 0 0 0 0 0 0 
0 0 0 0 0 0 0 0 0 0 0 0 0 2 112 322 430 405 431 411 406 431 376 418 422 413 449 456 404 401 433 415 438 458 390 417 416 372 422 437 412 430 407 380 289 111 4 0 0 0 0 0 0 0 0 0 0 0 0 0 
0 0 0 0 0 0 0 0 0 0 0 0 0 4 111 319 411 439 428 421 424 461 437 415 394 428 440 432 408 396 395 441 381 405 429 441 396 424 379 410 448 425 424 427 304 108 2 0 0 0 0 0 0 0 0 0 0 0 0 0 
0 0 0 0 0 0 0 0 0 0 0 0 0 1 121 311 409 432 399 430 416 410 413 438 415 400 401 431 394 422 421 400 416 426 427 425 402 418 419 449 418 426 431 386 306 102 4 0 0 0 0 0 0 0 0 0 0 0 0 0 
0 0 0 0 0 0 0 0 0 0 0 0 0 6 115 309 408 408 439 420 445 445 416 425 422 446 436 455 441 405 393 433 433 450 462 402 445 411 442 459 402 475 417 397 257 124 2 0 0 0 0 0 0 0 0 0 0 0 0 0 
0 0 0 0 0 0 0 0 0 0 0 0 0 2 110 283 421 430 412 440 445 417 422 459 422 425 414 451 391 436 440 444 419 435 396 412 426 383 398 424 390 424 441 421 314 101 1 0 0 0 0 0 0 0 0 0 0 0 0 0 
0 0 0 0 0 0 0 0 0 0 0 0 0 2 113 330 424 462 471 418 467 429 411 473 429 447 454 442 432 448 439 447 410 450 436 428 412 446 455 400 465 408 461 405 308 117 4 0 0 0 0 0 0 0 0 0 0 0 0 0 
0 0 0 0 0 0 0 0 0 0 0 0 0 4 132 330 433 480 451 434 471 453 479 449 428 423 454 415 403 451 478 458 451 455 418 414 442 421 438 441 427 443 451 424 326 97 3 0 0 0 0 0 0 0 0 0 0 0 0 0 
0 0 0 0 0 0 0 0 0 0 0 0 0 3 142 322 447 445 454 469 464 434 451 458 429 467 433 456 430 455 461 445 464 423 449 435 430 448 464 465 437 412 476 388 332 118 4 0 0 0 0 0 0 0 0 0 0 0 0 0 
0 0 0 0 0 0 0 0 0 0 0 0 0 4 139 309 475 470 456 446 496 472 462 506 470 488 447 425 448 468 450 430 497 456 420 493 468 422 414 465 419 446 437 462 307 113 2 0 0 0 0 0 0 0 0 0 0 0 0 0 
0 0 0 0 0 0 0 0 0 0 0 0 0 8 146 301 456 468 463 447 448 470 443 442 474 502 425 472 434 438 442 437 420 454 459 458 462 477 466 443 459 447 448 462 328 121 0 0 0 0 0 0 0 0 0 0 0 0 0 0 
0 0 0 0 0 0 0 0 0 0 0 0 0 3 129 357 461 499 471 473 459 468 466 504 503 491 461 449 448 452 435 442 479 453 483 460 455 447 458 432 458 435 443 467 334 107 2 0 0 0 0 0 0 0 0 0 0 0 0 0 
0 0 0 0 0 0 0 0 0 0 0 0 0 6 131 328 454 460 480 464 475 463 460 451 438 418 475 447 492 435 442 508 444 454 461 445 474 439 488 463 454 461 463 462 342 127 2 0 0 0 0 0 0 0 0 0 0 0 0 0 
0 0 0 0 0 0 0 0 0 0 0 0 0 5 131 356 416 461 449 456 472 477 452 443 468 449 467 459 407 468 440 465 483 468 419 455 428 451 444 452 449 476 431 473 329 105 3 0 0 0 0 0 0 0 0 0 0 0 0 0 
0 0 0 0 0 0 0 0 0 0 0 0 0 3 142 367 446 445 469 472 484 468 487 481 447 485 425 449 444 432 449 470 498 453 421 487 447 421 448 460 449 453 465 432 321 125 2 0 0 0 0 0 0 0 0 0 0 0 0 0 
0 0 0 0 0 0 0 0 0 0 0 0 0 3 118 343 431 448 503 455 469 473 490 448 476 490 452 489 431 425 446 450 469 453 437 487 463 464 421 433 495 467 454 465 321 109 3 0 0 0 0 0 0 0 0 0 0 0 0 0 
0 0 0 0 0 0 0 0 0 0 0 0 0 2 117 360 486 433 479 430 468 476 476 486 474 491 438 402 440 433 453 437 429 463 450 480 459 449 466 422 408 474 447 429 335 120 8 0 0 0 0 0 0 0 0 0 0 0 0 0 
0 0 0 0 0 0 0 0 0 0 0 0 0 6 108 350 445 463 471 467 439 456 433 419 425 414 450 409 461 420 454 450 419 426 463 434 443 402 418 473 468 423 444 413 306 136 3 0 0 0 0 0 0 0 0 0 0 0 0 0 
0 0 0 0 0 0 0 0 0 0 0 0 0 8 114 321 442 456 455 460 437 440 471 454 428 422 493 428 449 441 392 415 467 456 421 407 432 414 477 448 448 431 423 421 313 119 2 0 0 0 0 0 0 0 0 0 0 0 0 0 
0 0 0 0 0 0 0 0 0 0 0 0 0 4 116 320 394 434 426 402 447 449 486 424 421 479 445 421 423 438 449 435 432 461 459 428 460 464 438 440 455 425 399 410 347 89 3 0 0 0 0 0 0 0 0 0 0 0 0 0 
0 0 0 0 0 0 0 0 0 0 0 0 0 2 121 298 429 481 443 420 499 397 429 420 441 400 387 455 421 401 421 417 379 457 456 472 441 410 403 438 387 379 387 459 305 102 4 0 0 0 0 0 0 0 0 0 0 0 0 0 
0 0 0 0 0 0 0 0 0 0 0 0 0 4 116 321 450 438 469 406 440 413 437 429 456 423 442 445 422 423 435 415 421 446 436 413 430 435 394 429 459 413 409 390 308 104 5 0 0 0 0 0 0 0 0 0 0 0 0 0 
0 0 0 0 0 0 0 0 0 0 0 0 0 2 111 332 419 441 429 436 458 455 455 414 420 433 462 403 385 397 410 402 398 405 417 445 394 418 404 441 447 406 404 381 313 90 3 0 0 0 0 0 0 0 0 0 0 0 0 0 
0 0 0 0 0 0 0 0 0 0 0 0 0 2 134 335 470 434 449 468 481 415 440 393 424 423 433 383 426 405 417 442 433 404 409 422 416 408 428 387 438 414 412 389 314 89 6 0 0 0 0 0 0 0 0 0 0 0 0 0 
0 0 0 0 0 0 0 0 0 0 0 0 0 8 118 321 407 432 424 446 457 440 430 437 430 433 424 444 388 364 416 420 380 409 440 393 435 455 424 396 417 436 430 422 290 85 3 0 0 0 0 0 0 0 0 0 0 0 0 0 
0 0 0 0 0 0 0 0 0 0 0 0 0 7 120 310 406 418 434 434 433 417 435 411 433 437 427 438 406 411 406 407 409 416 428 437 450 431 383 379 367 409 397 413 330 107 2 0 0 0 0 0 0 0 0 0 0 0 0 0 
0 0 0 0 0 0 0 0 0 0 0 0 0 5 97 281 383 390 391 363 434 333 388 395 396 388 345 398 370 352 376 367 351 370 427 355 355 384 391 355 370 353 344 330 283 105 1 0 0 0 0 0 0 0 0 0 0 0 0 0 
0 0 0 0 0 0 0 0 0 0 0 0 0 2 19 73 93 111 105 97 137 99 128 103 120 93 81 91 96 106 110 98 97 116 107 104 115 126 97 93 84 74 110 114 69 28 0 0 0 0 0 0 0 0 0 0 0 0 0 0 
0 0 0 0 0 0 0 0 0 0 0 0 0 0 0 0 0 0 0 0 0 0 0 0 0 0 0 0 0 0 0 0 0 0 0 0 0 0 0 0 0 0 0 0 0 0 0 0 0 0 0 0 0 0 0 0 0 0 0 0 
0 0 0 0 0 0 0 0 0 0 0 0 0 0 0 0 0 0 0 0 0 0 0 0 0 0 0 0 0 0 0 0 0 0 0 0 0 0 0 0 0 0 0 0 0 0 0 0 0 0 0 0 0 0 0 0 0 0 0 0 
0 0 0 0 0 0 0 0 0 0 0 0 0 0 0 0 0 0 0 0 0 0 0 0 0 0 0 0 0 0 0 0 0 0 0 0 0 0 0 0 0 0 0 0 0 0 0 0 0 0 0 0 0 0 0 0 0 0 0 0 
0 0 0 0 0 0 0 0 0 0 0 0 0 0 0 0 0 0 0 0 0 0 0 0 0 0 0 0 0 0 0 0 0 0 0 0 0 0 0 0 0 0 0 0 0 0 0 0 0 0 0 0 0 0 0 0 0 0 0 0 
0 0 0 0 0 0 0 0 0 0 0 0 0 0 0 0 0 0 0 0 0 0 0 0 0 0 0 0 0 0 0 0 0 0 0 0 0 0 0 0 0 0 0 0 0 0 0 0 0 0 0 0 0 0 0 0 0 0 0 0 
0 0 0 0 0 0 0 0 0 0 0 0 0 0 0 0 0 0 0 0 0 0 0 0 0 0 0 0 0 0 0 0 0 0 0 0 0 0 0 0 0 0 0 0 0 0 0 0 0 0 0 0 0 0 0 0 0 0 0 0 
0 0 0 0 0 0 0 0 0 0 0 0 0 0 0 0 0 0 0 0 0 0 0 0 0 0 0 0 0 0 0 0 0 0 0 0 0 0 0 0 0 0 0 0 0 0 0 0 0 0 0 0 0 0 0 0 0 0 0 0 
0 0 0 0 0 0 0 0 0 0 0 0 0 0 0 0 0 0 0 0 0 0 0 0 0 0 0 0 0 0 0 0 0 0 0 0 0 0 0 0 0 0 0 0 0 0 0 0 0 0 0 0 0 0 0 0 0 0 0 0 
0 0 0 0 0 0 0 0 0 0 0 0 0 0 0 0 0 0 0 0 0 0 0 0 0 0 0 0 0 0 0 0 0 0 0 0 0 0 0 0 0 0 0 0 0 0 0 0 0 0 0 0 0 0 0 0 0 0 0 0 
0 0 0 0 0 0 0 0 0 0 0 0 0 0 0 0 0 0 0 0 0 0 0 0 0 0 0 0 0 0 0 0 0 0 0 0 0 0 0 0 0 0 0 0 0 0 0 0 0 0 0 0 0 0 0 0 0 0 0 0 
0 0 0 0 0 0 0 0 0 0 0 0 0 0 0 0 0 0 0 0 0 0 0 0 0 0 0 0 0 0 0 0 0 0 0 0 0 0 0 0 0 0 0 0 0 0 0 0 0 0 0 0 0 0 0 0 0 0 0 0 
0 0 0 0 0 0 0 0 0 0 0 0 0 0 0 0 0 0 0 0 0 0 0 0 0 0 0 0 0 0 0 0 0 0 0 0 0 0 0 0 0 0 0 0 0 0 0 0 0 0 0 0 0 0 0 0 0 0 0 0 
0 0 0 0 0 0 0 0 0 0 0 0 0 0 0 0 0 0 0 0 0 0 0 0 0 0 0 0 0 0 0 0 0 0 0 0 0 0 0 0 0 0 0 0 0 0 0 0 0 0 0 0 0 0 0 0 0 0 0 0 
0 0 0 0 0 0 0 0 0 0 0 0 0 0 0 0 0 0 0 0 0 0 0 0 0 0 0 0 0 0 0 0 0 0 0 0 0 0 0 0 0 0 0 0 0 0 0 0 0 0 0 0 0 0 0 0 0 0 0 0 
0 0 0 0 0 0 0 0 0 0 0 0 0 0 0 0 0 0 0 0 0 0 0 0 0 0 0 0 0 0 0 0 0 0 0 0 0 0 0 0 0 0 0 0 0 0 0 0 0 0 0 0 0 0 0 0 0 0 0 0 
