# Format: McCode with text headers
# URL: http://www.mccode.org
# Creator: McStas 2.6rc1 - Oct. 12, 2019
# Instrument: PSI_Focus.instr
# Ncount: 1000000
# Trace: no
# Gravitation: no
# Seed: 1570892468
# Directory: PSI_Focus/0
# Param: lambda=3.4
# Param: chopp_ratio=1
# Param: DET=-69.9
# Date: Sat Oct 12 09:41:42 2019 (1570866102)
# type: array_2d(30, 30)
# Source: PSI_Focus (PSI_Focus.instr)
# component: PSD_Fermi2
# position: 0.928724 0 73.1341
# title: PSD monitor
# Ncount: 1000000
# filename: psdfermi2.dat
# statistics: X0=-0.16282; dX=1.38458; Y0=0.0603804; dY=1.63553;
# signal: Min=0; Max=4754.11; Mean=512.067;
# values: 460861 9542.73 9220
# xvar: X
# yvar: Y
# xlabel: X position [cm]
# ylabel: Y position [cm]
# zvar: I
# zlabel: Signal per bin
# xylimits: -3 3 -5.5 5.5
# variables: I I_err N
# Data [PSD_Fermi2/psdfermi2.dat] I:
0 1.757929685e-19 1.564694648e-56 4.449772688e-26 1.196406258e-52 1.354839771e-14 1.358988137e-119 4.800401756e-32 9.602177095e-60 9.038101676e-46 0 2.133413316e-45 0 0 9.060099098e-49 5.743400586e-62 6.089793277e-43 5.58294405e-21 7.896386291e-46 0 3.402424233e-47 3.33478709e-10 1.831194494e-31 0 1.36305687e-31 2.814696827e-35 3.78792998e-66 0 0 0 
2.177888793e-21 9.319015723e-26 1.299850784e-56 3.066383068e-43 5.275417337e-83 2.709679542e-14 2.717976274e-119 8.488377717e-55 7.520180355e-72 1.205080224e-45 2.772367711e-60 6.400253513e-45 9.771026821e-81 3.641781899e-61 1.612852872e-12 1.148695134e-61 1.217958655e-42 3.981463159e-46 1.579277258e-45 2.556545322e-58 3.375298107e-84 9.87435273e-10 8.269074198e-16 1.640385596e-84 1.086179248e-150 9.394994198e-50 5.68189497e-66 0 0 8.575451922e-86 
2.206690229e-83 8.401041281e-56 6.60941796 1.678133492e-52 1.220202494e-83 0.0002946404199 1.358988137e-119 6.410872104e-18 1.274083548e-11 2.069417125e-20 6.966996587e-187 3.381294127e-21 17.96397304 9.677117235e-12 68.94052358 0.06047785617 2.471508137e-23 0.0009114362716 6.938449347e-56 7.207108184e-67 4.275515016e-11 1.316580364e-09 1.65381484e-15 4.313746931e-36 2.827527494e-14 3.759004691e-50 2.056949818e-05 1.820588273e-82 0 0 
1.344530991e-74 15.43552992 7.603011369 2.159860661e-52 2.440404987e-83 3.674956449e-44 9.084100547e-14 1.039618323e-16 8.493890319e-12 130.6077788 4.144413668 228.1217377 128.1868307 8.814014814e-106 2.507616461e-24 0.06047785617 44.74481079 0.0006835772037 3.280183857e-08 1.232459591e-36 4.275515016e-11 3.948155265e-29 8.707557117e-09 279.6725154 1.019451126 2.814696827e-35 2.056949818e-05 6.066487409e-12 4.652766442e-86 4.003670034e-54 
147.8593729 9.395685717e-17 31.52392777 159.5486248 0 329.5838923 1.362615082e-13 9.652772643e-32 8.493895557e-12 130.6095487 0.0006541464557 0 274.3388339 8.185345314e-07 1.227157475e-05 0.8090475256 44.74481079 0 1.140122624e-14 5.292170066e-18 107.6019377 19.35457434 82.55023037 279.4646542 206.1786079 27.73843482 118.4671816 8.386142033 1.280709519e-15 8.575451922e-86 
185.7758688 32.99471054 14.0377018 257.9824405 0.1176344676 430.9628481 1.228071583 68.9514514 5.237892675e-18 130.6084868 30.65463739 1064.04607 873.4378354 3.865708937e-06 128.0391761 0.03951237921 70.8111346 45.14783373 0 328.4992836 316.0395759 31.19200141 131.9566522 164.2472251 23.94804205 108.3799311 232.6255002 2.790776204 47.62979719 4.536734155e-120 
1170.889365 163.2572195 68.48888291 70.50948481 0.05869115673 648.0460522 1.664111014e-11 34.47572548 223.9236325 391.8233365 8.990235315 377.7992258 457.9407597 0.1211493604 21.23443145 603.07571 44.74481079 278.1516489 7.065690753 351.2720323 948.1187052 212.5724519 718.8154309 541.1488181 20.72443057 40.86658666 452.5908966 109.4377295 49.39627454 3.561077897e-36 
323.1077299 372.9151736 99.42002754 6.253626366 0.1173823135 793.3690575 196.0083671 458.7210081 45.01204915 261.2167296 0.02531872127 1368.497619 404.9333975 98.45367566 187.5575307 640.4126439 132.3374761 50.58730817 451.3589385 111.4056241 985.5312405 230.0847793 1390.80861 251.3640489 362.0858824 81.25427067 394.2308687 113.8441369 30.2460433 3.561077897e-36 
294.2608232 2.530312847 304.9307881 359.3551595 248.6789037 924.6359509 366.1608632 859.5741882 134.209551 708.8466204 217.9078466 403.6862896 159.4070752 773.7985232 844.876265 1810.276518 1333.304727 5.43947444 334.9149541 765.0362049 646.4597399 2019.895135 471.3001396 168.6837535 426.9741499 26.99736916 799.9432941 260.3755353 212.1194827 15.18440878 
538.2895759 8.405744809 601.2711622 1328.836036 521.7406147 1328.646806 331.0317224 750.97521 402.672941 419.6615964 130.2201646 684.2488042 806.6917115 345.5489287 747.5484432 2237.383857 1092.32229 338.7693749 664.6098708 77.68368795 1602.834035 691.0323349 533.3828629 27.44826766 823.9681147 337.9304818 742.6714886 164.0396605 293.2802492 23.12548602 
203.4911569 292.318528 821.2990465 825.3797297 117.6534708 887.568332 652.1926863 626.2385109 402.6286529 0.0004656246141 129.9479798 854.7814794 404.3728903 539.9839871 1786.258083 1243.860595 558.5357406 1792.158774 1639.815171 599.4669015 1875.691317 1013.965497 157.0654031 25.37282965 523.525892 104.0381131 623.6483321 166.6884061 187.002443 5.672744901 
92.17670537 1416.742365 915.6515523 1027.932216 570.8691174 1617.178736 2078.360661 554.1411503 992.2161675 241.8933026 1563.62046 832.5650421 1371.763629 1180.476144 1029.233137 692.1731865 2750.461417 1038.8082 1377.70121 382.6909165 2336.917719 1232.096386 445.4287831 280.5565278 1126.153109 246.4844168 994.4144701 158.0644946 417.8757261 72.25748461 
76.38346419 1227.628888 1298.198595 1278.007931 1206.125003 830.5925695 3022.219937 2851.979091 680.4207172 1.542643945e-07 832.1466145 1120.367811 2038.02006 1442.367615 1604.898793 2228.589627 4533.981985 800.1320939 2034.084141 2572.246769 1730.404767 2100.263024 316.2511058 218.1792314 1369.411453 102.7616216 1081.252183 1109.106454 434.9367511 18.06416441 
100.964734 1397.574996 595.2996072 664.7998686 2403.614114 1298.463349 1057.743051 1665.016232 921.2876032 804.1580326 1250.370962 565.8399909 1574.906423 3410.943459 1028.8761 2459.811553 3606.455264 1812.75478 1330.134286 2413.16779 1738.332182 1678.074057 966.2372817 1295.967595 1640.976698 36.77247066 1590.315592 373.0183165 615.6226443 37.84133743 
403.8766251 655.2786865 1727.153512 190.1280387 1040.193832 1821.048937 1490.452084 3426.651411 907.4315897 1793.885465 1067.025437 1858.109057 3173.361151 3963.367948 1202.351562 1684.594817 4754.109555 2402.73736 448.3909073 2060.023418 1174.055955 1378.283575 1868.426491 375.6409782 1584.767322 216.7946401 1191.341731 20.31127885 751.2532442 150.5496791 
182.8156479 1256.62105 1159.025431 967.0013955 762.7363803 676.9308258 266.6324311 2004.795991 1671.933017 2066.89148 1111.127534 2250.72139 2568.495209 3424.5202 655.7791295 2510.719006 4433.56534 1490.116314 1240.132357 1849.183048 113.2395385 1509.968032 1568.311996 194.1530736 1313.497568 194.347263 1338.256213 216.0627832 296.2383379 112.9120743 
206.4135527 485.3818899 484.054797 812.7593811 953.0856413 647.0410079 1279.585997 363.9362226 1060.09361 3407.223748 1554.14045 910.0462763 2168.752429 1667.264191 1102.409348 3829.294347 2200.989384 2100.626613 458.1742644 2008.242385 1221.579593 766.7795308 1081.534484 296.2584767 423.3547936 343.0551599 1121.49113 72.02769155 296.2383379 37.63748254 
450.0203854 50.82167886 1230.724921 830.3308568 951.5734796 1164.121369 619.6064628 1070.274388 1983.205775 2184.496001 2937.957538 952.7718855 1668.942414 880.6398898 777.6365867 18.99582094 1583.896938 1796.848219 591.9834739 1151.492839 667.9318237 1419.549883 812.9945296 1.053703807 1053.646904 885.821223 701.422085 82.53179972 417.9900817 39.24957129 
42.49605632 266.0408122 271.5360335 211.707774 367.6834855 1399.8447 858.1444308 741.4234107 1013.774649 2793.17404 2825.998706 1753.863436 2324.2971 1149.033 1286.843 0.02132242973 1328.556264 1074.964297 42.98089918 2310.511284 818.9074456 545.4763035 172.7398787 1.659009788 955.0127934 0.2277030478 1296.491229 714.1516073 226.4307049 3.66851795 
99.53047102 472.9876581 250.8822827 139.1719243 180.1599283 1506.038229 781.6930686 1404.082001 468.7795886 2558.624623 2241.36673 45.29152251 681.2441124 2230.401177 910.6176938 333.3764393 842.208726 1260.455057 70.00428268 1552.286122 1846.38118 1101.001769 7.893552662e-16 517.7764186 1542.55795 841.5202931 325.3884941 535.2575835 551.1397288 2.298464341 
0.459898337 607.4122835 838.7611583 105.1699628 275.5053842 741.3457058 370.3927578 752.1990693 1155.569248 1093.629206 1536.715519 674.8128853 451.8096169 1990.528858 1218.57575 1055.642385 40.06814251 1127.786621 1162.564596 1670.007658 1490.056813 254.4216308 269.7425784 239.1513236 1121.15954 0.9108121913 444.6565851 716.2277096 150.3998016 2.305789763 
5.29341251e-08 685.0210881 65.15364357 97.66123161 362.722379 1813.311874 496.9521163 71.25965032 740.9830713 1177.949709 1756.744403 1164.352017 127.0256404 1756.247158 1509.14342 1407.381372 36.5536934 1026.297372 691.7093412 1062.220934 1787.22368 4.043944078 336.6196838 139.4615532 505.4008592 5.672196426e-54 83.33867319 480.881884 88.84384546 1.159914963 
0.7089049335 540.8044159 171.7640411 612.9895653 647.1987259 240.8386086 174.4527024 180.6604378 554.3558842 400.5919996 931.5806877 491.8610083 275.6450889 1710.478628 1105.098208 1213.058613 2.871198377e-11 1758.942452 803.3407631 726.4564314 856.4908294 825.299953 36.72966714 66.37835133 446.5359741 229.2213524 327.8285735 449.6359325 16.81615392 0.007511582014 
0.1779563177 402.1166869 127.3643867 639.9865427 27.23931898 227.6351887 389.4543518 279.9622852 156.4010677 474.0770712 196.6103151 281.0630595 58.37548957 768.9516993 776.5357199 227.3541524 191.6633081 493.0608563 701.1438279 72.16951984 592.453032 83.60179326 9.052938083 112.5965456 276.8342095 1.701658928e-53 132.9658711 407.3722832 118.9554618 0.007511582014 
0.3529923775 209.1133271 12.87263057 784.281952 0.02627766044 0.001247947864 202.9988928 79.37103334 1.077490612e-21 491.4617424 197.4576185 625.3475828 64.00170735 527.9980314 0.378054011 589.9141988 440.7804086 83.67262629 133.7453945 79.68290754 1.020492099e-17 43.75818501 160.4218318 44.79021656 127.1783939 1.045742076e-22 26.64070787 201.9151973 2.291940024 0.01502316403 
0.1767482948 69.6692347 12.87262706 269.2902759 0.0004048610568 0.0006227973164 111.0187787 0.04637155285 54.28771475 56.23135867 5.220067576e-08 181.6829989 169.4233218 264.2317715 8.343814111e-64 1.009967776e-14 313.107688 29.12753253 1.258958587 8.047720528e-08 0.0002274653074 25.77477954 169.9874865 5.367099535 0.03896833416 5.228710381e-23 26.58118838 1.17126025e-23 6.237787067e-05 4.756928544e-52 
0.0001681059709 61.67178844 1.146679993e-07 232.7673068 0.0002024305284 5.883077406e-07 7.069063258 8.663227226e-42 335.5042698 3.642518863 253.2139709 0 33.88466436 0.03354292074 2.746439147e-84 195.46995 313.107688 72.67413964 2.980138804e-31 0.07439152833 140.77517 1.38220331e-17 18.20727201 22.39510723 1.229309993e-42 5.228710381e-23 1.426515041e-38 1.21396335e-05 0.8489426414 1.723569785e-71 
2.507098191e-11 2.775966323e-14 4.586719971e-07 2.146301037e-07 0.0002024305284 7.608011943e-20 4.015028797e-41 3.028614838e-31 2.815330635e-30 1.481768459e-27 1.361373915e-27 2.140682258e-84 2.978511619e-38 4.887271166e-21 3.663714145e-47 2.873405416e-08 5.169432741e-21 0 4.834224973e-19 0.1488714007 0.0001137326537 12.88736307 18.20727201 1.64735628e-19 7.354865105e-63 5.228727697e-23 1.045742076e-22 2.307000553e-23 1.289107252e-26 1.149046523e-71 
2.790037714e-26 2.775966297e-14 4.347465192e-73 2.738153778e-40 1.176162445e-31 3.346068602e-76 9.194407009e-44 1.929726522e-53 8.521853043e-30 4.850174047e-77 1.697839341e-32 0 5.647111536e-17 7.453435828e-67 3.663714145e-47 1.901706247e-209 2.178587324 8.739395534e-33 3.71509441e-50 1.228339578e-41 4.171240461e-19 7.853878956e-19 2.111137712e-30 8.236781398e-20 3.063606944e-43 2.885990519e-29 8.173067852e-09 7.690001842e-24 5.080144539e-83 2.03053526e-92 
1.395018857e-26 5.467555298e-23 7.809344223e-77 0 9.517161619e-81 1.115356201e-76 1.464810493e-121 6.436604525e-12 2.815330474e-30 3.071001615 0 0 0 2.484478609e-67 0 2.852559371e-209 1.870132907 4.366886454e-33 1.857547205e-50 2.177347546e-93 1.816566519e-77 0.0001137326537 1.391079078e-42 2.250442582e-34 4.500568714e-78 0 0.5347746143 2.032327237e-52 0 1.01526763e-92 
# Errors [PSD_Fermi2/psdfermi2.dat] I_err:
0 1.925715486e-19 1.33928846e-56 5.138154919e-26 1.196406258e-52 8.936954526e-15 1.358988137e-119 4.800401756e-32 6.789764538e-60 5.218150436e-46 0 2.133413316e-45 0 0 6.919764986e-49 5.743400586e-62 6.089793277e-43 5.58294405e-21 7.896386291e-46 0 1.442428879e-47 3.677041711e-10 2.242746065e-31 0 1.447762851e-31 3.447285503e-35 2.678470976e-66 0 0 0 
2.385757639e-21 5.572024902e-26 7.870987339e-57 3.232251557e-43 5.776911732e-83 1.224490484e-14 2.075888669e-119 8.488377717e-55 7.520180355e-72 6.025401118e-46 1.600627244e-60 3.867139507e-45 1.196701499e-80 2.575128676e-61 1.975333284e-12 8.773156543e-62 9.061902381e-43 4.361474368e-46 1.197546274e-45 3.131115772e-58 1.729317341e-84 5.700960207e-10 9.058316936e-16 1.640385596e-84 7.680447116e-151 4.270689048e-50 3.280443591e-66 0 0 8.575451922e-86 
2.339881235e-83 8.141786961e-56 4.987723141 1.360439827e-52 1.494436746e-83 0.0003105782725 1.569224334e-119 4.861284465e-18 7.698241852e-12 1.194778534e-20 6.966996587e-187 2.515763336e-21 17.96397304 4.039456678e-12 77.07784856 0.0662501721 1.860483737e-23 0.0004664813553 7.600690358e-56 4.364120729e-67 4.780171108e-11 6.745467084e-10 1.254067194e-15 3.290431715e-36 2.159559795e-14 2.795822383e-50 2.519238741e-05 1.820588273e-82 0 0 
1.012126154e-74 15.94174675 4.594220612 1.449260872e-52 1.725626915e-83 3.928693698e-44 6.795027497e-14 5.842618504e-17 6.393968347e-12 143.0736533 4.476478388 246.3996383 156.9961635 9.290787381e-106 1.875730317e-24 0.06465354779 47.16517186 0.0004119057437 3.479157918e-08 6.364393963e-37 4.534868492e-11 4.414171779e-29 9.405234795e-09 145.0047824 0.7522170886 3.447285503e-35 2.375161063e-05 4.289654385e-12 3.553608219e-86 3.057853498e-54 
155.0761917 9.835672036e-17 25.54181847 152.6499459 0 195.9511954 8.188297578e-14 7.110280312e-32 6.267342495e-12 135.5380866 0.0004893102108 0 192.1602349 7.620202079e-07 9.089345182e-06 0.9045331622 47.83421481 0 1.217877615e-14 4.012986644e-18 78.9154977 20.90532961 86.57941201 145.3639359 155.9235377 20.63805592 119.9329049 8.440735095 9.579876789e-16 8.575451922e-86 
159.1109046 22.58442353 6.126645343 168.0589524 0.08732959342 221.3655385 1.282678935 51.07115846 5.657570697e-18 136.9825866 11.70047728 556.7458062 408.497876 3.388139736e-06 133.732532 0.04417618293 75.70028709 34.48222759 0 336.1093067 276.8165759 23.43016192 94.19109189 120.270601 12.63520159 55.00254781 168.2455675 3.05714216 35.03005931 4.536734155e-120 
398.3044668 94.79285319 35.37805796 51.47798445 0.06429294093 269.5456884 1.779002334e-11 36.00872088 154.2075261 236.1024942 6.360060902 256.9568228 232.4483093 0.08862334172 16.10179982 243.1424165 47.83421481 204.2240422 7.683116052 337.9992234 476.0141485 147.6978985 353.3852714 195.2847612 11.22854281 31.42093675 223.9361346 105.1289408 35.42046359 2.71981817e-36 
213.5953724 176.3068534 49.30858782 5.632419997 0.08965222278 338.538127 104.3254301 256.6484189 48.42184235 196.6358764 0.01893873877 627.4858201 207.5637728 101.7832278 205.4589738 304.2919496 78.69643272 33.99185695 192.3898611 61.20443034 498.9100178 157.3237805 503.7824485 182.67912 187.9731206 44.10964774 207.8433892 73.61883346 26.03966719 2.71981817e-36 
168.1194226 2.667114872 189.2393659 210.9561791 163.6058453 385.7744579 185.1426294 331.2770679 154.9718408 447.3840701 226.3602312 323.9576338 121.4951387 385.7372356 389.0960049 619.7756856 488.5681108 4.068798908 189.4195972 485.9096299 392.0302934 565.3364388 331.4707148 112.4420157 211.0227497 28.45772579 287.9946378 123.9136352 93.87619141 9.124694075 
262.888762 4.524871966 268.2531047 479.0347173 277.0235488 459.6562825 154.5852072 295.4955464 243.8001045 325.0549334 137.6796448 454.3010821 375.3693644 209.8507055 357.1370713 756.6642517 492.2839435 296.7288694 273.6606409 35.11276476 599.4713371 318.0949033 319.8027613 25.19703201 245.1988015 175.931831 343.1760942 100.5991456 203.3218308 20.89163172 
159.5662615 192.9349231 273.8884732 348.0876607 113.7326468 338.2731764 265.3975261 372.3248239 241.9497088 0.0004915774316 140.2087408 421.6779706 223.3537085 251.4375804 563.3946584 536.8394202 377.641425 699.1665042 533.0719327 388.0785988 611.864025 448.8564896 160.6594567 24.57229 246.8604743 106.4388376 280.324511 119.6266551 144.2957212 5.625154787 
76.65619723 453.8459504 319.1009296 401.8072998 344.5866846 529.3690739 571.4096689 306.8754851 508.7601425 253.6998357 509.4037198 377.0966571 545.7688192 460.8526151 408.5393229 369.036388 876.8780574 543.4046001 478.5104175 339.4165758 714.6577348 511.7471728 335.2041459 206.8235091 436.8786798 154.5025945 396.02436 151.7989171 244.3178508 37.36138667 
51.07550069 436.5132274 434.7931358 486.5603123 494.9357194 438.5598262 776.5570042 754.7741332 381.104162 1.142543677e-07 372.0008911 543.5400027 666.2809141 583.7768716 497.5323411 727.6297583 1118.474162 423.1368372 617.8880485 882.1555848 620.3366804 781.3827044 236.5600148 151.5883011 515.8264504 57.7112575 442.0040562 387.3973694 258.264878 20.85850813 
72.0914761 445.0598887 284.9431731 333.8705649 661.2559007 553.0490794 414.7319115 622.6470099 487.6091132 489.3825502 473.3771846 432.5504336 567.7001422 907.5126408 375.759438 806.4091677 962.4856551 570.7648795 514.0162889 795.9658995 632.4032791 715.9214157 437.2002457 539.8371246 515.6571758 27.53961947 490.8450561 228.4921391 315.1236386 41.22089666 
160.2111017 283.1219765 592.6290682 177.3925581 458.1424985 656.4274251 509.2683584 895.1141326 457.0287991 689.8847612 485.1903309 718.3444716 862.3878584 1095.479707 481.6518833 656.7274419 1142.367926 769.8291835 234.1582585 722.6764911 552.2441205 651.046076 684.6894199 270.6803021 537.3477852 94.90051379 455.2126037 11.95966747 329.738542 77.74328118 
105.3504186 415.6299368 482.3424698 357.2204088 394.3155902 405.3665696 136.5916538 669.0513775 661.438072 799.0014204 402.2946204 755.9428621 837.3394944 968.8810754 465.9116917 815.3673663 1156.350428 628.4420056 532.822802 679.6063923 82.05808898 621.1653505 540.3013627 101.1775037 516.0733654 97.35824785 496.156525 231.1393477 195.180684 68.37155454 
127.9788224 177.4031649 267.285056 335.7295789 428.8033154 407.2718063 509.253575 202.9229798 460.147699 929.2270238 617.7772955 433.7449576 729.6461913 697.3441948 531.3268775 1049.795778 750.2872929 710.4525058 342.6860646 736.5422471 587.2688919 476.1263778 485.6991636 141.8226037 327.7039189 234.8211964 420.1696411 72.02769155 193.8705065 42.07977752 
200.431937 38.0063711 387.3604233 337.3065735 429.9333172 540.7263846 248.9038606 450.0560264 594.5954877 668.0149789 800.2042296 446.8012911 611.3197489 526.3918183 460.3129487 21.21334739 622.4418802 606.3827703 328.7556781 531.1445462 315.3107422 635.0556706 429.1413924 0.9041366358 399.8096492 436.5068993 399.1855095 92.27331548 204.484464 40.62305877 
25.41163655 181.5508652 120.2172054 98.79094206 223.7023334 493.8635539 298.2465782 420.6270334 411.1604284 777.9230416 775.7149009 630.4332342 713.0851268 565.5076447 583.2133732 0.01552377286 565.6139884 413.4436831 32.82720399 830.5219309 481.9861295 333.406788 191.4844808 1.278417706 401.1030295 0.2277030478 561.4206681 334.1042067 108.9856646 2.077186786 
97.51851872 261.4310683 178.8348145 68.64430595 85.48752931 511.8945623 293.7922322 561.4924748 291.7715204 761.0687818 768.5990321 33.55901611 349.3035846 682.5984865 414.2767647 254.6024331 409.4247865 512.0707668 76.67803171 589.6618721 659.2162084 555.0560109 9.114689508e-16 249.6295458 448.8598228 433.9415001 292.1393212 255.7421708 254.6516295 1.70316512 
0.2840458266 297.4025471 330.6626277 62.07073755 161.0715323 336.0391606 218.0067986 390.8829719 527.3838217 544.5743359 551.1449775 322.1914501 257.6503664 714.7907489 522.3633743 407.4268013 42.02382239 453.8048149 536.1775108 661.820617 535.2961355 226.1694699 205.2589044 199.2006885 330.4641516 0.4666523841 340.117944 289.8195606 106.7407707 1.678913936 
3.959536618e-08 296.6961637 60.81086469 53.11151633 207.8176696 624.0819302 181.7785711 71.39910596 422.6666956 464.2362139 612.4530615 456.2410868 92.92865052 703.9987654 529.2533379 467.6218478 21.96603598 488.1757629 318.3203593 541.79265 631.3366704 4.288910559 168.7096607 58.70696923 181.2522977 6.549688267e-54 39.59574458 227.6836613 76.10945781 1.278736988 
0.3630018483 245.5683619 103.4838251 329.6052054 326.2054539 117.2587747 113.4309112 106.5761703 313.9223553 205.8295861 449.3229913 320.0307751 128.6309863 649.4246361 460.4065208 531.8875952 3.069440177e-11 666.5743259 361.424988 349.890391 379.7812736 418.9836065 26.39665001 42.78486873 181.1644824 231.3696395 230.1756612 212.8310228 14.86989459 0.007511582014 
0.182689358 167.9602579 85.77281014 324.4245283 28.24013585 238.7431628 165.1464444 144.7535775 116.3661181 203.9048473 148.0028676 193.8976181 59.52324618 391.8033893 397.3726474 227.3541524 114.2731824 330.003396 322.6280667 72.15799526 275.0498609 45.44957714 6.434291548 56.96624845 159.7213603 1.028172917e-53 60.41964158 206.8692266 121.3433154 0.007511582014 
0.2572130399 124.7134405 9.628895381 373.1464611 0.01849899146 0.0009005242583 116.1194113 77.21298414 1.130081687e-21 207.203723 143.0175694 322.4690723 66.10122534 382.9903384 0.2284270102 390.2428808 336.3006075 48.88525605 139.2029371 73.09359522 1.178362776e-17 29.27471704 100.5511137 23.1811382 132.628329 7.650776603e-23 27.66617913 103.9823144 1.717620527 0.01147413106 
0.1802917592 72.76606702 9.831631314 239.4643545 0.0002955671592 0.0006651566041 112.3203484 0.02394616692 56.50444499 54.22348901 3.883854562e-08 136.765993 77.8073891 272.0295194 1.021904354e-63 7.514400717e-15 330.0917517 21.2672499 1.303145942 8.33018127e-08 0.0001176154263 18.85710361 102.2504863 5.879362968 0.04165890153 5.647652694e-23 27.51414393 8.197070264e-24 4.764133539e-05 2.880463278e-52 
0.0001236360575 63.56613509 1.146679993e-07 242.2718806 0.0002263242111 6.201308085e-07 7.635070821 6.125826718e-42 199.4712847 4.072459894 282.8997957 0 35.71757238 0.0200578745 3.070612314e-84 207.3271908 340.8644454 33.35149694 1.540939582e-31 0.07802249314 146.5233829 7.127521258e-18 19.19214746 16.47082248 6.309715365e-43 5.647652694e-23 6.576588688e-39 8.805576619e-06 0.9075238226 1.041411851e-71 
2.803020991e-11 2.065385018e-14 2.373853112e-07 2.39963751e-07 0.0002186499606 8.334159518e-20 4.917385927e-41 3.497143184e-31 2.940516776e-30 1.115434773e-27 1.427809016e-27 2.140682258e-84 3.110953925e-38 2.936884464e-21 2.590637116e-47 2.149344512e-08 5.583625525e-21 0 5.582082179e-19 0.1097804675 8.423982815e-05 13.3738487 18.84631469 1.21157325e-19 5.617371011e-63 5.511544448e-23 7.716162547e-23 1.390138192e-23 9.775139726e-27 8.549179711e-72 
1.972854587e-26 2.120179281e-14 5.020020397e-73 3.153316293e-40 7.033173679e-32 2.026145157e-76 6.501427545e-44 1.929726522e-53 5.061597489e-30 4.850174047e-77 1.011178227e-32 0 5.898215635e-17 4.478957509e-67 2.798207899e-47 0 1.971324069 6.574299227e-33 2.817109817e-50 9.188142692e-42 4.66358861e-19 4.745454863e-19 1.548313043e-30 9.022941946e-20 3.309073701e-43 2.885990519e-29 4.89879301e-09 9.418290317e-24 3.880024482e-83 1.040339742e-92 
1.70854219e-26 6.69636031e-23 7.809344223e-77 0 7.268852254e-81 1.115356201e-76 1.035777432e-121 6.436604525e-12 2.815330474e-30 2.171526067 0 0 0 2.868828788e-67 0 0 2.290435687 4.366886454e-33 1.857547205e-50 2.177347546e-93 1.816566519e-77 8.507353097e-05 9.836414493e-43 2.250442582e-34 3.182382657e-78 0 0.617504535 1.437072371e-52 0 7.179026261e-93 
# Events [PSD_Fermi2/psdfermi2.dat] N:
0 5 3 3 1 4 1 1 2 3 0 1 0 0 3 1 1 1 1 0 7 4 2 0 4 2 2 0 0 0 
5 11 5 9 5 13 3 1 1 4 3 7 2 2 2 3 8 5 5 2 5 3 5 1 2 6 3 0 0 1 
8 4 7 8 2 9 3 5 7 3 1 8 1 12 4 5 6 17 5 6 4 5 5 4 4 8 2 1 0 0 
6 15 15 7 2 7 7 11 6 5 6 6 2 9 7 7 9 8 8 10 8 4 6 10 10 2 3 2 3 3 
10 10 9 22 0 14 4 9 10 13 7 0 7 7 9 4 7 0 7 5 12 6 10 7 5 8 12 5 7 1 
11 13 17 21 8 14 11 9 6 10 26 7 24 10 11 4 7 3 0 19 14 14 8 10 14 17 14 5 11 1 
21 14 21 14 5 15 7 11 11 8 20 7 13 13 5 15 7 7 5 16 14 12 18 20 10 13 22 15 8 4 
10 15 13 7 3 18 13 9 6 6 7 15 13 14 5 12 14 6 16 15 8 16 18 5 8 12 23 20 8 4 
8 9 12 15 5 28 13 10 3 9 12 12 4 24 5 22 14 7 6 10 10 21 15 7 10 9 22 26 8 4 
10 14 14 25 14 19 11 14 5 19 8 8 12 14 6 23 15 11 18 5 16 7 13 6 21 12 20 24 8 2 
7 19 20 14 7 28 16 14 4 8 6 10 6 16 18 13 15 14 22 10 21 8 6 8 17 10 13 15 13 4 
8 32 23 16 8 24 21 22 7 10 12 9 12 12 9 8 17 7 17 7 16 12 14 6 21 6 23 12 13 9 
12 25 26 12 8 13 24 27 9 9 6 14 19 10 12 16 23 5 20 19 16 15 7 10 20 8 13 22 13 3 
5 25 10 10 16 13 18 14 7 8 10 4 13 21 9 12 32 14 16 12 14 9 19 21 28 9 19 6 16 5 
14 14 17 12 7 18 23 22 12 9 5 7 23 15 10 14 30 11 13 18 10 10 19 13 25 13 17 3 15 10 
11 18 10 23 4 13 7 13 11 7 11 13 17 16 5 15 23 7 9 12 11 10 17 16 12 10 14 3 8 5 
8 16 8 14 6 7 11 9 11 16 11 9 14 10 10 21 14 16 7 15 14 11 13 13 4 8 13 1 10 4 
11 10 20 10 8 12 14 18 23 16 18 17 15 13 9 4 8 19 5 9 18 10 7 2 10 8 11 4 20 6 
11 15 13 7 7 14 13 7 15 19 21 21 17 13 7 6 8 14 4 10 16 18 4 3 14 1 13 11 16 8 
4 14 8 8 9 14 14 10 15 19 16 8 18 15 6 4 10 16 5 7 28 13 3 7 30 11 8 9 17 8 
4 13 17 9 17 14 9 6 21 9 13 10 17 15 13 12 10 19 9 12 18 6 8 4 24 5 8 12 9 12 
7 13 9 16 12 21 14 4 13 17 17 9 13 18 15 13 9 15 13 20 12 8 11 15 17 3 18 13 13 4 
13 10 8 14 19 18 15 12 10 14 10 7 13 16 17 10 7 17 14 27 20 18 8 6 12 8 14 13 13 1 
14 14 7 25 13 10 14 10 8 16 6 3 11 15 17 1 12 11 14 16 14 23 8 10 9 7 25 14 18 1 
15 12 7 24 17 20 13 7 10 20 16 11 12 15 7 5 12 12 12 14 3 24 20 7 11 13 12 20 18 4 
23 11 3 19 14 7 6 6 12 8 8 6 11 14 2 8 8 13 14 14 9 13 18 5 7 6 14 23 4 5 
11 16 1 12 4 9 6 2 14 4 4 0 9 11 4 8 5 12 9 10 12 11 9 11 12 6 13 18 7 7 
4 8 8 4 6 5 2 3 11 6 10 1 11 4 2 7 6 0 3 10 9 13 14 11 3 9 10 8 5 8 
2 4 3 3 11 5 2 1 10 1 13 0 11 4 3 2 10 6 5 7 4 7 12 5 6 1 10 2 3 5 
2 2 1 0 3 1 2 1 1 2 0 0 0 3 0 3 2 1 1 1 1 7 2 1 2 0 3 2 0 2 
