# Format: McCode with text headers
# URL: http://www.mccode.org
# Creator: McStas 2.6rc1 - Oct. 12, 2019
# Instrument: PSI_Focus.instr
# Ncount: 1000000
# Trace: no
# Gravitation: no
# Seed: 1570892468
# Directory: PSI_Focus/0
# Param: lambda=3.4
# Param: chopp_ratio=1
# Param: DET=-69.9
# Date: Sat Oct 12 09:41:42 2019 (1570866102)
# type: array_2d(60, 60)
# Source: PSI_Focus (PSI_Focus.instr)
# component: PSDGuideExit
# position: 0 0 66.613
# title: PSD monitor
# Ncount: 1000000
# filename: psdguide.dat
# statistics: X0=0.00823543; dX=1.44071; Y0=0.00295669; dY=3.46261;
# signal: Min=453793; Max=2.25032e+06; Mean=1.21116e+06;
# values: 4.36017e+09 1.37284e+07 375152
# xvar: X
# yvar: Y
# xlabel: X position [cm]
# ylabel: Y position [cm]
# zvar: I
# zlabel: Signal per bin
# xylimits: -2.5 2.5 -6 6
# variables: I I_err N
# Data [PSDGuideExit/psdguide.dat] I:
1138415.189 1114819.831 1159656.045 1206263.913 1439603.081 1236564.686 1254381.515 1193306.012 1284625.44 1318132.611 1077966.934 1374869.015 1556777.764 1289173.56 1212643.322 778864.3612 1147473.027 1091169.103 1384552.877 932421.5909 1603538.996 2250315.871 937000.8685 1403209.668 1290182.659 817348.771 1074187.259 1160058.442 1518164.338 1054052.371 1337173.281 1245403.801 1236137.411 1330115.051 1292171.918 1332451.957 1715336.352 1437430.097 1537134.796 1698851.946 1228647.339 1240028.279 965548.6786 1119659.953 1216190.256 1111396.315 858711.2435 989246.9919 1667671.879 1364620.177 1071444.408 1012259.303 1458916.914 976295.6392 1159744.023 1354898.035 770222.7072 1294832.568 1401167.859 1532149.579 
1031233.269 1085865.664 1031196.026 1446615.45 1328071.67 940704.4723 1400697.33 1077270.364 945609.5533 1128064.515 1171344.669 1572699.821 996693.4286 1075061.46 1102065.867 810407.4887 975618.4913 1165435.312 782557.86 841578.4569 1026967.122 1164036.161 955660.1568 1542516.235 1280620.866 1362337.716 1357036.468 1286430.081 1305061.162 1130360.338 1489162.621 1283688.49 1116730.874 1442383.875 1359075.475 1557907.977 941363.093 1341481.979 1032825.255 1369249.001 1296561.079 1255266.607 1200216.805 1025984.226 1646310.139 831744.0133 1041091.307 1234373.94 1863806.723 1175524.033 950834.8665 1468840.441 1426513.283 1604143.564 1238060.711 1112220.932 1429123.61 1083993.356 1428791.042 1309565.261 
1257597.938 1179303.178 921113.6922 785175.1251 1452413.262 1232875.462 1290666.892 1536395.114 1307231.259 1395474.406 966317.2582 932617.2963 1753850.609 1265389.087 1432401.331 1168871.607 1346055.121 1254484.638 852927.9356 1095876.547 1001544.406 1072730.22 1065758.51 1489496.947 1294858.087 1281360.988 1330133.888 1122860.483 681522.9742 1025845.149 1247535.766 1228394.839 1101912.579 949534.4736 1375034.633 1121547.552 1295892.216 1157530.238 1138318.854 1559975.201 707533.7053 1239301.284 959742.9175 915563.4027 1066919.442 1112365.277 1258463.472 1258523.469 1120139.764 1043878.42 1530602.452 1134834.393 1290791.419 918939.9643 794248.8705 762674.9072 1058649.913 1569943.52 1222417.774 1382314.987 
859424.8009 1014471.015 1038078.52 1134878.675 1123849.546 1576086.59 1356811.077 1290557.749 953196.1202 774775.8676 1088821.941 1146005.728 2029862.483 1436637.254 906089.3407 1245418.04 916592.3291 1236031.601 1200078.284 1397489.218 1344738.646 1457895.408 1028431.672 1046314.274 1345582.676 1140461.354 1374392.075 1458254.603 1953759.08 1332428.285 997338.8181 1160657.77 837462.2236 1463676.731 1448804.524 1300447.863 1307859.892 937593.836 1491153.94 865184.9362 1003547.287 1307232.638 868605.6123 1200546.142 1308031.51 938428.9633 772984.0933 1187855.073 1106679.436 1406853.821 1274933.204 1028894.964 1149619.298 1307296.397 1083498.198 1550011.016 1616428.772 1345762.624 1089662.798 1310136.806 
1259905.683 1157188.706 1215739.86 1033822.226 835307.381 1405855.972 1217341.087 1138183.997 1367062.387 1332234.511 1200579.992 1182007.301 1443805.045 1082596.763 1122674.434 1051211.55 1579454.402 992826.0836 1235325.033 1060560.655 1218172.962 1432457.343 982383.6423 1165777.266 938573.2525 818484.1746 1327908.316 833407.8695 873244.5741 895609.86 1523810.823 1162235.563 935338.7379 1437939.427 1167098.704 1366580.146 1410631.003 848509.5879 1109626.231 1113491.416 1018619.579 1293517.42 1407236.256 997377.6039 1474677.184 1199846.581 1394014.389 1319014.471 1212417.704 1706640.921 1145922.732 1190093.182 1047252.489 1161246.774 1143638.914 1141681.73 1101913.442 1438633.924 1420617.613 1778440.28 
919000.1299 1359666.609 1453003.079 877758.8723 1245177.858 966643.4279 1013752.591 1414789.893 891415.3907 1091686.769 1263081.606 1180325.156 1160872.448 1269542.98 998567.1937 1452032.079 891837.9416 1316156.473 1104235.621 1032915.185 1218805.027 943383.3938 1258169.412 1090096.041 1139325.505 1207974.053 1522206.644 970327.2131 1483717.316 840140.2792 1109993.484 1270762.337 1222947.096 1244697.408 1368053.066 1496825.371 1342532.567 1250873.652 1472091.439 1366383.341 1315667.944 1005705.064 1478400.003 1366231.21 1152847.135 1343958.532 1007658.126 1433402.764 1626349.553 1242917.415 1252348.583 1331205.064 1087484.201 1345220.569 1220552.6 1410058.996 1364320.422 1192289.713 1122958.007 1433963.93 
1271118.309 1113076.503 1111790.606 1288426.114 762217.2895 1081622.087 1565175.654 1238229.871 1292570.264 1297880.348 1190838.132 1107635.802 1500716.475 760285.9923 1100600.15 1452388.095 1468062.079 857857.4998 922644.2355 1288807.577 1171410.73 640859.1278 1058971.915 1186356.727 884038.0087 909245.9298 1323047.082 1481592.427 1130586.729 949438.331 1337784.49 1435815.943 940237.2945 1347420.634 716273.9742 1469192.278 1696662.886 1187626.193 1321704.951 1018812.69 1231799.655 949185.0599 1439684.057 1399160.168 1298359.979 1119803.676 1229681.963 1425437.064 1233074.19 954554.9751 1472013.694 1321895.136 975253.573 1093726.283 1253711.96 1446254.952 1456210.708 1405467.144 1469676.984 1068529.001 
1214702.932 841012.3375 1283610.694 1406050.29 1155532.054 1679878.649 1555894.417 1413775.022 823899.1513 901145.8492 1099890.457 1340541.583 1263326.665 1048679.092 1266837.52 1452035.797 1188245.279 973239.4059 1140632.433 1256016.181 967953.1253 1218773.17 1212369.999 1054025.677 1100862.935 888508.2344 1455695.873 1327450.862 808546.1595 1030884.761 1422366.523 1273748.477 1130355.017 899470.6946 1476421.087 1298689.567 1275812.927 1102511.549 1236769.085 1347338.645 1053398.766 1895651.153 1029358.644 1447936.025 1106476.961 1079364.445 1124843.047 1559277.753 1274532.598 1210845.894 1078835.481 1395463.772 1094273.405 1200118.136 1138700.905 1156479.643 1318242.328 1025571.697 1018326.193 1518237.495 
1384158.421 1156632.027 1044182.996 1276014.948 1013387.363 1251930.024 1032890.862 1442695.022 850866.5264 1232609.833 1064088.932 1329466.54 1139415.052 1250956.053 844244.3581 1419255.336 1028123.409 919992.765 1226336.349 1026747.531 766731.4152 1065325.075 1194012.845 1386952.045 1074597.079 1414858.285 1321468.438 1886666.939 1301660.912 1220375.59 938938.2652 1264435.572 1393683.929 1366327.985 1494654.913 1375482.41 1427041.313 1266454.651 1125506.953 1128841.435 1212868.529 1338312.428 1023624.983 1001544.001 1489541.106 1464511.176 1252135.246 981846.6497 1383218.776 1294112.384 910360.0263 1387816.097 1509368.405 970339.6406 1296649.549 1355907.635 1355972.079 1465643.116 1141877.408 1341296.642 
1004030.761 1340919.664 1341168.109 1328718.473 835506.7166 1239533.309 908421.2966 1311546.172 1011420.666 1698117.716 1232516.065 963364.1015 1219082.996 1236477.766 941830.3689 696860.371 1381065.466 1298169.205 1011636.954 1085174.364 1091785.867 974508.7501 1648486.134 1333199.466 1342781.639 1295422.314 867148.9409 1284572.09 939232.0392 853415.6863 1162207.625 1168521.188 1451439.265 1085367.861 1061882.738 1129384.696 1300748.699 1062131.556 1062585.218 1262957.011 1007374.544 1035152.521 986589.4582 1156172.631 1536986.367 1455649.651 1243477.693 737948.4073 1334791.62 960991.0541 1274714.37 1031525.341 1161045.629 1458635.3 995611.859 1087428.629 1293422.135 1178885.091 883007.2762 1398409.835 
1084902.715 1199242.103 764122.757 643048.4699 849427.606 838734.6918 814526.9212 826167.3785 1540932.361 1183197.871 1049969.356 935361.5161 1228305.401 1071412.127 915327.2867 945054.2802 979497.7908 945955.5257 1098339.504 1136955.081 1232317.699 1103996.91 1077966.603 902231.4657 1544209.449 960619.4167 1124420.24 1373671.767 875938.5177 1224238.963 1132428.367 1347437.153 1062407.075 1203181.063 1454358.053 1334878.172 809484.2214 1285202.252 1243098.07 1250327.185 1025446.606 1206355.778 944071.3832 1141021.525 1614433.938 1050837.894 1017587.853 1378106.369 1182680.925 830714.4743 1547133.33 1332901.133 1347229.198 907879.9995 1761242.292 1657928.637 1439806.258 1246304.497 1462903.764 907392.6215 
1144484.281 1124308.665 990382.7544 1224846.664 602362.6953 1341658.818 1453450.577 1109368.592 1254486.862 1666138.424 1469207.835 1354075.745 1394977.025 1139928.769 1428612.478 1450725.825 1356015.86 1790181.425 1568792.486 1671715.423 1499777.075 1084920.151 1459009.09 1484655.965 1221597.314 1097297.674 1021455.271 1271817.251 1365824.948 1074995.247 627121.1965 1253682.325 828612.5255 969688.2135 1147490.007 1048089.725 1071354.248 1237811.341 1091920.135 1125495.99 1150378.063 1242469.868 1372824.184 1523475.941 892703.9043 1318176.823 1026660.467 1155563.55 964857.3726 1135259.585 1170301.302 987133.3409 1273166.475 1518465.275 894833.1894 1364796.261 1158907.974 1004467.012 1678043.127 1112077.079 
1440496.656 1008817.077 1373125.401 1441233.687 928702.1519 1053873.365 802765.7524 1121043.609 1110003.043 1462215.546 1410149.439 1432755.849 1226347.904 939767.0815 1478857.236 1656994.24 1705926.174 958782.8856 1282100.412 813202.7325 1138744.816 771588.766 1055165.176 1359466.201 1083691.841 937572.2843 1311911.157 1803823.694 971375.9217 1482438.623 1121288.572 933477.0229 1054749.755 1090193.891 1019414.531 735642.4152 1184911.873 1097826.386 1423871.284 1181040.919 1361251.538 757313.769 1534964.096 1209862.652 1172133.723 1242172.391 1569667.581 1227421.657 1199974.561 1437911.638 1195853.908 1222894.156 1186917.304 1130817.384 1448301.633 1139764.758 974874.2756 1131891.579 1371411.454 1363540.149 
1155916.766 1094175.059 949729.9288 1138024.441 1299376.044 1108493.261 1505589.35 1050911.417 1059618.281 1053444.954 1189750.096 1029302.454 1354341.151 1490417.029 1011881.482 1124064.093 1325665.297 1182309.076 1420828.095 892623.2631 930550.4455 1278384.884 1598012.617 965165.3661 1232362.461 1644884.605 1296907.753 1335457.744 1082720.303 1478964.175 1047423.379 1301160.61 1743631.169 1042038.393 1070749.265 1312744.027 1868097.312 990172.4224 1465065.667 909998.2957 897787.9005 1338562.757 1232468.706 1387703.557 1132086.182 1461682.261 1279519.727 896351.0204 1938019.382 950313.0435 948538.1987 1376776.797 935111.4543 1162517.608 804011.1032 996051.4648 1216491.617 1370963.009 1438680.222 899864.5741 
1516877.401 1222853.916 1425015.018 1361957.423 1208457.336 1279462.737 1125107.978 1357123.439 1413383.92 1153573.372 1025813.066 1068510.553 1162383.574 1265624.002 1496124.37 891580.2287 1309456.14 1550965.514 871130.1372 958669.9136 1197980.181 1432389.68 931485.5414 1290600.613 897647.2727 1018881.356 1124484.013 1283574.338 1267102.574 1372774.877 1660774.987 1483103.564 1203477.476 812017.8488 1506333.01 1111222.908 1376234.582 1079440.581 1293182.78 1184886.982 1240420.58 1278376.139 1450784.909 1879184.478 1553599.295 1261023.431 1427777.506 1339546.242 1261199.997 1330057.324 1214710.166 1202074.247 1246014.542 1139819.284 1341422.341 1680127.329 1061681.994 1116924.326 903640.0079 864679.3926 
1444630.095 1087780.743 1240784.997 1330801.742 1313899.792 1070129.886 1510459.761 965088.401 1791934.279 1530877.285 917779.6584 1013937.549 1535855.7 956484.9317 1304453.36 970404.6244 1027285.934 920399.7087 1085536.556 1416721.249 965505.1828 1091788.782 1385779.488 1287274.487 1318325.86 1157835.877 956507.7224 975114.0135 1335814.885 1401864.897 993270.8286 1097935.559 611175.6289 1263156.347 1485241.834 1669818.78 879016.3701 1130142.58 1527751.465 891275.8045 1352997.332 1620322.724 1274230.606 1337939.247 1119117.987 1482550.18 1854962.697 1451216.789 889332.8782 1452057.062 1137920.943 1310100.244 1331985.903 1833400.838 1225108.384 1297589.188 1351428.904 1150070.231 1389874.896 1336261.213 
1104208.105 914623.0006 1536184.985 1201217.663 1253107.591 1249945.905 1588438.92 1331408.463 1730952.25 1145966.634 968833.4484 1187785.138 922011.5207 1153446.217 1130664.922 1381990.699 1044093.209 1057179.403 953582.0758 1245075.06 996316.0418 1488102.43 1783442.11 1405566.422 1060562.796 1074750.68 1360980.832 638555.1499 1303354.172 1444105.703 1215461.047 1157500.134 1237495.699 1104712.963 978767.4846 1641533.264 1005633.114 1438768.928 826865.0593 1353573.686 1178614.558 1269623.86 1135612.279 1242313.657 763453.986 1081163.365 1116545.869 1579349.099 1139213.847 1155636.98 1051372.299 1496152.357 1400840.486 1557153.339 1246666.477 1083625.187 1452855.782 1701528.576 1063169.672 1019618.992 
1224374.458 994009.4214 1204773.625 1187984.166 1252218.055 1147330.563 1002291.793 888727.7949 1789950.208 1666287.976 1268950.437 928624.2401 1244986.466 1089399.476 1297543.408 1208484.094 1333667.279 1624659.196 1318160.962 960814.3913 1485653.315 1242406.762 1093186.884 1046261.237 1222202.104 1259743.035 1446171.695 811723.9015 1390588.708 1464157.206 1115017.102 1459306.988 1175667.447 1536625.802 1397127.798 1416808.401 1460963.437 1135109.457 1177853.174 1645123.151 927761.133 1091955.998 1007926.079 1160430.553 1282576.824 1316602.724 1278850.437 1321910.724 1351473.502 1092540.27 1247256.035 1160582.611 1113470.173 1243747.546 1484803.554 1243855.405 1178372.351 893075.3856 1159936.121 1700112.71 
1224508.144 1359818.151 960366.9137 931449.0686 1081981.225 1151606.757 1102240.306 1252871.247 1211400.79 1244977.949 1426752.681 1464731.803 1035387.658 1119288.423 1377342.335 1301305.633 1162193.308 1141197.669 676330.8612 1132829.232 864914.0476 1198848.161 1305546.075 1297347.504 907419.2454 1006841.061 1134461.639 1108884.934 869720.2267 1254564.982 1044594.898 1566741.436 1116351.803 1113703.474 1141351.495 1211051.609 1482327.037 1488889.482 1367917.347 1602139.953 826752.7086 1184292.828 1348582.507 912868.3391 977334.9457 1111796.703 938686.8882 1375430.247 1424623.05 1122574.987 1250050.532 1217256.791 1156660.572 1383159.454 1091546.718 890920.5144 1120462.883 624187.3522 1112213.24 1221253.942 
1254361.651 1534031.645 1365006.544 978450.1045 1397901.731 1140588.849 1024853.161 1544961.525 1093214.78 1282465.058 1368125.703 1179793.304 835510.9756 1055900.377 1022186.96 1331186.684 1091896.324 1098803.176 1224914.907 1467515.224 1072990.285 909819.6545 1095289.731 1151764.514 1578027.156 859082.8408 913332.5573 1324227.714 1446024.149 1198691.534 1222250.672 1432446.672 943989.4544 1260197.94 1436956.569 926855.4058 846657.8855 1311092.197 825888.8093 1312826.058 981985.5945 1478414.482 1633832.141 1100043.269 1018252.828 1455852.171 1090415.565 1268126.542 1335837.212 1051983.134 1229992.541 1359335.812 1227016.686 1053568.476 876735.3244 1181174.77 1123099.71 1405199.926 1226239.896 1052229.751 
1236062.474 1085381.26 1168965.355 1160533.498 789357.4966 1098092.172 1068729.109 875365.2832 1445901.343 1277885.502 1455913.218 1520738.759 1066290.271 1082821.977 1027222.184 1166440.225 1031628.614 1699689.708 1579071.127 1219703.644 1695185.778 1143719.877 1162562.819 925844.1308 1062093.304 1791331.896 1069703.962 1001972.203 946158.3603 1308925.673 1366128.529 1176022.762 1093559.502 1073478.015 1588703.506 942936.0464 1487578.885 1196746.171 864131.3501 1253868.331 1506590.62 1166743.152 1358458.596 1183241.125 1144808.827 1199013.327 1580173.002 949244.9854 990641.2082 867939.7843 1417172.063 1772159.886 1386703.546 1058980.362 1334021.201 1178628.496 915514.3838 1476812.829 1372100.818 1230685.709 
1234281.394 1296793.554 1210722.13 876223.8325 938761.9892 1145195.591 1500634.836 990128.938 1302234.709 1768822.631 1470647.32 1114560.374 1108271.95 1253801.933 1267696.034 1276399.121 1150333.108 1165311.531 1115641.008 980713.4544 1311463.541 1460299.258 1198539.393 803569.6983 1678861.878 1258025.405 1410900.686 1071009.741 1491439.097 1177135.612 1551210.833 1247251.66 1363303.311 960088.0335 1417466.52 1699647.526 1068428.311 1311990.826 1434542.826 1301574.446 1638352.704 1417348.957 1223238.576 1330507.312 1321937.321 999419.215 934119.9124 1023657.628 1510532.354 1016133.929 917944.4843 857401.2888 825669.5841 1611969.666 1132825.603 1347924.82 1904569.625 1380018.213 1281751.031 1063741.776 
1087304.428 1321962.473 900592.397 1294734.874 1258609.396 1159113.351 832626.8424 1777710.448 1097437.291 1585131.588 930565.1066 1372688.484 1244904.974 1121360.138 1770117.978 964825.1165 1008324.289 1098538.438 1148149.536 1207616.127 845654.811 1327284.481 1100282.426 1091824.427 1417507.241 1687763.328 1131054.9 1334714.44 960000.655 1017669.408 1148093.287 1443003.788 1498558.224 1132049.334 1046311.158 1152256.12 1457468.507 1425852.456 1224365.941 912968.7526 1463512.115 1147616.235 1335345.568 977404.9138 1096727.137 1170014.429 1373500.238 1004970.324 1381245.462 1702885.637 1292839.439 1341005.287 1503189.686 1367148.515 1221173.544 1155028.728 1236570.771 1511056.955 1036598.486 980442.6414 
1368788.505 1117688.046 1160287.245 1045534.161 1417931.783 1289081.221 1086370.895 1011193.237 1068727.065 1244407.695 1012299.827 1212358.916 1222329.076 1368693.326 1183615.576 1011623.883 965643.8176 1525409.359 1249306.813 1131133.461 1365289.146 993135.3098 1404594.707 1106774.174 1211904.124 1358060.557 1163758.384 1172701.24 1323222.193 1349611.071 872182.6332 1138845.44 917620.0809 1192992.662 1404841.788 1226814.798 1110386.887 1463142.094 1224800.654 740614.8644 1262470.768 1195467.168 981913.3623 1548594.098 1627624.398 1273662.351 1473572.313 1193231.574 1102936.501 1229165.898 1288175.112 955487.6643 1058598.975 1072424.813 992113.6561 1274827.807 1127925.694 1674280.46 1236064.401 828264.64 
1160641.647 1012667.045 687452.0241 1339668.188 1316959.996 900099.3571 1144648.889 899995.1037 976559.9914 1407849.147 1637776.374 1412103.213 1539315.897 1008044.967 1211864.969 937644.914 1163679.742 1071183.366 1100051.583 1106923.947 1148580.95 1376697.962 1189286.476 1138238.928 1068522.363 925490.5369 1933729.752 1080361.388 986556.9317 836184.356 1367793.812 1410141.878 1119774.387 1709905.829 922585.6826 1324466.743 1526790.759 1177063.347 1285399.274 865715.0541 1355188.904 1037600.439 769783.1068 977367.192 1143304.148 1175913 1307913.622 718077.9906 1158747.39 605773.8434 1287489.948 1302558.422 1187169.272 1024459.79 1002464.707 1115172.464 1200989.495 1016147.91 1241685.503 790931.5631 
1497499.91 911496.2946 1000763.448 1348573.675 1217036.523 1604848.649 1021403.756 1475232.516 953956.3656 1169424.952 1179171.587 1084752.422 1654047.664 1091388.839 800088.8645 1349309.268 1119572.155 1071518.897 1466500.185 835686.7881 1184984.18 1719404.383 1206612.468 1611163.591 1398723.415 1493931.016 1066762.817 1110647.245 1142442.054 1027586.318 1179330.07 1226964.716 1071829.474 1096990.252 1258928.919 1281857.943 1419011.146 1031269.573 1065600.012 1456990.589 1182330.387 1194422.416 1174429.643 884420.2809 1031545.369 1233073.187 1278545.842 1100667.29 1229135.027 1409015.896 1075868.707 1150800.317 1072899.046 1794927.052 1478506.612 1292797.889 1342758.576 1176052.143 847689.273 1559239.974 
1484495.046 1314054.704 1064839.475 1064508.697 1427211.646 1327819.311 1129805.481 1272659.286 1333922.161 1071385.052 999473.763 953178.5474 1516677.508 1604315.245 1125849.182 1203549.772 1336936.454 1395631.702 1522936.294 1109973.932 841927.044 925500.1325 1686230.902 2057998.816 1188211.501 1242035.745 1448272.876 1063331.113 1078988.226 1036667.134 1283207.139 907225.7916 1100648.639 1162425.636 1245203.603 1545964.537 913999.8086 1592599.23 798435.1306 942830.3117 1501361.488 1178769.196 1319074.452 998585.0221 1061427.917 940314.1285 1472728.329 1106829.441 708767.8727 1513739.398 1472571.78 1166031.782 1557911.908 1052471.682 1213054.516 1099829.394 1263192.554 1156863.412 916304.8807 1479029.798 
1259481.967 1112294.381 1071202.477 1084843.191 1007720.099 1213794.355 1021872.802 1556571.892 1183647.557 1160832.352 1220639.49 1274087.435 981686.2956 1326524.786 1263329.174 1505793.091 972091.3767 1341041.221 946535.2557 1357292.565 1186323.907 1266756.136 1269808.991 1188631.372 1347762.759 1387793.04 1286413.29 1457777.128 1573332.347 1404015.367 1248216.756 1166437.024 835804.4174 1154169.774 1626253.545 1363616.637 1275001.408 1041841.75 1117287.949 1116660.342 829378.825 794533.1882 1204352.682 1397527.572 1045857.135 766740.8993 1436699.759 882898.5987 1210673.285 1376970.796 954933.8429 1304858.697 1053199.059 1054580.278 1051843.204 1109108.013 1460580.643 868476.1075 1204369.69 1272463.55 
873898.783 1876616.182 1340454.207 1177261.481 1131281.652 1291303.739 1537457.918 1202305.627 1687770.946 1345296.108 926150.7707 1156414.351 1507137.599 1248611.503 1358129.845 1144310.016 1265412.618 831735.7181 1230758.19 1309133.106 1279687.131 1157379.696 1171348.963 1139817.836 1140312.506 1241469.607 1544870.551 453793.3126 1348583.006 939796.8384 995717.6074 648914.3662 1430891.892 1095662.632 868180.996 1355920.363 1502173.156 1094144.909 1569222.298 877250.0889 1293645.564 1173101.58 592194.1042 1290046.84 985661.5057 806657.1403 943159.6393 922539.4119 1501347.391 1146760.291 1123655.378 1547166.436 1319670.623 1265865.65 1303250.699 1481740.442 1297290.688 1087269.848 1326930.4 893201.5877 
1028931.209 1349808.418 1239262.64 1475128.606 894842.4423 1777924.58 1432956.651 1257064.616 1033109.074 1075629.588 1157051.479 1151482.384 1351634.773 1354123.553 1151753.93 1023256.119 1215991.059 1265401.122 728223.2194 1714734.524 1114826.39 1496401.244 1149037.064 1102109.795 1459100.126 1239388.2 1748898.68 1034989.547 1425841.59 1037859.131 1431100.096 1142905.27 1468493.688 1307379.54 877912.4029 1013515.724 1123347.078 1176154.69 1597855.725 804043.4739 1216508.09 1129627.84 1118822.242 1257541.225 1749723.361 1692759.38 857296.5959 1028628.749 1026652.542 1530465.669 1369198.815 1508837.644 1078030.599 1311177.829 1242898.689 970715.8101 1227758.38 1162761.115 1481282.322 1689663.043 
992955.9812 1205443.467 1355184.24 1052209.925 1156559.122 1043679.399 1295011.841 1249914.372 1218026.582 1320480.716 922183.2178 776255.1895 1109667.063 1327908.805 1160222.471 854254.4281 899175.7422 1230496.632 1114445.13 1178275.843 871272.5042 866629.8415 922515.5161 814780.0116 1669139.253 820522.2433 771737.0409 1456167.668 1359554.299 1279843.169 704854.2852 1150126.928 781214.5331 1289694.849 1269655.126 1250533.477 1202955.599 1186996.525 1394607.554 1630875.956 921561.0595 1184851.96 1323677.786 756325.3549 1435539.719 1102916.096 1343593.91 1250258.3 1050338.369 1007168.227 1353183.406 947349.7478 844411.0057 1153296.542 1343214.444 1070603.211 927654.2872 1060982.262 1314626.403 1380454.121 
1258840.929 1182170.808 1492505.34 1176573.357 1367307.967 1441602.175 1448512.17 1367405.333 1302962.922 843482.5364 1413549.628 851006.2819 787147.4192 1143470.061 961062.4938 1252315.755 979676.4306 1279486.909 1315471.241 1077253.293 1279011.455 1329420.275 1023758.079 1155944.372 1076334.764 1112900.081 1305780.724 1340517.086 918413.6995 1004576.979 1240817.254 1340500.535 865985.1834 1143457.022 1036454.337 1123462.542 1314160.54 1286696.039 1450041.171 1578972.33 1299309.072 1315123.126 1542338.654 1241831.452 992114.9605 1601002.727 1550014.292 1204089.97 896730.3422 1197680.253 896299.2629 1165857.2 1002128.751 1040006.745 1195061.099 1164688.958 1061269.584 1454820.832 871458.0587 904810.776 
1187814.184 1000264.116 1212994.61 1153415.895 1448823.603 1428954.525 747815.4709 920208.8673 1187045.215 1089783.306 967410.2944 1138633.218 1333684.295 1492204.757 843394.4204 1371378.23 963403.9634 1172202.124 1302745.262 1149256.727 1152440.224 1432488.757 1235269.947 1170387.438 1105476.675 1313959.471 1053733.11 1031795.622 916014.586 1187860.859 1432957.701 1217576.853 976298.9155 1279438.942 1556521.31 954661.903 1359726.92 1603286.61 1022965 1008572.598 1469811.649 876437.4292 1117760.405 1461974.616 1320079.219 910095.9031 1473608.755 1598911.119 1421756.875 938062.9919 1039377.255 839329.4352 1249334.556 1249719.297 1169800.001 1080968.611 1592954.485 1077894.192 1366304.672 1339422.084 
771455.2761 1334120.51 1287412.009 1241998.91 1095338.209 1171851.875 738010.889 1056876.249 1172164.129 994478.3015 1129637.763 859673.7195 1520755.223 1499756.319 1263043.908 1337733.529 1066113.657 1353762.08 1112131.678 1104100.577 1496236.792 692427.9419 1396444.763 1207916.223 1515510.252 1192384.324 1277200.955 655345.0872 1438318.947 1459163.506 1725526.501 1302037.914 1550545.543 1473545.442 916850.2761 1239006.471 1082614.885 1209568.539 1065863.13 1325077.882 1214587.867 1207746.574 1469098.354 1328065.241 1367607.174 1652038.613 1277360.091 1171879.886 1211277.272 612877.5408 1373419.403 1167390.229 1137091.974 1193631.843 919545.6352 1508392.613 1108418.72 1226687.618 1237017.491 1207570.666 
1564094.014 1306324.533 1012148.796 1349519.635 1200204.747 1099773.635 1415597.886 845242.1568 1724410.763 1041200.085 1441141.919 1096035.056 1049234.242 1246486.773 1036734.415 1204768.694 1113772.578 1160811.45 996762.1948 1395557.9 1082910.575 1265989.96 1416519.163 1393277.137 1279848.157 1232049.529 1114447.09 789438.1655 1162714.392 1180230.269 1758023.479 1154104.563 1378243.85 1019985.518 1425342.117 1117901.142 1301839.489 1173580.005 924879.0962 1207091.796 1091604.696 966590.4171 1377257.158 1320555.789 1197213.695 1291364.109 1527855.407 964420.7733 880031.4494 1722474.503 1413604.759 1201360.166 1245513.794 1407349.505 1138184.439 1284750.478 1218886.412 1430392.323 1437442.991 1081847.784 
1329205.366 1475774.623 1798062.851 1188435.032 1662978.522 1119798.456 1224026.762 1415031.124 1296958.317 1038779.614 1286099.604 1258505.275 1079214.89 1296552.358 893197.7433 1097665.607 1114785.683 1128185.474 1291661.553 956295.7799 1307022.8 1024881.798 1527160.596 1375637.295 1414897.186 1064249.932 1216049.052 813756.9305 1031275.656 1275653.747 1342699.752 896533.9023 1093592.943 1365985.43 1432588.155 1161116.025 1161482.92 1455939.393 858551.6283 1192919.409 1394923.273 1562249.994 1414338.578 1279851.715 1302736.244 1220171.541 912863.4015 1437861.664 899136.0446 1216545.896 1302452.683 901494.8274 1041343.129 1033597.823 1164525.239 1408013.523 1062773.014 1319867.284 931475.6704 975302.0119 
1261789.533 1288287.762 1231655.763 1158931.779 1027409.732 1319492.999 1186744.14 1009227.547 1110294.613 1129078.763 852445.4763 1219693.792 1401450.587 1335438.357 1046267.964 989728.4252 1315281.105 991154.1941 881745.9921 1111434.286 1129786.201 1012330.822 925570.2836 889640.273 1370925.773 1740943.235 1131567.725 1215155.078 1463125.079 919533.3604 1061179.154 1471348.124 1196003.845 1398669.478 1313137.016 918433.2622 1391327.346 1174928.397 953346.2899 1036474.719 1514825.262 1739866.988 1469803.69 1420663.478 1105103.637 1113257.95 878537.4923 1490001.646 1413141.5 1293611.221 1341775.878 1370560.817 1105850.284 1373600.158 1129136.343 889807.2281 1061598.676 1675902.824 1431020.282 1108604.543 
1006861.157 1035221.72 1097486.021 1066902.252 1680053.261 1125194.936 1333437.235 1828815.474 1322882.466 996896.3652 1362822.881 1296679.997 1350895.471 1037885.204 917105.3431 996677.3389 1249024.211 1457936.122 1555938.414 1226517.948 1790663.245 1053976.644 987188.5606 1600061.327 1234583.391 1316973.521 1286721.322 1492535.472 1398380.823 1371360.246 1034930.792 1190678.103 1422903.63 1236728.506 1065052.014 1168310.883 1439739.26 1141573.865 1035775.017 1128225.298 1396866.871 1396788.787 989807.1486 968955.8476 917513.9355 1309417.128 1213616.281 1165634.507 1144630.639 1257880.326 1161579.019 1061625.015 1227921.094 1405557.156 1110033.478 1165265.87 962378.0506 1352297.951 1381647.874 1518287.614 
938370.7645 1427118.485 1035503.88 1512451.033 1449278.187 1623675.747 1222620.458 1170628.747 1484340.787 1279882.3 1618247.7 1275137.297 968597.3933 910824.9113 1856486.583 1186590.505 1963663.255 1472303.077 1211197.679 1225531.456 1008757.115 1067960.135 935185.2473 1180085.802 1470030.323 1281064.022 1199654.289 1786325.618 1445573.574 1340451.034 1109233.504 808617.3902 1317166.024 1056557.779 1050745.953 1179725.771 1238947.615 1404838.158 1315512.383 1259171.994 1405520.289 1244686.027 1227978.382 1887578.874 1371069.832 991428.9657 1257121.42 1064537.562 1215527.045 1104478.894 1169741.551 835916.1565 1069537.867 1322016.858 1389283.349 1379518.742 1100203.988 981963.9861 1025487.756 1191615.535 
1393533.556 1399496.663 1056056.568 1047353.07 1376940.693 1091702.007 1131057.928 1040112.767 1360565.79 957745.0329 990813.8223 1259830.113 855317.3927 1081355.071 1198702.74 1282556.66 1350273.436 963003.571 1735286.324 1144377.878 1161571.878 1183723.993 1347039.721 1164513.54 1055610.101 1571904.921 848980.8632 2110508.594 1560524.381 1402681.091 1255276.269 1195875.114 1113106.327 1291113.285 1087039.945 1377892.147 954763.8156 1872201.338 977058.3347 1674628.876 1144953.617 1280164.821 1085217.616 1227619.765 777823.564 1296582.359 1435712.611 1172850.965 1237353.114 1341078.467 996251.9346 1220706.403 1092133.809 1218971.836 971867.1889 1576701.868 1542791.23 1190249.214 693315.8797 1048373.305 
1315673.751 1336500.373 1007520.415 1292975.333 850969.8166 1911914.922 679460.2087 1557019.295 901375.3305 830610.0385 1435491.59 1038970.352 554153.5727 1956058.352 969833.0251 1241137.127 1400613.529 1343510.372 1256325.183 1110396.76 996803.6489 1255645.31 1137753.416 1155497.523 1377186.27 964124.953 1239859.515 1119489.891 1407780.619 913779.1842 911278.3909 909087.1469 1613122.77 1320875.818 1712658.483 1180546.963 1721790.184 1123529.633 1224875.663 987064.4344 1496021.487 1292577.338 1478892.64 1153596.426 1241242.674 1483579.029 1093187.02 1719397.349 1420621.689 1239997.837 1401822.563 1100856.169 1228384.434 1055587.131 1263163.277 1316324.125 1501100.25 1385515.964 838524.6239 1345835.768 
850451.1911 1218657.443 1152974.499 904507.009 1164799.855 1089835.996 1307997.878 814606.2902 1232424.187 1517262.217 925336.9019 1073264.119 1372693.375 1082698.763 1255019.447 1129917.688 1130174.867 1453985.698 1120459.98 1014472.642 1087284.856 878913.2068 1037664.165 1152808.052 1148532.435 1244379.281 1227879.842 956280.2502 1584445.037 706937.5945 1306865.572 922040.8587 1191785.623 1049984.579 1514307.194 955160.9054 1003105.393 1064054.18 1178605.678 1222463.262 1129859.463 1097852.65 891187.965 1431903.389 976508.1467 1722905.034 1092774.758 1314740.522 1596705.511 1096328.201 1143096.827 898070.8678 1026170.267 1529312.327 1206909.557 971217.3878 972415.3624 970413.2977 1281528.902 1506318.506 
987706.8477 1042078.087 1237299.828 1222375.023 1322027.362 1374100.135 1201550.826 1253943.895 900913.7345 1442392.426 1267016.506 1195205.375 1383303.941 985012.7426 850849.1946 1332207.915 1137954.608 1414612.151 1626653.835 1277638.184 1403504.432 1180391.227 1180126.689 1311358.256 1079288.633 1568746.402 1377280.033 1305933.521 1057898.965 1478734.192 1352291.864 1984852.494 1394959.134 1452717.862 1367285.472 1391896.215 1615109.059 1252180.425 802230.6108 1179424.859 1366518.204 1099019.515 1341932.852 1246010.864 1367722.589 1459429.607 744483.4745 1044888.444 1697568.686 1265089.135 1450776.702 1256175.121 1170719.071 952431.2597 1205939.071 1048932.383 1330537.549 981815.8486 1134102.553 1001440.448 
1293925.225 1471346.945 1198973.489 1266157.966 1566716.743 1417917.411 1272015.325 1358627.06 1299816.11 962523.8585 1303907.868 1475449.541 1113032.92 1241094.144 951103.8553 2009657.698 1149062.166 1100790.531 1106190.155 950149.9671 973176.6008 1120111.599 1662894.401 1171525.946 1052803.057 989364.0566 1424220.242 1591501.635 1348862.012 1257193.206 1095002.99 1655363.124 1585450.752 1117924.781 1951902.999 967422.0548 1676596.413 1099473.075 1301677.666 959148.7174 1610369.205 1469549.622 1275710.815 1212811.446 1189994.882 1072349.68 1406224.003 1483971.219 1414100.687 835673.1817 1088601.013 1131634.539 1292781.479 1344704.903 1069221.646 1254616.067 624353.2712 1416299.433 1208065.139 1349160.422 
1349856.848 1609494.701 1011428.603 1047439.168 1073339.731 1162065.294 976340.5751 1424175.971 1271654.326 1015414.772 1076340.921 1051229.254 1130112.606 1253156.938 1830579.675 882205.7788 878932.838 1500055.474 1514562.673 829656.7604 1015514.408 979037.1272 1006590.411 1540337.162 941770.4496 1079282.963 1041118.154 1302016.481 1344822.525 1254952.279 1089531.892 1283120.205 911169.3895 1497657.426 1411232.72 1332471.068 1191763.401 922442.7604 1120988.751 1509451.015 1234810.187 1172359.974 1069384.955 1048547.418 1167710.78 1439484.959 1274281.309 753185.6031 1177471.354 1166229.944 1151369.048 1133584.55 1169320.214 1593717.637 1166869.59 1061726.112 1287582.907 1670745.281 1126378.217 1190612.299 
1257322.154 1147827.022 1156584.345 1123124.271 1496337.85 1132775.615 764618.7978 1289986.847 1081362.829 1147396.589 1293557.724 1356256.26 762679.1686 824837.3845 1084677.781 1235361.401 1200780.026 1267415.124 978390.8741 1408350.647 1194065.644 1236595.898 1806722.547 857601.6776 1543942.754 1533051.922 1143946.46 883689.1133 1228213.651 1165166.505 1353919.976 1173586.655 1166182.637 1359360.969 963459.065 1285980.16 1268672.169 1106601.8 1267967.566 1654287.952 1283514.443 993175.3557 1394064.584 1253568.808 1183131.525 1278497.595 1163480.121 1281271.901 1088611.608 1158253.894 1041350.066 1142746.847 1061562.984 1442454.946 1267174.757 901867.8457 1322679.414 1513959.395 972019.0853 1581918.346 
1692641.095 1215843.628 833423.4874 1374506.585 1008352.607 1150829.309 1060856.271 951979.525 1408220.708 1405525.86 1081233.352 1512064.946 1110661.903 1471560.118 907564.1037 1126541.398 1128915.33 1487587.1 1059083.456 1069472.369 1795432.594 1236195.075 1335796.01 1556271.026 1205610.361 1342100.811 973169.7168 1317580.636 1270955.823 1394923.851 1383254.613 1214768.918 967264.8145 1090185.311 1407260.453 1503817.086 1148301.331 1331998.134 921954.8534 1030733.083 1241201.233 1098483.407 1130287.406 1122735.077 1405998.381 1292812.622 1157887.988 797019.1599 1571216.006 1485783.187 846172.1402 1249874.61 1715177.476 1214023.787 1281250.467 1069672.886 1141246.228 819062.7303 650192.5424 1176737.132 
1161806.93 1158659.19 1227565.126 902543.2412 1365018.79 1022307.707 1265539.955 1210778.653 1251057.887 977584.7417 1103136.721 1099292.363 1712959.749 1289751.898 1231847.585 1361961.958 1623421.962 1346512.773 1123578.15 1714690.631 842954.2953 1710738.002 1234016.436 1102592.978 1033948.385 1082005.452 1359050.59 1178398.629 1116334.934 989409.5595 1399296.224 1241730.83 1478862.696 1407081.91 1058186.848 1225562.642 788866.7275 996192.9838 1224463.577 1403879.902 1199835.35 1157405.617 1592062.376 884403.8053 881554.8817 1135338.569 1980038.93 1025323.162 1160796.633 1220977.5 1241745.075 1355835.67 1223493.536 1241110.846 993493.1131 1494598.79 1189716.014 1569390.461 1406627.951 1278599.248 
1201384.69 729059.7488 1190018.898 747595.9736 1425355.947 1227099.122 889830.6045 1209776.498 897638.1767 1298743.869 818601.6174 1331517.908 976540.4503 1341506.612 752717.9685 1015225.542 1275406.259 1640403.148 1083993.078 1600131.448 1040521.964 800017.6751 981039.4565 1172853.965 913845.572 1346238.496 1466183.018 1174700.139 1317850.3 1270603.828 1041949.002 1181603.565 1441457.519 1257041.389 1422912.904 1130299.347 1582070.572 1111444.365 1172469.975 1080644.679 1320907.785 1153876.189 1457266.481 856090.0705 1343700.332 1033819.639 1329746.133 1259383.292 948520.3594 1452916.1 798916.4955 1472702.741 1162952.876 1180045.311 969626.8458 1470365.26 869457.8582 1130766.267 1036101.113 1439655.924 
1005091.658 1222742.064 1320920.663 1269458.619 1287070.361 1128506.672 1313300.008 1618988.357 1189550.772 1024262.153 1200806.914 1267867.866 1375916.969 1380631.098 1166623.191 1092469.732 1038403.166 1217952.921 1047151.642 1405612.164 1128713.546 1502033.315 1088368.371 1386608.941 1106626.76 1197131.161 951747.836 1222476.357 1074501.445 1195155.072 1303424.779 946506.1676 1488067.657 1114237.491 1077407.624 1348320.609 1809492.04 884600.7952 1051627.617 928087.6233 1203081.554 1050399.737 1057059.618 1001624.972 839250.0043 1342432.346 1080181.511 1070525.509 1586422.128 1106345.969 1278036.479 1631169.182 1344767.085 1523642.949 1225291.141 963737.6071 1335348.297 1152406.129 1357776.417 885406.9926 
1320229.101 846728.424 1330198.474 1080522.653 1022188.54 999426.2555 1186001.682 1416694.275 718446.4477 1036856.924 1163845.613 1047539.984 1428925.387 1267096.032 1507240.673 879445.3496 1049756.471 1349890.829 1436112.694 1443324.455 969504.9656 925723.9504 1334335.246 1023854.847 1043702.344 1051081.057 1037233.785 1129131.726 1105422.213 1288733.835 1438929.158 1561696.648 1199273.96 1549994.221 1288129.478 1441020.462 1252415.729 1178453.194 1497866.326 1251692.65 893038.4105 1083780.589 929695.2566 1411997.309 1504980.182 1062054.024 1303085.847 1200920.008 1416979.79 983771.4405 925970.6245 1724315.032 1390942.963 1085853.791 1125300.054 1138515.405 920564.8084 1307723.12 1359926.042 1371502.11 
1254059.689 1190543.623 816827.2913 1045609.729 1367673.002 1351528.692 928467.3036 1035260.163 1214162.088 1020160.545 1645483.067 1086427.021 734237.7533 1003240.56 720860.6761 1171855.308 1205624.572 983095.7933 1342403.592 1377704.824 1277327.073 557399.2918 1177169.895 1247694.565 1521752.435 1280920.645 1461471.099 1368486.375 795233.0335 1229634.785 1063696.825 1205947.79 784070.8322 1355370.822 1060477.018 1366671.247 1111590.391 1394007.549 1639744.192 1142061.327 1258795.411 1303869.161 1063688.619 1152730.914 1319754.09 1509278.522 1426536.57 663032.3554 1239309.331 1286692.473 1362554.263 1528592.03 1337280.304 1390345.423 812193.8484 1445989.09 1168610.636 911347.7224 1194889.099 842793.2329 
1026902.206 1227532.306 977651.1315 1096652.647 1072574.581 1519732.756 1205893.615 1285679.827 929224.3867 1336119.001 1225126.802 1469690.189 1362716.871 1410322.967 1097861.964 1335910.186 1265761.885 1300467.772 946024.4929 1401370.099 1262444.618 1169382.728 977541.1896 1478256.791 1146179.28 1183904.478 1239030.349 1301328.388 1293972.712 1460226.863 1609515.678 1083619.216 1191730.905 1056834.084 1144540.257 710104.9983 1241330.54 783865.737 1227129.374 1158593.96 945042.6926 1029562.193 1026764.999 1149576.016 1433092.634 1100378.731 1518679.397 1164354.088 1645709.551 1275075.626 970954.537 1299442.782 1283815.045 1433631.163 1343059.022 1584597.007 1340439.066 1341854.03 1239331.312 1516606.82 
1198633.985 1331980.618 1133503.446 1480810.642 1380616.187 1363969.503 1124541.237 888332.7631 746023.4206 1460767.431 947815.5605 915316.7559 1162010.471 1366608.853 1289106.568 972966.8373 1380986.266 1144321.239 1262857.596 1157746.627 1136097.421 1115743.739 1444499.938 1504101.522 1212161.449 889437.8777 1376840.798 1128210.889 1206099.844 1098399.562 1409829.764 1523497.371 883342.066 934663.2352 1275645.892 1526068.122 1425787.566 999305.1742 954855.1859 1393090.138 1072135.36 1032339.727 1327413.527 961320.9435 1112989.586 852937.3766 1294386.324 1230204.254 1492429.226 1079323.838 1224557.079 1235906.899 1445645.66 1108910.138 1098824.208 1272345.884 1043931.11 928767.6392 1793896.215 1563695.542 
1011309.882 1219736.084 1276123.808 1415343.223 1166241.578 1113156.83 1344896.73 1355115.798 981881.5961 1387323.506 921873.0019 1318462.173 1202550.122 979977.8279 1246033.242 1658332.1 1042114.962 1104905.67 1649601.974 1247442.393 1349635.567 1245252.362 1100505.033 1311663.138 1675580.493 908060.2539 1436900.967 1424744.145 1200634.787 1318663.286 1174628.239 1125219.342 901844.0543 1064086.211 1253321.831 1377988.729 1022874.391 1592210.575 1673048.116 1171619.93 1221491.22 1592406.46 1227231.36 1035943.371 1034942.669 1394787.176 1276617.101 1237964.099 1248018.356 1251537.137 1036496.184 946904.0318 1209700.891 1022106.254 1219016.815 1439482.241 802319.1667 1395962.243 1116748.282 1245355.869 
1198071.012 1138217.209 1456566.822 1419434.76 1394041.09 1040238.017 899789.9288 1297125.507 1196723.599 1283174.39 1108725.348 1303627.443 1009972.026 1248896.723 1048121.663 999659.7632 1185792.791 1336934.316 1392273.64 1229248.165 859305.1366 1335702.684 1296754.47 1405691.087 1535822.276 1037591.007 891981.7363 775386.3717 1026094.293 1321695.78 1011459.085 1145869.287 1187882.222 1072205.454 673567.9142 1542868.682 1081184.554 912263.0349 1127848.147 1093360.629 1108366.173 1223276.125 992499.7855 1407227.692 1498151.266 832748.247 1026548.709 1320296.859 1628165.62 1413224.905 1748640.268 1065577.349 1274334.456 1068024.026 1171218.82 1329997.727 1325969.597 1619106.939 1003028.014 1246242.464 
1322879.006 1579948.234 1137506.085 1126025.51 876414.9594 1121041.721 1617161.399 1147772.047 1439341.902 1085241.421 1039454.494 1358869.822 1048421.13 1077101.41 1076476.853 1171280.266 1190232.195 1182914.381 1225720.111 1350862.223 953369.2171 1904118.505 1568509.536 1727029.328 1242343.948 1074628.222 1462684.682 1622827.503 1129014.133 800536.7032 1508779.786 1326598.358 895984.2041 1657490.316 1125392.179 905639.1505 1241981.057 1093831.814 1105771.145 1212216.377 1320460.095 1488123.911 1099393.099 956768.6275 824150.3217 981994.5632 1005302.719 875203.5042 936475.3313 1268616.937 815294.4107 1200007.316 1116904.421 1129521.125 1009012.781 1272853.518 1923275.881 739162.4056 1227395.113 544271.5566 
956276.7234 1016095.775 1192589.15 983013.1624 1177589.05 1791671.303 879612.5722 1194690.668 1046734.107 1704714.823 1395702.447 1391071.437 1235703.224 1552021.231 989362.2997 1000833.833 1049948.758 746642.752 1150128.636 827386.9059 1664818.632 1125919.174 769005.481 1342630.582 1501418.367 986720.3722 1401803.813 1271520.074 1583717.929 1086740.694 1525401.691 1571738.773 1321658.001 1492485.297 1126045.203 1575647.671 1099060.548 1047629.283 912613.9833 1340326.042 1242748.344 1111904.33 1220347.641 1540913.582 914348.6574 1229650.931 1417769.471 1274908.597 1144714.119 1072696.127 768075.5777 1124701.92 1225380.406 1278654.556 1577799.676 1059970.685 1233353.548 1148582.068 1270365.779 1330229.894 
1407314.62 1484448.753 1122227.606 1000844.279 1428784.45 1117317.555 1379085.775 997730.9611 1061527.115 1255876.947 1457168.462 966274.4757 1594725.115 1214978.27 1237727.939 1503578.129 1477257.871 1364699.968 1499221.635 1600942.359 1044598.144 1191372.612 1140225.037 1327610.829 1143484.62 847422.2702 1461507.937 1108130.092 1407633.95 978286.0565 1217702.98 1004031.97 1524110.399 1788291.294 1105121.924 1164722.279 1316762.649 1081375.111 1113918.977 1269392.814 1401286.982 1111101.603 1213961.971 836719.926 1321231.254 1454862.873 1140048.196 1145843.395 1223270.491 1573746.873 1045217.907 888918.277 1015699.477 1028778.915 1139102.668 1111418.222 893638.7425 1505850.691 1117934.635 1348025.109 
1272354.683 1212358.915 1175869.7 1285192.164 1233816.638 1056856.457 1264681.966 1061366.457 1171411.475 1364494.155 1426491.19 1249295.639 1184493.279 1137440.452 1232341.698 1107839.202 1378802.46 1205386.626 1282846.974 1085242.441 1401828.412 1221694.152 1425974.541 1642482.223 1312171.127 1498768.35 1052898.92 1764099.615 1395489.371 1191078.973 1074008.384 1003917.139 1381770.771 902549.6103 801969.488 1171860.843 976156.7868 1269410.683 1369843.686 999053.0906 1167986.056 1003752.393 1422614.632 1042341.442 1396576.596 1051253.969 1071993.701 826449.2995 1206213.765 1396793.533 1247403.375 1041377.39 770086.9877 902408.917 1755641.99 1030638.237 1273277.379 878989.0093 1024508.015 873002.2287 
# Errors [PSDGuideExit/psdguide.dat] I_err:
225922.0472 219360.1738 226821.0745 224109.8887 258371.2892 231889.7952 236492.8923 231050.0161 241176.121 240339.1265 216240.8956 249305.1731 259033.2891 244100.0821 224365.7377 174632.7032 223511.0269 216274.8738 255291.8829 196584.1906 268977.0505 333066.797 207496.2819 247499.7765 243242.6914 183579.491 215667.3045 228630.2936 267660.061 202758.6415 251830.2199 229318.5158 230577.0972 242895.6968 253910.8414 243606.5237 277266.4517 256274.3988 255806.1597 272571.2336 236486.0946 232022.4125 207375.6739 213863.1244 227467.711 209152.7535 196576.4211 195891.7868 277927.3307 255509.6605 202121.1593 202695.7476 260436.7735 207288.4308 226240.6108 243718.6116 173785.6882 237687.5195 243784.6978 260500.2957 
200945.7986 220052.0074 211649.214 245506.155 249112.8096 192256.5499 252708.1079 200547.7629 194681.9324 214657.8298 230304.9409 262596.4166 198967.0914 218745.7235 227762.654 181345.1641 218112.8662 227545.2522 185964.0215 186334.3859 209948.0989 222332.727 200823.6757 258196.456 244248.5953 244460.5959 257986.7618 244911.9148 240056.6881 213771.6095 256233.5474 229354.004 218354.7601 259547.9803 243082.4992 259425.5007 200771.758 247499.4264 213420.8075 253731.5541 240997.8152 235455.0806 227742.8893 206275.3896 278791.1739 182980.7061 206842.6234 234266.6714 283031.0584 228265.9993 209091.733 256698.0099 246735.2469 276795.6764 236312.906 225236.5531 257337.0599 215779.9961 250617.5037 241373.6447 
246451.3072 230537.5447 195390.9984 182272.7092 246824.9665 234689.5612 235453.0238 265318.7177 233844.2106 232212.0516 215640.2763 198493.3275 277113.4354 235548.8802 246897.8731 235182.8038 251141.9966 238657.3898 204309.9342 225523.2043 207404.4912 221857.1566 215632.8799 247848.4552 243346.141 236376.21 239709.8138 220896.2944 150839.6241 219868.851 233049.093 231800.5481 223486.142 197209.5794 240716.2033 220790.7721 224918.6967 225471.7331 219472.3056 264266.2747 175470.8528 220652.4335 208361.7609 196736.9146 215900.2899 224435.9409 242784.7252 238617.8577 221779.0805 207478.6455 264994.2152 222214.1846 239678.8987 198161.8922 180119.4702 177353.5678 224101.2156 259747.7827 228007.0658 250114.8047 
190383.66 212028.4016 213629.1601 219537.5225 217508.0975 260246.4039 248062.5498 230338.5385 207504.1949 178220.3816 220698.1738 236745.327 294714.915 252414.0124 189180.5704 232683.3566 187561.927 240669.9989 232302.4863 258376.9846 243105.3895 262975.9451 214490.4839 211376.9473 248592.0775 225796.1138 240584.8764 252097.0722 300097.8859 241850.0869 207322.1646 222177.6467 187324.0136 250899.567 239266.7818 227764.1343 236423.8844 186814.7986 261193.3831 198266.4225 206851.6627 237338.9382 186327.8054 225406.4637 248765.7462 198682.8905 178182.2179 227449.5018 216883.9369 244691.5063 226793.787 199353.3486 219380.4138 231372.5445 203142.1676 259203.315 256588.2433 236594.9102 221058.8717 232376.1166 
241069.7836 222865.3578 233145.7527 209669.8925 186104.4571 241599.9872 223443.1265 224145.6112 244222.8912 240794.7281 218313.7638 225366.7474 262132.3633 214451.8642 226190.6639 226823.3646 271096.2005 206343.2589 239097.331 222292.1886 231508.7849 259669.6998 207635.0233 227859.9271 200691.0191 188165.4319 235719.1069 190610.1294 196206.8933 201915.7983 255611.4659 228788.8666 198985.1067 264773.9615 221641.5974 248546.7429 238404.8421 187951.8991 218440.9962 228503.4088 203346.0867 237837.6723 245072.6501 194755.9378 249795.0047 211398.564 250399.734 232537.999 234760.2895 269977.9257 224891.4736 225682.898 214748.1798 233826.441 216362.597 226366.4127 217012.9569 245297.5206 249301.3805 271948.1346 
192771.4744 252317.889 256365.3566 191165.7842 234616.2809 199070.5403 209117.2671 249649.4143 185686.2438 224027.5829 237856.5048 231590.9888 217801.2234 231750.0134 208040.4727 248734.4747 192384.2618 244290.7823 209992.0977 206025.7856 229986.5328 198524.6194 222310.839 213895.1252 238137.6308 222940.2346 260291.7001 205290.0498 264154.7237 186663.9222 219690.1329 243398.3141 231834.1126 237872.6333 250804.3791 260732.4108 246946.8599 234964.318 248733.3918 250982.5269 243831.4873 198495.6548 252675.9249 249827.0486 231161.3083 252293.9708 216816.3455 264451.7306 270207.7959 231535.2975 234049.6276 233607.1173 207773.4717 242468.4384 223188.4339 245320.9737 239492.167 227196.9343 226770.9637 259284.7823 
234494.5716 225273.0359 206162.3782 248756.0177 174256.0487 223943.3415 264100.1518 226598.0251 243962.8452 242800.9407 233212.4597 213345.7222 243089.3814 175659.1428 217191.3162 247593.022 259982.1205 185189.0949 202276.5172 238969.6597 224995.8166 155701.0992 220457.4327 230701.9177 199570.3804 196836.788 244549.0969 253282.9744 230541.8754 209960.2792 230213.0151 260169.8874 193501.6113 235957.409 160677.9866 252602.3485 280087.7141 232869.7178 231730.2511 206583.4291 241735.014 205901.1314 241721.6195 241941.8592 235665.8592 217395.9246 231914.5731 233161.2849 230933.9028 192538.344 263379.9653 234573.0818 198939.8155 216951.9924 228602.4388 248990.9718 257980.085 249777.6045 252314.6204 224542.6511 
236436.4089 191106.0481 243568.0239 259928.3335 217048.9063 274058.4247 258698.9955 248649.4634 182870.6993 205805.1337 209315.4817 242893.7739 236529.9735 212489.5996 240514.2679 253823.4854 226113.8898 203280.936 222954.5124 233888.6764 197610.349 231288.1492 234111.642 213480.917 213916.1773 195058.3507 255019.8555 246836.6853 188082.6106 208924.9739 252430.3075 243376.5629 209035.9138 197527.809 255372.9014 239458.2378 239661.0294 226090.1593 232944.2306 244885.8888 213959.3934 292620.3437 212982.9171 248481.484 221424.1485 220835.0073 219533.9952 266184.6135 234369.0547 240321.2044 218210.6174 253534.7285 220808.2325 220435.301 226331.4905 227684.4245 239332.0559 205442.1289 214541.035 265706.7852 
246519.1524 231888.0456 203911.5019 243705.1745 217621.8111 230428.9757 208077.5786 247942.4853 186398.7548 236060.837 224283.3205 251487.6941 219792.0459 243424.8835 190127.8019 249450.0202 214215.528 197698.5595 234689.6234 211285.7353 181550.2353 218346.7313 220311.599 236794.1485 222246.247 248487.9065 245360.4826 285858.9785 246554.7236 235269.3542 210277.4775 230633.7291 251240.8616 242795.7334 255531.3619 246802.9925 252587.2601 237436.0054 230579.1405 216036.8203 222099.2404 239112.0452 209724.2811 206536.3214 260976.1582 253746.8515 234953.161 205506.956 252715.4454 225848.2263 202115.3115 246285.9709 259786.6992 192542.9045 241985.6117 255532.2365 247460.1612 253805.4545 224885.695 241575.6233 
209311.1647 252027.7454 236116.8084 231172.3453 188525.3428 236169.6767 193490.0741 237330.7888 204089.3693 276873.534 216683.0652 198462.0006 236060.8658 235212.8595 209691.9059 169882.4816 243187.8806 237350.59 212193.7535 216522.5497 218326.4832 215284.5024 275894.2246 249385.6218 239310.761 234004.8488 183368.0058 238536.1312 203869.7251 189750.616 219492.8121 217294.3636 254402.765 214837.8462 218737.0475 211790.9965 235686.7335 209931.3986 207266.4481 237370.9784 212773.072 213411.3566 209200.9407 217639.6192 272643.5288 256366.1626 239971.2544 168571.4526 240699.7109 199071.1092 238667.1247 215237.7004 227175.8686 251984.7485 201042.4629 210951.8199 233065.8534 223454.1439 178508.5331 248071.0648 
224588.9592 234580.5613 183912.0159 153093.1275 190999.4711 182770.938 178384.9883 185959.3623 265132.5298 228371.9607 209397.2001 196393.5772 232951.029 216420.9608 194641.0201 198805.5619 205157.8092 203679.1119 226954.8376 220732.5619 232588.4253 206976.0833 221241.5359 189116.8229 262306.596 208517.2898 210779.4382 239353.6268 196427.0658 227699.377 217831.2371 247622.2289 214984.8403 231324.745 258981.253 232874.8491 179725.0463 227911.0118 230921.4948 228225.2418 210302.7753 224668.6722 209240.6831 228327.9611 263530.1866 217864.4473 211752.7379 252563.0465 232767.2665 185293.9986 264159.0286 238661.9007 244686.8042 192646.9653 278445.6347 278373.4497 255149.8445 231981.4103 245485.9756 188205.0784 
224095.1664 219941.1714 196737.9373 224562.2763 148825.5468 246920.3883 245508.4294 232126.3609 239777.5463 278977.1136 253834.3415 242717.9014 245457.7029 229258.7104 250956.929 249754.4568 250119.208 290479.1215 258030.836 274060.2558 253456.5594 225865.1262 260075.0032 261838.3676 232850.2452 217118.6956 203745.9573 234273.7309 254044.5984 216890.7069 159775.5674 232650.2017 180989.5488 212190.3071 218399.8792 216670.9442 217168.8834 236159.8279 227903.1993 227840.1009 221511.4746 239437.9266 249074.7602 260621.6486 201611.6903 237581.4083 207923.6083 224518.8836 203824.6411 215436.8196 216363.0598 205257.5338 230547.1361 272975.8265 196957.7826 251525.1936 231054.7238 209244.5615 268429.8472 223436.9901 
259959.1526 208354.0816 243264.9119 259864.7624 206077.7309 222224.7013 199238.2878 225540.8646 222638.2604 251043.4102 257756.9771 257201.0182 229656.8819 203547.5152 249560.3967 274066.6899 279767.1942 199028.2988 230619.1729 182033.8643 225046.1758 183264.314 209023.9955 247559.494 219556.3112 196554.831 236552.1944 290747.6526 206528.5656 248054.602 226132.1201 200394.3551 214662.3409 212846.5558 208225.2154 173270.6482 228874.9189 217511.7788 257715.428 240371.2487 235922.9475 177144.6089 264269.1773 220949.007 225524.497 227451.9458 264288.5955 222952.2202 240786.7659 249147.6468 224344.7431 233496.1105 228984.3999 211519.8065 253681.4256 227502.4393 196060.1228 223588.1073 230717.9218 247575.8444 
234505.1565 212693.8362 212220.4759 230391.7235 240549.982 218309.1667 252057.112 218952.9214 212815.4425 213713.5695 225470.1843 204598.5389 245127.7494 247034.0691 211726.8774 220996.5383 245535.8754 235777.907 263376.183 187837.5816 196312.4557 247149.0067 264967.8295 207989.1554 222263.5742 269072.1615 235463.2481 245275.5467 212848.8576 254264.3634 216946.8154 232106.8629 284105.8813 213473.3885 218523.8459 236737.3926 301291.427 214373.8661 248559.7355 199078.7579 201957.4062 242376.3543 228325.9284 252402.607 219636.2872 251899.0778 237996.5644 197718.5226 284670.4765 210565.5594 210353.4903 237895.5584 204349.2368 225059.2042 185104.4529 209281.0196 224098.6157 250647.9525 240398.8336 200203.2994 
270924.3688 226090.1435 251381.0388 246931.3628 231107.8456 229817.563 207148.0122 250883.1888 245105.3207 226607.7382 200159.913 216694.0569 219977.5044 228332.458 253057.3383 208355.8821 245299.7264 260919.9058 190567.6187 201308.6811 228963.0751 247358.5639 195364.9906 235959.0322 196508.6945 209949.0483 212600.9732 234943.6365 239512.3489 234128.0465 265844.0669 266052.5036 233362.0343 190330.5916 262094.5032 213159.9198 236910.4317 208300.804 233250.7114 230045.5832 229638.6752 236711.2572 247135.9956 295256.2689 263407.0759 231050.2752 244087.0899 243181.163 245103.3085 242347.8235 224896.3823 225252.917 251191.6332 222078.3938 254217.6913 279369.9703 209135.5197 215822.5336 198507.8177 205958.1759 
259328.6142 219206.6683 228018.9125 246254.9645 239499.2055 209624.0083 255944.9001 206784.9956 289298.4727 273330.3658 201917.1042 211891.3812 272082.4581 198140.4754 249093.9944 200917.1274 205120.5133 201407.8897 223061.1018 250060.9017 205399.6202 211008.7013 248431.0798 238897.2877 248740.5385 230919.9645 203579.7925 202359.7473 240583.5255 258420.8038 200173.8638 213852.8724 144870.4506 233018.7721 267189.9573 275954.5864 190296.434 223427.0831 258870.6587 200844.8075 235411.6243 265548.2126 230316.2815 244744.8992 212892.6139 249644.2986 287084.9878 263750.8657 186739.6314 254665.6039 224701.8304 236828.3109 240261.5846 279284.3665 234739.7611 241209.3647 244962.6457 226100.2099 241349.8883 244617.2465 
225707.4095 190688.5471 260789.0493 224643.4005 228252.0423 224986.2835 262451.1306 239124.3116 278863.9125 217889.8174 200362.9009 226369.566 191255.1156 218341.5046 222859.3018 239803.858 208861.1988 205821.4438 209979.45 236414.6685 196239.9933 259443.0419 283711.7369 244766.1032 220073.264 225093.7328 242604.3957 158377.4296 244123.497 253109.8288 229149.4796 226813.5573 237110.3853 221663.3899 198997.7451 269083.535 201268.0921 260247.8083 180105.8768 241773.6493 221819.5499 228425.0316 220803.3126 225664.7239 171634.2758 208499.8586 227911.6105 260229.2633 225602.6252 226139.799 204356.1278 259558.5053 254670.5813 268742.6238 242647.3248 212091.5196 263306.4528 276585.3463 202021.3105 206874.996 
226513.3914 206801.0351 234232.4212 234415.1842 227385.4282 230315.7477 211172.0349 194564.7484 286307.7935 274608.5058 244777.2074 198625.9184 239577.4093 220948.5935 240406.9781 234116.0892 239583.6457 270262.609 240559.2887 190557.1846 251478.911 226670.2079 220491.8183 216366.101 242325.7586 238239.079 258166.0817 187124.9203 254159.3421 252891.9342 208866.5384 255035.502 222898.3098 255132.0512 242752.6162 250809.0515 256283.3087 231577.7611 230709.4286 274614.2898 206385.2549 210192.7953 201760.3907 223802.9452 232003.9198 244655.9278 240942.565 242367.5895 252741.5756 207658.4893 239750.7997 216583.0538 214666.4703 218028.2107 262082.8712 237733.886 231931.6214 188010.6151 223737.6422 274951.1373 
226567.8809 245328.5383 205759.2845 196220.5125 215304.1963 233634.333 211849.4861 236273.4748 221826.2701 237793.7076 248198.1056 251593.3438 198598.9113 215037.8592 254941.5119 228685.3143 225404.5178 229929.6203 173767.1977 221936.0099 187520.6722 224979.0892 244837.5107 242956.4229 188716.2935 206666.9206 217124.773 222520.344 195174.7398 235665.7126 207436.4931 252131.0147 215435.8659 232166.1512 227306.2359 225209.5199 248239.6784 262337.6624 245540.902 273947.5275 183899.4077 218352.5249 242050.1395 194526.5224 194510.5921 217431.5912 199122.0358 245122.3302 252774.2968 229653.4313 238163.3352 230011.4621 229362.017 246008.5648 221774.4994 193901.4665 220558.5538 166277.8642 219926.1359 228856.1371 
237840.202 258815.8633 250134.3152 201999.609 251812.7838 224470.3865 207545.1703 260506.9862 227484.191 238637.0977 249162.6675 222684.4109 191942.4664 215797.9983 216215.8043 233777.2039 205336.2886 213746.9331 231442.828 251293.5876 216553.8227 200293.2043 214262.8225 212745.2033 263457.0193 186143.5281 194760.7038 243667.447 256909.0901 231698.0429 235623.3355 255521.9258 203076.3457 242312.5882 241684.4561 200262.3218 188133.7986 245637.7016 176518.6943 234489.9159 195091.3638 246728.9591 268150.2968 218722.846 208433.4702 266248.3071 214105.5609 233597.8744 243205.4089 212076.611 229910.4194 250146.5885 237460.8638 223410.8348 195985.8594 224543.119 224204.5597 246852.5379 235652.6141 205018.4631 
230919.5888 217961.8935 239074.5853 235936.7099 184877.895 216563.1567 210235.8801 180941.5483 245293.1993 231812.6091 250368.9978 264488.5569 213320.1482 207735.816 222069.11 218177.1146 212025.5197 270575.0786 252872.0256 226008.3765 273160.7212 218599.6942 224453.5375 200055.2563 216580.0751 282167.7686 215393.607 206702.8298 194844.8764 248663.4565 248683.8818 218763.7912 219508.0714 220235.3322 270636.167 195223.3521 256809.5883 215187.2933 185850.625 233570.4863 260755.9266 232448.2272 237393.8586 233411.7401 227655.2081 221325.1851 265051.5412 182436.5202 210863.5391 189819.7132 244401.4223 279974.1966 239326.3566 210864.8602 250029.0466 220866.5746 199273.6442 257022.5338 238613.5917 236850.473 
229821.8582 248586.8844 231624.3804 194928.8296 187347.7541 228333.6646 262393.1386 203536.5176 237660.7112 280459.8964 251403.0121 218591.7812 215904.0371 238173.8385 236339.9558 239179.6032 229365.6994 222478.0296 221896.7853 210521.8904 235545.8229 258864.0414 221546.5641 182466.9439 275369.1332 233486.9027 249893.3247 210488.0358 248218.8192 223184.7192 265370.9344 236629.0246 248608.9982 205436.3392 254846.7937 270223.2398 208013.4493 246376.1786 245712.939 244668.3669 270792.7957 249970.4059 226122.0735 235143.431 248680.3453 215181.1627 202770.1954 218347.6852 270950.5413 202355.2461 190484.6833 184235.0989 184717.2066 255574.5333 220485.1865 246574.6314 290557.147 259413.4238 240867.0949 213088.5717 
205864.2608 252379.1054 192352.8654 238960.4612 233079.4836 232288.748 194144.384 288903.7025 221803.4839 268469.2737 193614.4703 252848.4707 231480.8025 209433.4802 284998.8186 189212.5321 205100.8523 223324.3326 230011.3723 234953.8444 184130.0562 240184.1195 210213.2671 221160.1363 251888.2948 269020.2185 218642.7721 240013.1217 205464.2338 201853.1525 227244.8247 250287.6725 259694.2179 212720.4844 212603.5937 215207.4051 255578.663 252561.8 239734.088 199835.0483 250319.6076 215300.0259 250667.0252 200769.6016 221138.6626 224753.3755 247677.4228 213653.0819 259229.2063 271662.4134 243785.3429 251047.8397 254311.4002 247925.451 229935.6687 216793.1994 223098.4433 260877.7884 203250.3634 205863.5681 
250744.8054 217566.702 229729.1178 217088.5753 246548.5553 232822.7992 205605.7165 215575.4491 211852.5913 234008.9011 196479.5192 236766.2732 238841.8631 240198.9168 229569.4246 213034.2019 199452.5336 269337.5764 229978.0532 223989.9606 247621.8693 205052.5974 249344.2994 220187.7426 233259.5576 250085.0172 223371.7708 228429.5133 235442.164 241153.827 193458.9856 221243.9829 196565.4066 221806.9731 246247.6829 226819.1102 219361.9859 247639.1752 229693.2237 173616.6377 238298.3399 225054.9264 208043.4044 259255.4103 269074.8334 228494.3767 244759.1929 232073.5512 221624.0544 233252.6221 239567.006 197080.6936 204307.6134 214062.5573 196474.4476 230392.1918 229633.5358 281852.1913 231368.3607 183895.2363 
224334.3672 210279.6794 168888.1137 243208.665 248057.6321 183848.1781 218314.5171 193354.1094 193052.0723 249083.8358 269641.8592 250041.6696 261120.1197 215071.4492 230621.4841 197400.207 216723.6999 223116.2255 215415.7683 225012.6744 225373.4142 237582.5897 220006.2385 225250.7136 215128.9364 200165.7573 295720.3673 198603.6505 212846.291 181132.1115 237491.3923 254598.8331 226106.466 275390.2989 194283.2513 230948.8836 251775.1009 227619.8979 245896.9218 180191.3201 240982.8239 206712.056 167819.6738 207905.2835 214280.8955 223537.1657 237188.7929 169923.2583 219574.7679 156036.1751 245097.031 248814.3848 222302.9297 206061.1229 193499.7322 237498.6635 229849.7236 214736.7254 229492.0483 175279.1208 
252529.9395 203536.7855 200075.3843 249110.8027 225771.9318 267886.3199 210274.5909 259312.1249 198393.5814 234142.5065 228640.3602 221147.836 275919.3314 220505.1635 180889.6497 247445.6966 216469.4626 216495.6068 259096.0153 190092.8739 228683.1322 277085.2391 223995.1671 269326.9908 249112.3955 256241.6438 213114.4173 227986.0071 235520.889 217355.9299 229484.0345 238658.1283 221915.1486 222471.7358 229149.355 224728.6225 249983.5107 212112.5438 213902.4452 248678.5336 227068.8101 230311.7767 222713.4744 200648.8313 218960.3371 233188.0426 245023.0669 207421.5458 238827.8852 245527.7125 230394.7281 221716.0067 210872.7705 281084.7578 252888.74 241069.8184 245147.8109 223420.042 187014.3014 265808.6693 
251789.8609 237549.6986 215130.6127 215646.3123 242975.4235 245101.5464 229350.0164 229967.6242 251016.0698 209856.6212 203106.9132 200075.8674 263712.9136 261727.8481 219806.5477 249273.0764 243877.875 242343.2059 262188.0263 217098.1101 191560.7599 195896.7424 278353.9099 306427.6816 231237.8341 230539.807 255408.4407 218425.8239 228871.7668 208460.2423 223842.5626 194864.7182 227107.2019 223565.7141 234360.2033 258560.0606 192196.1069 276297.3501 174416.5584 199760.6638 258471.5815 233982.7536 237068.061 204960.0973 215979.2974 204001.3871 252387.1162 207749.3525 181687.4186 262357.7742 262098.3528 221801.2212 268438.0031 215482.727 219564.3825 224495.0087 241831.7755 234950.6997 195676.8147 254446.0022 
240010.252 219315.1432 229872.6143 211780.4411 204420.7262 217965.1574 212571.5282 258452.4635 223604.5143 224098.9622 239897.3648 232624.1353 207565.4364 242903.9244 233154.3682 265339.855 206770.9717 248957.3691 206485.3416 244285.8378 228100.8271 233221.6472 247888.658 225453.1313 245794.3265 237435.5877 234989.6069 251342.4045 258239.0368 251822.0353 224816.7469 219185.7149 179436.3399 209552.0295 271111.5325 238003.1334 234098.8127 202755.806 220289.9845 207785.1059 176014.9482 172712.3078 232187.4373 250568.0876 208962.6209 172035.0944 256516.1976 185146.4375 234066.397 243031.3812 205938.9531 242805.0551 222891.044 221661.2785 212130.7805 213250.4779 251558.0441 200134.6388 218586.8008 238109.7902 
188896.2473 293102.4748 241636.998 222221.7312 221122.7729 239491.4252 261205.4801 230462.5006 265209.0479 234992.5462 191103.7359 212394.3352 251531.7463 237491.2656 238280.9028 217570.534 228918.4405 180030.7576 227095.2218 237468.8609 232654.3958 211662.4917 219377.2925 226248.1622 222544.196 222191.993 265339.7587 135114.1337 239235.4951 191166.6226 197101.8021 162699.3165 253811.8887 210516.6246 200812.0727 233331.3656 246578.5103 214449.903 273240.5861 187967.6982 242448.7651 214472.5601 148788.6593 232365.3576 199585.0454 178747.2021 204388.0826 189848.3704 256280.9943 233406.6445 224487.8943 261744.5304 233815.0098 223294.5542 242592.3128 252741.3683 244634.7097 215270.7216 242141.2478 197827.0511 
210298.8467 247572.5692 232408.3126 258145.7062 193385.9304 295147.3581 247792.4084 231396.2618 209903.0422 216913.2949 218349.3865 229437.6664 235814.0572 249977.8874 221257.9441 208259.813 238786.9156 232532.342 174065.9551 270400.2377 212575.2823 259215.0364 220629.9773 220121.3557 245009.2873 232863.4732 283726.9666 207929.7012 241657.2157 212481.3324 246524.1927 226721.8419 254808.1882 245442.2385 197531.4242 199329.0101 220802.0799 216643.8135 255522.0784 183204.102 218812.7677 217966.8039 232066.6954 231889.9147 285571.9902 276206.6129 188019.1841 197023.3747 216425.2024 255155.5599 247418.5539 249684.8665 212494.7906 231113.439 232795.3633 205504.5142 228490.3462 225167.2504 256026.6101 271314.6698 
201689.4842 228162.5125 247145.1624 209989.8224 222042.9134 211474.4966 248691.2115 230096.2208 228783.9746 230796.4452 197791.2991 168241.0232 210637.5061 240700.4734 222709.4258 194096.6782 200505.2516 240891.3073 226327.9981 231855.3951 194266.4921 192043.1212 207452.6177 189588.1812 284451.1337 188949.9019 170744.2236 265869.2618 250199.9742 238276.9346 176669.2116 219764.1336 183179.1801 236666.1653 232350.9699 229253.8902 221103.1707 227687.7817 250147.7242 274037.4252 194520.7204 226965.2139 245331.282 165984.7021 243685.5768 218426.7233 236504.839 237324.2736 211843.5557 209484.6127 242191.1023 198813.1462 191137.6845 219859.3719 242522.2005 209751.2457 208646.5906 211997.5834 248336.3416 250200.3667 
237741.0624 219149.6776 252727.9706 214283.286 229265.3716 251496.9529 251721.5577 234932.2157 240790.7623 197246.7615 255672.3804 183751.1617 185947.5929 231951.3841 211121.3287 236740.5537 207103.5469 235425.0712 237642.5597 208051.1724 241978.6392 236692.4622 217456.5762 229993.5809 207194.942 221896.8125 235119.7169 242115.5469 201278.9172 209896.7573 244058.59 241550.6338 191856.2012 226955.1003 207836.6738 213463.1481 248539.6281 242544.0981 255060.0331 263375.0301 235338.3519 240655.5411 264019.8247 224921.262 194637.2308 278388.8853 268421.6027 229112.3426 186821.1782 232546.7026 202103.4768 227283.3844 207979.9684 214155.8995 225833.8095 233091.4169 213828.833 241588.0341 197832.6939 196569.7231 
224963.9421 213004.7529 233037.4163 227702.8013 244220.2739 253729.528 178116.5098 188250.2523 235015.09 222332.9082 202365.9177 219229.9216 240179.5161 257173.7776 177038.7241 248000.3811 200900.5234 227041.2076 240601.4923 212989.9005 214085.2801 247948.1488 227414.1432 225994.9706 211369.2014 244983.072 207354.3856 208729.6742 195446.7512 217478.9871 253515.0551 227334.6533 215859.9619 232907.4071 264783.4089 197751.537 239558.4016 268470.8557 202148.3969 212724.529 262154.1655 189216.0175 212157.1246 251764.713 248845.2925 195871.8839 250460.7131 272503.0533 245829.6971 194885.9671 202878.3548 182755.1449 229270.8544 240595.2564 218357.2765 217600.3237 251217.4208 214855.2643 239364.4238 240914.8459 
179240.2062 238812.2696 233556.293 232181.8604 221164.0293 228951.5239 178751.5331 205966.1872 219693.4562 199459.9781 226963.564 193676.9756 259180.3818 261704.4338 233268.2959 234405.2727 198426.1319 250707.9588 213841.7181 232768.6285 256507.9045 162883.2406 255818.2187 227260.1268 265824.123 217922.2478 242036.1476 162966.3449 250886.8565 268395.4802 286133.9052 240104.8533 263036.6608 263383.4022 191245.9073 237501.1272 215193.9779 220910.5973 208622.0117 235369.7377 227721.4534 223545.3561 250408.7376 236663.2992 236144.8343 268040.8237 228050.3813 223484.7733 224257.0949 158556.0853 239323.7963 228885.0431 219814.4732 211537.9904 196127.505 253101.4072 224995.9507 231076.441 237213.5918 223415.053 
266745.3081 239624.6997 202858.957 239535.7581 229220.0895 212529.4634 257204.1328 184566.1811 282799.4528 216442.2648 242120.6763 213636.9165 219285.5586 232819.482 207492.02 231456.3732 200614.8449 221107.2366 213045.6508 241472.2021 215453.5764 229370.37 256429.9029 245080.2105 247038.8163 228176.1791 217462.4554 173294.2496 223382.1205 224614.6478 274136.5336 230481.0278 247485.5335 206738.8797 247618.0669 223476.8926 232028.747 221450.4003 205609.9516 224936.6901 211991.599 194594.971 243677.7595 242919.8124 232587.6376 237701.6652 267579.5004 200144.1239 206269.9242 288205.355 245648.1228 223535.7308 229958.8853 249870.8966 218900.2641 240777.8078 231085.4546 251860.7465 259459.9175 216598.6984 
246037.2127 256527.5025 286976.5003 212305.5137 273837.2068 228325.3151 227605.0407 252774.0305 239076.9212 215285.3215 246625.5907 227253.1257 221068.1967 238549.7807 197794.772 215774.8346 206961.1031 212087.9245 231221.1409 207732.4232 235224.4693 204385.0913 246764.2488 245824.497 250628.5913 208174.335 223751.17 184179.258 201964.0671 230835.9876 242580.5426 195681.5205 211330.6772 240746.396 246537.0077 223066.189 216456.4738 257295.6808 191025.926 226752.0702 243859.227 267752.9025 241864.2355 240703.2383 242852.4218 236126.2792 203992.6521 253197.894 192303.4384 227399.0403 240061.3213 185364.2604 217267.5529 209053.7782 218008.8833 260845.0881 212954.6045 243965.6926 199539.3754 202358.003 
240339.2603 243823.6578 230267.563 225622.2015 203476.8249 249748.8376 221422.7399 212474.2342 216718.8675 211926.3572 187033.2857 228948.9722 247655.3179 243069.4534 216540.9595 198563.4519 238579.1959 201124.9908 185590.2486 217692.1774 218566.7355 201076.6542 189962.2206 185818.072 242009.5285 279874.8723 216622.5655 226426.6251 252870.0223 194929.3883 219789.8745 254106.654 229241.4686 245768.8617 254289.1391 195314.625 251206.6309 226399.481 198988.9244 212639.0591 260056.3436 281458.3035 260052.5467 248249.3136 219253.8101 221822.6421 183009.3559 255571.402 250817.0603 233621.9703 233612.1853 248809.8738 217893.4391 241957.0101 222944.6035 199242.2243 212744.9757 268078.9612 260076.757 213137.7754 
199495.8537 219203.973 223900.6794 212428.9283 278549.7258 224592.6959 251130.6381 278970.1436 248581.7581 204841.0607 240885.3938 240430.4813 235132.9757 206732.4607 199736.7601 211321.9966 230313.4087 256638.9553 264823.2993 233103.5361 292975.2032 208856.4207 202306.7968 268798.703 239211.1675 247935.183 231233.9466 267719.111 250990.2446 241531.8374 202101.3063 222452.0836 250808.5202 220787.5583 202648.0604 223054.0524 241581.5583 235111.0711 211943.4987 229425.5777 251366.8709 233161.8367 196212.0812 200523.2737 200524.9385 237948.495 220750.628 214067.988 233572.7629 242606.9473 234170.6479 210016.8858 234820.7543 251013.6637 220471.8615 225619.8914 197112.3228 243386.3821 242834.5032 257426.6784 
206971.9785 257131.1378 200508.4542 260358.3915 250534.1422 275099.5747 237005.7043 223507.2897 260089.2368 232918.7117 271219.0042 237575.1854 195892.407 199002.3651 284695.6534 221574.2927 303297.8593 243785.5549 224425.4495 242794.6758 208182.4171 217713.5741 197467.3869 226326.226 253714.3266 229485.1346 221439.6265 274184.0475 254050.0147 235588.0901 213147.1284 190945.2699 232089.8046 209513.2299 213434.8896 223013.5009 241598.3302 253035.3725 237260.7843 226474.6778 251793.4457 229199.8554 230499.1963 297022.3183 251870.7511 203976.0139 218775.8337 222303.6047 224897.6349 214081.0321 234159.7864 195264.6451 210819.1019 235906.8679 243279.1825 251138.2966 216598.575 193064.5883 205765.3115 233877.3836 
235667.9664 245106.7213 204214.0689 206658.0721 241029.7492 221912.5763 220078.2822 219790.394 242260.2025 204797.1966 203902.636 242142.0264 182362.2472 226266.2911 220357.8392 229245.0447 234503.1935 199783.0211 275494.2876 224542.0755 219535.3046 228778.1013 245088.2618 231703.8205 212403.3711 260328.172 186476.9388 311583.7466 260389.9456 249204.3913 236432.5725 229061.8944 223764.3198 241506.9475 213370.2153 245081.1907 202300.3996 298373.7843 197113.1114 273184.5719 227978.9446 236681.2386 217972.943 236564.6782 173571.3974 244809.9252 255073.6625 227301.6442 224368.3625 230772.0558 206046.3796 232295.1223 218517.0066 229723.3464 198016.5845 268953.2257 271186.8426 217591.5467 167620.2426 213495.357 
241624.4877 233748.3888 217223.6533 222340.3784 183092.2376 296115.0706 167213.4315 260177.6163 192382.7183 188058.469 243243.2184 211717.1831 155014.3452 297284.1714 207028.0666 226746.4693 260288.7112 244712.2031 223497.6042 205643.7588 205205.9092 227407.3442 224025.2003 217325.2498 243690.7954 194902.8541 230711.6184 219150.1113 247198.2801 200787.0665 185332.3514 200817.7172 266657.3148 246412.5067 276993.5574 227937.6018 280110.2996 213383.0314 225584.0266 208899.5733 249957.8849 236154.7999 256905.1027 219932.7924 243167.8482 256912.738 226587.5921 279620.4513 236097.0557 227717.244 257312.3085 225703.9121 234043.7264 216464.0318 234561.4166 235036.0121 270867.0619 251478.6331 182241.1791 240092.0041 
189436.8044 225072.8604 230116.965 199171.1748 219713.9016 226907.8974 238641.2345 182096.235 234851.5091 259046.1775 196373.2381 219001.4428 260590.2056 224455.0284 232697.9799 221142.8005 221218.6147 256858.7244 215331.0933 210926.8773 222222.8212 188277.4798 212612.31 226736.8192 212947.3114 243555.7029 233951.5437 199754.0538 265076.1474 167701.601 243014.557 195068.0953 225605.6941 209876.372 257826.1349 197977.1489 195091.0526 214766.7279 217254.9312 228727.6701 212632.9792 213481.526 188625.0121 252592.6579 201700.3462 278451.6901 216595.3362 238491.9612 268812.0337 209425.6044 210423.9581 192758.0678 206489.8018 270700.7034 222386.9813 197209.8253 205877.3342 199023.7478 237148.4639 256302.1146 
200420.8407 205550.1682 241045.8381 234950.2144 246571.8301 249604.6612 227494.4332 234692.4898 193582.122 249526.1158 231215.5225 231475.5338 248151.6189 206512.2991 193766.0011 242001.7982 217230.6623 244163.104 275583.5426 225307.2839 251686.985 219822.5743 225209.5768 252574.5453 215103.4369 266509.0146 253637.151 246090.0831 210804.1068 251770.5438 246798.7313 301413.4594 251908.0468 248538.8976 242578.0653 246177.9213 263605.6107 226402.7885 199161.4923 227855.5082 247199.4699 215685.6396 247051.1312 222302.3496 247058.8128 252643.9809 172390.2295 219121.893 279389.8979 251491.0292 249515.3088 224032.5384 227875.1903 202492.8861 229825.9264 212743.0284 233681.4144 212060.9568 218653.9874 196749.9883 
243434.5668 245215.1693 236080.9989 238721.5693 261919.1072 252229.5822 227621.2186 249572.8907 226810.5471 196557.9515 228000.1645 251496.0657 220923.2768 225542.0467 201604.025 303280.4072 227707.3018 216512.8345 216228.9362 195922.9852 203496.0604 228512.7872 265646.7258 224737.4845 219662.0578 209584.1116 259840.2312 265674.8187 256274.8411 236435.4197 210173.2812 273506.383 265458.3488 221627.9115 299722.0234 202288.338 271179.9909 207437.2976 235269.6927 201082.4367 261132.9604 249772.785 235991.0363 229471.5794 221061.1797 211308.3971 254859.9225 251848.2955 248279.7232 189223.5862 215298.3724 227516.1165 226852.1113 242616.3061 209837.4466 239296.4832 153972.1428 241799.2526 230930.0743 243736.2602 
243645.4797 276703.0427 207640.3486 207971.0645 216834.2986 227447.1282 209494.48 248596.2571 222298.9136 213228.1779 227222.7343 208831.6771 214578.8269 230470.7742 283898.3662 189889.4192 197420.326 257317.056 260308.581 186568.2927 214356.6289 199448.9408 214890.0998 251054.637 204266.6537 223437.9524 206075.7609 237349.9501 241028.5771 230727.4669 209721.6102 233140.8253 195626.7636 248836.1351 253868.3824 247068.0299 226706.1439 202517.4735 220240.4324 256931.0679 224278.0546 213368.1275 208958.2239 213261.9605 227204.5819 263468.1343 235069.4669 185916.1266 232114.234 221245.5813 226834.9772 220421.357 221509.2372 268214.397 229888.935 211313.246 240031.1155 275470.0738 229700.9221 218426.4824 
239886.2933 225069.2714 220683.4896 205108.3471 258279.9319 221479.2224 172664.6794 234503.1415 216163.1464 220088.6723 240016.3578 243582.7436 186890.7409 189713.8021 219534.8206 236438.5949 225180.5545 230541.11 208950.8838 242022.0829 219674.2548 229120.6638 282806.9736 186839.0101 261857.4711 271443.6576 223571.0389 195341.6004 235229.6381 226370.6256 250398.3855 222582.9162 223705.2362 250585.3281 201049.3688 233874.2475 236301.1601 222950.6864 235054.9049 279204.4384 236659.6546 211954.5847 258480.7458 229790.0873 235971.6175 247067.7269 217584.6664 241388.7829 212043.3013 220925.064 213290.9828 217492.3578 202038.8749 264150.3977 226347.8798 188225.6444 240596.7425 254094.8759 195243.918 268706.9485 
277278.3444 232140.0576 193005.6798 253255.0546 202382.0527 219250.1576 208872.201 208260.2849 241760.3809 243898.3549 220139.28 257296.4706 225695.5546 258321.3191 185502.8366 215973.8239 211501.7839 261230.1824 218437.8179 213524.8096 280043.5866 242692.8575 239926.454 266426.1313 232396.886 240960.2981 214825.2844 244227.0504 234624.5177 246601.8383 250191.0024 224289.7134 201094.6512 223439.1225 249244.7383 267049.8541 221765.8579 235090.5247 195287.8931 213188.3728 234979.9537 224987.2231 216859.1911 213593.7531 245018.0584 239559.862 230922.3149 178809.0609 265971.3358 258309.9235 181708.9664 215150.5633 284830.7149 221124.174 237682.3602 211343.7338 230376.2812 198490.6483 161661.1961 227108.5101 
221474.715 225437.6134 235171.5594 207005.7007 242876.4271 205028.4898 228149.2668 228609.9972 238121.609 202639.0833 210867.8836 222144.8104 273633.351 232671.913 221737.4488 240803.0664 268253.1008 251668.7998 219948.7985 271507.5573 186881.9635 270346.1313 223090.4362 218071.2336 213390.1669 209274.9527 239727.0833 229117.5503 211552.6799 198383.302 256766.8711 222969.6079 250212.9562 245344.7437 213706.8188 234362.4436 182045.3351 199706.2346 235499.292 243410.8108 234725.9656 226764.7703 258999.3429 192512.5291 198546.1743 229370.9992 303737.9862 205170.8221 227488.2239 225885.736 241397.5885 242091.4018 239400.3987 234379.7914 202150.2732 259922.1376 228167.2617 265599.9251 251822.8572 250224.4038 
240641.3881 169107.9524 225126.7788 175638.8696 246924.9488 228802.0472 193105.8282 230381.7028 191862.9266 237583.0684 170867.5352 238245.4808 199595.6122 237755.1601 179317.3904 208869.9801 240164.796 280277.0982 214814.7046 265429.6217 216078.821 171575.6687 206130.5062 224943.7866 198869.2291 241352.8225 247958.3751 231959.625 236835.3111 240100.1501 212387.7868 229341.4995 252090.969 225824.7155 260580.6976 217045.3452 260773.8092 216176.8483 222760.5062 207743.3485 246310.5697 226261.9015 254382.745 199939.6959 238410.252 206179.5615 235151.4053 238343.0559 201138.2093 250601.7073 177037.2712 259879.2249 224424.82 236528.6119 192149.8118 270865.7247 197382.5709 226322.2033 206953.683 253665.5511 
203101.0602 236859.7911 249253.9721 251225.021 235472.4055 214599.3602 238845.3933 260426.5392 237787.7115 212380.4777 232124.4366 235968.7177 233610.1795 237855.2127 230040.5791 213747.8649 215578.9195 229321.6807 224499.3106 243301.0066 210798.2417 267350.3646 215689.1165 235536.5731 222099.5992 240728.5657 188590.5451 228847.1299 215613.7844 227964.8935 231263.6022 193323.1869 250469.3835 217773.4447 217921.5486 242718.1376 293874.724 195385.3991 217144.7032 196472.0742 227537.3011 209136.026 211913.5265 208083.3075 181349.7431 232732.7136 215319.0434 209445.1733 272087.0057 220372.3135 237999.9908 277614.8148 247755.2834 254342.5128 233156.5002 203086.946 240475.5409 224820.7339 240060.2373 203962.8806 
241080.1986 191821.539 235093.3318 213941.7151 210290.2565 200203.7976 222645.6016 249337.9241 171489.4515 214370.5173 224649.4303 208643.6897 249532.5442 243439.7431 263914.7368 196111.3681 215171.086 247797.153 246603.9983 251235.9477 197450.3704 200958.3519 249777.2364 204288.1494 217261.3512 209410.471 205822.9925 216208.1749 211484.615 234786.4207 245728.1932 260711.4119 223915.1281 253277.9931 236603.6248 244737.2815 235666.4505 222231.3715 267756.159 226989.8543 189599.8051 223027.8639 194394.4627 249625.61 256152.6797 216105.2913 241404.0641 222970.204 250908.0858 206636.6662 189888.0045 275280.6181 242889.8044 211165.5957 212400.545 221467.6313 195736.2316 238787.8537 243244.2027 245563.7158 
238701.4852 230380.2178 180766.599 201392.7074 232832.2254 242303.8076 203748.3631 214986.6555 235112.7416 201935.1418 271866.6012 223503.099 170465.9272 217986.8817 165662.1497 218696.3571 225367.6371 211768.7349 244840.8864 247456.1013 239970.3096 156925.7959 230293.6813 230431.5421 260493.806 225718.4655 246492.9307 250281.0236 188417.0059 235740.8597 205992.7508 225055.3143 172234.868 243311.3344 216280.8541 245496.1155 214785.9013 243072.5829 261087.2249 226982.0801 224147.7383 239019.343 215803.1016 224156.0299 240611.4967 257530.491 241033.2154 168161.9534 236317.7324 238628.2496 235763.6805 250419.7628 259567.3492 249479.5764 186578.2699 255480.9666 232072.9443 198247.072 232506.4683 176893.976 
215195.0607 220546.6441 206345.6487 210237.0015 217270.0681 265677.6659 229463.259 231919.637 187699.8304 248469.4717 230814.8053 254200.5565 244822.5083 249164.2864 220915.9856 243996.5418 234984.8387 248523.0352 203618.9406 249194.7802 232624.3552 215179.0035 199800.8315 251263.4381 216109.1738 227170.0844 231429.9571 230091.7154 236314.3147 258123.803 264691.7539 220177.1772 224965.3804 217844.3094 226520.5479 170601.712 240291.791 185163.9972 236463.6602 220455.6401 199954.9557 215315.5734 211035.385 221683.4892 256063.0245 220715.0122 253397.6746 226260.5763 267110.6797 245498.3073 201833.8301 241097.9834 237200.3009 252035.0094 250341.1172 261262.895 240678.9591 242617.5286 225887.1211 262926.8331 
218112.8746 245682.1096 210046.9917 257104.8919 243030.1766 246009.9295 228380.3852 186414.8729 186399.7784 252154.9623 201104.6197 195407.7177 234006.4753 248923.1457 235295.9521 205754.4743 240744.0369 218944.7018 239251.0705 214162.3701 218236.6982 219923.3687 250583.2374 257715.6936 219566.565 196052.471 243287.059 215865.8448 222817.8575 227165.4866 256169.0992 259717.0295 196919.3263 195434.0358 232482.8494 253946.6273 257626.9114 191562.9004 207397.4444 243025.5118 208175.8251 215432.3924 250621.0229 195542.2527 224546.6955 194743.6068 229160.8439 237336.1501 257760.5754 206910.7364 231648.7555 234902.0098 246320.7597 213852.8816 219375.1296 245385.9334 213492.9306 194532.0106 279974.8473 261783.7691 
206491.9416 237176.2755 232891.5235 239058.8246 220935.2986 211924.7781 244566.7822 243973.6974 208615.8851 245508.4388 204925.1717 235225.1045 227957.3733 195829.713 228946.2244 276220.0865 219764.9049 215879.769 266225.3013 227810.7423 244012.8117 225905.6426 212781.2414 242609.64 271056.9139 208855.9402 250891.3255 251313.0911 235992.9105 240431.314 217561.924 219989.1449 188567.6508 215288.0658 241042.5446 245132.3723 205723.988 269889.5722 276754.3209 219146.927 228680.9897 271024.6523 231666.1404 210968.8294 203156.9041 254024.1948 230115.221 235673.7012 217909.2509 233280.5226 203646.5877 192943.439 234109.5049 217817.9957 224704.7948 257915.1442 179924.4596 251369.1717 216824.973 235898.0506 
229977.7555 231352.6558 258065.4882 257098.4489 243174.298 205682.3457 188150.674 231980.2686 234611.8501 237542.2225 222991.6362 237003.6152 214313.1579 241135.943 209835.5681 200356.3539 225672.9048 244424.0178 245243.3764 229508.7505 207490.0235 245951.5844 241135.9633 260500.7564 258696.361 210099.7879 190547.208 182424.4534 205556.5908 238711.3145 206756.2899 227760.5707 224559.6016 219776.307 171483.1617 258705.6049 222736.7069 194173.2427 226963.1212 221223.3199 221356.8146 226445.1334 203247.3686 251807.6282 253864.7517 188038.9408 213342.0483 239183.2105 268874.2225 251604.8299 280744.2357 220585.4144 236274.1928 213107.1319 224028.2879 248030.2178 234465.7791 272763.3614 207603.0831 233230.2506 
239866.483 260538.3985 225237.7607 225486.7245 193150.8931 224642.952 264389.2175 227121.36 245323.0887 224645.194 205332.0813 243625.4053 205765.3557 218929.7313 208549.6041 230241.2237 223991.2988 230003.6555 227375.2234 245200.4296 207206.072 286475.3043 258966.0552 280994.9317 231582.9896 212178.7153 264106.4085 264536.5236 215616.5425 186611.7508 263335.8071 249366.2603 188694.005 277393.7842 217757.4711 191981.1217 236352.6717 215619.3365 221247.3739 222409.3601 240769.7684 238241.2757 217525.8651 199750.6127 188368.2332 202743.9729 211956.3933 191072.2537 200987.4497 242029.7859 183800.6399 221611.0795 224397.7424 221175.8088 199945.4601 230348.2353 303698.9521 178187.7482 225985.2751 144712.9391 
202536.7999 206652.5054 231276.3177 203162.7359 222501.2767 280018.5753 191246.3249 230513.2293 204911.8231 270984.2092 241065.2089 241710.4543 230936.754 262972.0994 208215.4686 204936.9937 216617.8143 168215.9218 221983.6423 186397.641 273989.042 225886.2899 172653.8097 244076.6786 252138.5646 202339.0441 248354.4084 224686.2036 270994.9975 220744.8086 261072.6154 255588.0689 234304.2701 257731.0114 228645.4499 268402.8713 224281.6946 213198.9229 189902.8448 233295.0133 225991.0226 215601.621 235633.2481 258448.4854 202271.8071 234275.4145 243298.311 228136.2659 217997.7787 216837.3893 177349.3468 217206.7389 235356.272 239222.1408 262030.5149 214053.0698 236812.2724 227551.4988 236339.8722 241203.8311 
251814.2629 267640.2699 211625.0161 209321.6453 248533.5967 220298.3396 248247.4552 195945.4429 220345.3512 238921.6317 247351.3621 199890.6683 254268.8219 217567.9094 238138.8683 257563.3743 256758.1787 251401.6719 265069.067 266655.9256 214291.9802 230511.3578 224150.8932 251318.0582 216417.4403 185005.6349 247164.1008 221973.0249 244414.3171 204304.3966 238737.1725 202778.01 271899.2615 275273.3613 215097.5497 230804.6469 233654.1711 212451.3463 216966.3967 234777.0293 251646.6854 222219.3342 222406.8969 188557.4978 241620.9014 255264.1591 229130.5593 219390.0915 225020.1267 271063.3837 213163.139 197277.0859 199571.3887 207720.709 221564.5254 218715.2731 191882.8162 258950.8581 219191.6939 248259.119 
239818.3375 234059.6057 226810.0901 229017.1758 226948.7865 203100.6591 238263.7654 223704.8817 227358.9095 244279.9343 257662.2731 239727.7404 226037.9481 207610.7652 233162.3846 212203.9653 247488.5207 222535.2512 236132.2418 214800.1505 245314.3529 228955.9153 244185.5366 261614.8376 243931.9077 251400.1043 215108.9019 283994.9599 248563.8634 217198.3952 207465.0515 202611.0383 249704.364 196036.1851 170587.722 220268.6028 202987.6607 225373.5961 231976.069 210785.8715 218168.6234 211788.1915 256599.977 207294.801 237768.2827 200083.6501 219083.9093 190671.9916 232124.8343 242047.0242 237485.3852 214426.4246 168181.0684 185645.1318 285122.9458 215125.224 226836.5675 182149.0719 227758.3514 201227.5235 
# Events [PSDGuideExit/psdguide.dat] N:
94 106 100 91 100 94 88 98 114 109 90 102 125 107 94 90 97 102 118 86 108 135 95 110 118 99 106 100 115 96 99 95 94 100 110 109 126 118 121 120 99 103 104 94 118 103 107 101 117 97 101 77 97 92 106 100 96 105 108 110 
93 98 75 107 102 74 114 105 99 109 91 108 101 99 94 100 86 115 102 105 94 106 113 117 103 108 124 102 107 101 123 109 105 106 91 112 109 111 100 107 114 100 114 101 115 102 108 98 109 124 85 112 105 115 116 103 106 118 124 132 
89 101 90 87 108 93 98 104 95 118 79 91 118 97 106 98 113 101 74 109 109 112 108 127 101 105 114 107 108 88 120 112 79 85 102 98 102 108 104 125 91 114 102 101 87 106 111 103 107 102 108 105 104 90 75 88 89 112 106 98 
81 96 95 106 89 110 103 109 85 92 100 100 125 93 92 110 98 125 104 120 95 111 81 95 104 114 110 108 128 101 100 89 105 128 137 105 133 95 102 108 95 108 102 99 104 106 81 99 102 127 119 115 83 119 108 128 115 111 99 121 
92 113 95 93 91 110 103 110 102 113 121 104 102 98 103 76 125 94 99 90 131 108 104 94 97 92 115 94 98 103 113 100 99 97 103 107 115 85 100 99 111 116 119 105 110 120 110 118 110 123 105 105 107 101 97 102 107 97 99 118 
99 105 101 91 96 99 103 129 110 105 95 103 111 106 105 99 100 117 106 101 89 104 114 110 99 101 124 108 109 95 85 106 99 97 100 102 99 109 117 116 103 118 127 114 92 114 96 96 111 103 92 95 110 102 104 100 127 102 107 85 
106 82 91 104 91 109 112 109 86 90 91 99 102 87 107 102 94 83 109 114 111 99 109 106 87 93 111 101 108 93 116 118 124 113 96 117 121 104 104 87 95 102 116 115 98 96 120 97 123 94 106 126 100 117 106 121 110 110 106 108 
96 92 94 117 107 111 121 93 114 96 105 104 115 88 101 106 101 98 98 109 81 108 112 86 94 103 107 120 99 100 105 110 119 99 117 85 106 102 108 107 99 124 104 104 113 96 95 122 125 107 95 120 95 117 102 108 108 100 87 115 
90 97 100 84 93 109 84 96 96 110 102 109 107 107 89 110 96 99 117 99 99 96 115 120 90 118 108 129 96 106 102 112 93 112 111 112 116 98 104 93 103 106 97 106 123 107 120 94 105 122 95 117 115 100 103 112 119 115 100 104 
82 83 98 100 70 100 77 103 88 94 113 90 104 80 89 89 104 96 87 104 114 94 104 123 105 87 114 108 102 102 110 124 132 101 109 107 97 91 87 91 101 92 103 105 102 109 104 94 109 114 110 107 103 126 100 107 117 112 95 104 
82 91 83 87 94 78 82 106 117 106 98 97 91 115 102 108 112 112 99 104 111 109 95 98 108 94 119 112 93 105 103 111 113 104 116 107 89 103 106 119 74 110 95 87 115 110 111 97 88 99 104 111 102 87 124 109 115 115 121 102 
90 95 92 105 81 95 106 92 100 100 114 106 116 93 97 95 101 100 125 121 108 82 120 104 98 113 118 122 110 106 86 111 80 104 99 85 109 99 90 93 112 83 104 102 107 124 97 108 86 104 112 94 117 99 95 95 101 104 127 105 
98 76 92 111 84 99 96 111 94 124 105 114 105 101 103 106 98 98 123 88 105 95 123 125 102 103 116 115 127 116 97 96 94 122 98 105 96 96 108 95 107 78 125 120 102 119 108 108 97 110 100 97 112 102 107 111 116 90 125 100 
96 99 90 99 101 117 113 101 112 95 90 100 107 125 98 102 105 119 88 118 101 100 124 106 117 105 112 122 110 121 97 100 120 99 103 113 117 92 115 105 91 115 113 97 99 123 109 91 117 107 100 129 84 111 93 104 118 101 102 100 
92 99 110 108 83 116 96 104 95 107 95 85 95 114 102 101 111 111 93 98 105 125 103 130 101 109 111 112 103 125 132 111 105 103 104 114 104 105 113 119 103 117 112 132 113 91 110 114 100 114 104 99 81 112 111 104 99 111 99 95 
95 104 107 99 94 103 116 100 105 122 89 107 101 88 97 98 94 93 91 119 109 109 102 99 89 105 94 96 127 102 96 108 95 122 120 108 102 101 121 91 114 109 122 99 99 108 128 98 83 99 101 120 112 109 99 126 109 94 126 119 
106 104 105 103 103 109 110 102 115 103 95 107 94 105 99 118 100 102 95 92 99 105 118 137 101 102 108 97 120 102 117 112 115 106 105 116 98 111 88 112 116 115 99 109 80 126 110 112 95 103 101 135 109 111 107 84 99 123 111 100 
108 88 98 82 112 86 98 96 115 120 99 99 99 109 96 103 114 111 106 94 118 106 108 91 95 116 112 91 106 117 100 124 93 123 107 112 100 101 82 112 90 105 103 117 99 108 115 113 104 105 105 96 99 117 113 108 104 91 103 128 
88 105 106 93 96 104 106 101 112 94 113 108 109 101 105 101 112 87 90 101 101 112 110 102 106 103 103 96 107 115 98 110 96 103 115 102 103 106 114 123 81 94 118 82 113 111 94 112 103 93 108 130 106 111 93 101 129 90 110 110 
105 116 97 81 103 100 100 110 103 96 105 102 102 97 93 104 103 112 105 107 88 93 100 99 134 90 106 113 109 108 106 110 103 83 107 106 91 94 88 92 96 124 107 103 100 103 105 114 108 106 117 131 91 99 96 120 115 95 98 117 
102 106 97 109 77 99 101 97 119 117 102 121 110 112 80 119 94 129 123 107 132 100 113 88 92 121 104 106 96 110 123 102 89 96 95 103 100 103 94 100 107 105 117 104 114 119 100 98 88 94 115 115 117 90 105 116 98 101 114 85 
93 90 110 82 89 101 99 84 91 118 99 111 104 108 107 104 97 107 88 101 97 114 112 93 123 116 116 107 117 99 106 97 108 87 107 113 108 85 113 116 99 111 101 106 108 88 84 88 97 96 105 115 103 126 103 129 135 109 113 113 
94 96 82 105 113 102 96 114 100 94 106 103 91 113 120 103 105 98 98 107 100 108 104 100 104 118 102 120 90 103 96 125 114 111 112 101 117 106 107 110 108 113 108 103 98 111 117 88 107 118 116 108 101 100 109 116 108 110 98 83 
96 89 97 95 88 92 100 104 108 87 97 104 91 111 93 98 121 97 88 116 111 93 111 122 101 106 90 102 122 127 114 94 99 103 111 117 108 110 101 96 101 106 90 119 108 99 106 113 96 107 108 104 104 110 100 104 100 102 111 96 
97 88 83 114 93 99 99 89 108 99 96 116 117 99 101 89 90 97 103 124 117 101 104 104 99 100 117 122 89 87 105 128 87 108 93 111 117 91 108 96 109 113 93 107 125 105 116 97 101 99 115 107 104 98 103 87 101 100 106 107 
104 94 97 118 96 102 105 104 89 99 90 102 107 112 96 90 105 89 111 94 100 122 109 113 103 110 91 114 111 114 100 112 105 105 93 116 106 116 101 108 113 107 99 91 106 114 101 91 110 115 92 114 101 128 106 103 119 126 98 121 
99 114 96 99 99 99 92 103 104 101 92 100 103 123 94 103 104 108 110 102 88 118 129 135 112 96 117 92 80 106 118 101 89 99 96 112 99 92 85 105 118 109 91 104 103 81 120 114 93 101 130 95 112 106 109 96 115 98 98 115 
91 105 100 102 98 90 107 122 117 111 103 94 79 110 96 102 91 102 92 96 107 103 111 120 98 112 110 113 115 114 105 113 84 90 132 117 115 109 103 110 103 94 106 116 110 96 114 111 109 99 93 95 94 110 92 106 115 102 117 79 
94 135 112 94 103 112 119 107 115 96 99 102 111 114 95 116 113 83 102 94 115 109 103 95 106 109 114 79 119 100 102 99 113 100 102 120 117 105 111 104 111 103 86 108 84 104 87 90 114 100 119 103 108 112 99 106 116 110 113 97 
98 113 87 118 91 125 116 105 111 94 102 102 115 101 102 90 96 106 90 131 97 112 94 110 114 108 123 90 122 100 97 98 113 106 105 105 107 97 108 86 115 112 94 101 120 124 79 110 94 118 121 119 95 107 100 82 113 97 118 121 
93 91 114 90 91 92 92 101 115 108 95 102 109 88 111 96 87 85 100 108 94 82 81 98 104 86 105 112 105 107 84 95 85 103 104 109 108 102 105 109 112 90 105 107 111 95 104 104 86 103 109 93 85 107 86 113 98 104 100 100 
108 100 103 92 109 107 97 100 105 98 104 97 92 91 102 89 101 113 112 102 105 119 104 96 100 101 105 115 91 100 92 114 99 101 89 92 113 104 102 112 118 102 110 113 97 116 111 105 101 115 107 103 103 130 110 97 115 109 87 94 
101 93 86 96 116 100 90 95 95 99 102 90 103 99 93 106 90 106 97 127 107 113 101 115 103 111 102 88 102 102 118 107 96 111 102 90 128 118 106 108 101 99 95 111 103 95 112 109 115 88 103 112 113 97 99 104 115 104 106 106 
101 115 97 88 98 89 90 97 101 99 97 98 111 101 112 111 101 111 99 87 121 112 99 117 104 102 97 107 105 120 118 104 112 121 107 109 98 96 105 110 114 98 122 119 122 113 107 98 99 83 114 95 103 104 89 107 91 111 95 97 
111 90 101 103 94 93 87 99 101 89 122 90 100 109 86 105 100 98 107 99 93 101 105 110 102 105 117 98 106 117 114 100 100 93 121 118 111 108 86 97 96 99 97 125 84 94 114 88 92 100 105 104 104 109 102 92 104 111 104 91 
106 107 105 109 122 99 95 115 97 98 97 111 97 108 99 97 96 107 109 81 116 89 110 105 104 103 111 94 99 108 99 111 108 114 111 110 103 108 98 89 108 125 101 109 108 117 80 108 86 111 92 101 110 84 120 98 110 105 103 94 
109 101 97 101 111 96 98 82 94 106 111 99 103 105 105 94 106 87 97 96 113 100 111 111 106 116 97 102 101 96 90 110 112 91 107 111 107 119 115 110 116 126 107 98 86 110 101 109 112 93 115 105 105 106 88 88 107 112 123 95 
82 103 91 87 112 89 101 132 98 78 105 110 100 105 101 104 112 119 109 97 113 100 98 112 112 104 100 102 120 107 117 114 118 105 115 101 124 101 100 93 107 129 110 99 99 106 101 120 93 91 93 119 104 97 104 89 84 103 111 116 
90 117 101 96 100 112 92 87 104 83 110 105 101 87 122 112 117 122 118 101 98 103 102 110 119 90 111 118 110 105 122 94 109 91 104 106 103 94 117 114 106 121 108 122 110 105 121 100 110 107 109 91 91 97 93 108 108 108 100 108 
104 96 109 100 119 81 99 91 90 93 109 109 84 98 126 105 115 101 141 114 113 103 118 102 95 122 107 121 114 121 98 111 102 109 97 110 91 113 97 115 106 113 103 118 91 102 110 106 113 120 109 101 91 107 113 114 103 106 87 106 
109 95 91 116 92 107 94 115 91 96 132 109 83 120 100 97 110 96 112 103 92 126 93 100 100 95 105 105 106 101 99 92 127 112 96 119 137 115 113 96 114 106 122 96 98 111 92 128 115 112 121 94 96 105 107 103 113 90 99 110 
94 96 94 87 90 110 108 91 114 119 103 93 99 105 84 97 91 102 105 106 97 92 116 103 113 101 100 99 120 100 116 107 120 106 115 87 99 97 115 106 108 106 107 102 107 109 103 113 106 116 122 112 106 111 117 87 107 107 114 105 
88 92 99 89 95 115 100 110 95 122 100 102 102 103 88 105 120 100 104 109 103 114 105 90 119 111 102 104 102 114 100 124 106 121 118 110 124 133 84 110 102 96 108 113 104 113 93 103 122 99 111 105 95 107 91 103 111 81 103 107 
100 103 89 93 110 99 122 92 114 92 91 107 98 119 107 110 103 104 119 93 106 111 124 100 99 100 104 98 97 117 93 123 123 96 115 110 131 99 110 97 117 113 114 121 110 105 109 108 110 100 110 102 112 110 104 94 96 106 120 110 
100 107 91 91 82 104 96 115 136 90 96 101 101 122 117 97 76 120 115 101 101 101 91 116 108 91 101 115 126 99 112 108 86 114 110 99 110 98 95 110 118 121 112 98 108 102 97 84 108 95 100 123 96 115 118 103 110 126 91 108 
101 91 102 94 116 90 89 112 107 110 110 102 96 92 113 87 98 138 88 102 102 93 113 86 120 103 105 102 110 101 114 106 102 100 100 121 93 97 104 100 107 80 101 108 111 103 112 114 100 112 100 115 109 100 122 104 121 122 91 127 
113 109 81 92 109 97 93 82 103 114 100 111 93 116 100 87 113 109 72 87 130 103 99 125 116 111 100 116 108 117 99 106 104 99 98 100 95 123 103 85 98 107 111 101 104 101 107 97 123 118 114 109 103 110 112 107 99 97 95 93 
108 97 93 109 107 92 99 106 100 97 104 87 91 96 101 116 113 113 88 127 90 120 113 77 106 114 108 100 122 102 87 95 133 103 110 114 84 99 82 106 108 101 109 107 91 102 114 106 97 116 96 104 105 118 91 118 103 123 105 100 
92 84 102 102 107 100 94 101 106 112 94 98 102 112 79 92 97 111 110 123 91 108 94 96 90 99 130 92 96 108 102 101 117 118 104 115 94 114 103 98 119 107 99 93 99 101 101 120 92 101 106 105 116 114 120 92 100 89 112 128 
90 99 92 119 113 100 80 110 89 99 105 105 95 118 95 83 94 104 88 104 107 113 98 117 99 90 104 118 92 98 128 93 106 95 100 105 119 94 104 101 106 99 104 80 97 115 104 113 120 105 104 107 103 116 103 105 109 103 126 97 
96 112 96 103 97 95 114 115 86 97 105 104 100 97 107 98 98 107 113 112 105 101 102 98 115 108 104 113 88 112 122 118 109 125 104 122 123 110 112 120 95 99 98 112 122 96 99 109 98 94 100 142 110 91 113 106 100 132 113 102 
85 93 75 93 100 104 98 98 99 108 105 92 98 96 87 99 120 86 96 116 99 93 97 108 120 119 131 118 81 91 98 111 89 118 101 114 97 125 117 97 109 95 117 106 100 110 95 100 113 101 120 113 99 108 83 113 110 104 104 97 
106 105 100 95 106 94 91 99 73 108 108 100 110 100 90 93 116 100 91 105 110 119 104 118 118 94 101 105 116 98 127 100 124 104 110 93 102 94 107 108 101 105 85 110 118 103 117 93 112 126 112 104 97 108 114 127 113 108 89 109 
100 82 97 107 110 122 81 93 92 107 94 110 115 103 105 95 111 114 107 104 110 104 105 108 105 99 115 106 102 99 102 114 87 88 100 115 109 98 99 111 108 93 97 102 85 101 110 109 129 105 92 102 106 86 97 100 114 73 124 117 
93 94 116 106 104 110 95 102 111 99 91 97 108 106 103 115 100 96 110 95 98 102 107 113 109 99 107 109 118 108 115 106 104 97 101 98 113 99 108 90 106 110 93 112 101 102 107 108 105 103 108 99 106 94 113 107 89 110 106 113 
93 93 107 101 111 102 111 95 114 108 90 96 89 97 89 107 107 114 118 108 78 116 119 105 103 100 113 89 123 108 97 109 115 95 86 117 91 92 85 98 94 107 111 122 109 94 94 98 125 120 126 102 106 94 108 99 128 111 118 106 
119 112 94 97 107 87 133 101 98 101 104 108 94 100 98 92 118 109 107 102 82 106 112 134 108 112 108 131 103 98 124 124 102 120 97 105 110 90 93 79 107 122 118 97 99 103 83 97 99 91 109 114 88 94 105 93 105 87 98 99 
81 100 88 98 101 122 92 124 95 110 96 110 119 115 89 101 100 99 109 103 124 99 96 124 115 113 99 107 126 108 131 118 127 99 111 117 98 100 78 119 109 96 95 112 92 114 125 112 105 110 100 111 96 120 122 112 96 112 124 120 
116 99 99 102 103 96 98 86 99 92 98 106 128 115 99 117 104 100 118 122 106 94 100 111 113 90 106 108 102 106 113 92 108 136 97 105 117 88 93 100 112 110 110 104 115 99 113 83 109 112 92 97 100 91 113 98 97 121 106 98 
100 102 100 100 94 97 87 105 91 94 110 96 101 113 107 102 112 97 105 91 104 93 99 121 100 108 93 121 106 102 116 101 111 99 103 103 85 114 117 92 120 89 104 105 129 108 121 91 113 107 111 101 95 99 133 110 108 108 93 86 
