# Format: McCode with text headers
# URL: http://www.mccode.org
# Creator: McStas 2.5 - Feb. 26, 2020
# Instrument: /zhome/89/0/38697/once/McStas-2.5_CPU_MPICC/FZJ_SANS_KWS2_AnySample/FZJ_SANS_KWS2_AnySample.instr
# Ncount: 2500000
# Trace: no
# Gravitation: no
# Seed: 1582957536
# Directory: 4
# Nodes: 4
# Param: lambda=7
# Param: dlambda=0.7
# Param: FLUX=1e+08
# Param: NGblen=0.05
# Param: sample=3
# Param: Clen=10
# Param: Dlen=10
# Date: Wed Feb 26 19:30:21 2020 (1582741821)
# type: array_1d(500)
# Source: SANS_KWS2_AnySample (/zhome/89/0/38697/once/McStas-2.5_CPU_MPICC/FZJ_SANS_KWS2_AnySample/FZJ_SANS_KWS2_AnySample.instr)
# component: detector2
# position: 0 0 60.01
# title: PSD monitor radial sum
# Ncount: 10000000
# filename: PSDr.dat
# statistics: X0=0.0762881; dX=0.0260415;
# signal: Min=0; Max=16.4113; Mean=2.35355;
# values: 1176.77 7.96086 21853
# xvar: r
# yvar: (I,I_err)
# xlabel: Radius [m]
# ylabel: Intensity
# xlimits: 0.00035 0.35035
# variables: r I I_err N
0.0007 0 0 0 
0.0014 0 0 0 
0.0021 0 0 0 
0.0028 0 0 0 
0.0035 0 0 0 
0.0042 0 0 0 
0.0049 0 0 0 
0.0056 0 0 0 
0.0063 0 0 0 
0.007 0 0 0 
0.0077 0 0 0 
0.0084 0 0 0 
0.0091 0 0 0 
0.0098 0 0 0 
0.0105 0 0 0 
0.0112 0 0 0 
0.0119 0 0 0 
0.0126 0 0 0 
0.0133 0 0 0 
0.014 0 0 0 
0.0147 0 0 0 
0.0154 0 0 0 
0.0161 0 0 0 
0.0168 0 0 0 
0.0175 0 0 0 
0.0182 0 0 0 
0.0189 0 0 0 
0.0196 0 0 0 
0.0203 0 0 0 
0.021 0 0 0 
0.0217 0 0 0 
0.0224 0 0 0 
0.0231 0 0 0 
0.0238 0 0 0 
0.0245 0 0 0 
0.0252 0 0 0 
0.0259 0 0 0 
0.0266 0 0 0 
0.0273 0 0 0 
0.028 0 0 0 
0.0287 0 0 0 
0.0294 0 0 0 
0.0301 0 0 0 
0.0308 0 0 0 
0.0315 0 0 0 
0.0322 0 0 0 
0.0329 0 0 0 
0.0336 0 0 0 
0.0343 0 0 0 
0.035 0 0 0 
0.0357 0 0 0 
0.0364 0 0 0 
0.0371 0 0 0 
0.0378 0.4875362149 0.1625184516 9 
0.0385 3.176725643 0.4136000181 59 
0.0392 5.06427288 0.522363459 94 
0.0399 6.135254795 0.5746536429 114 
0.0406 7.05638496 0.6165491919 131 
0.0413 5.870219881 0.5622974753 109 
0.042 8.130037238 0.6616494863 151 
0.0427 8.457610078 0.6750292791 157 
0.0434 8.933711045 0.6934246181 166 
0.0441 10.07528809 0.7368162266 187 
0.0448 10.87629797 0.7652936918 202 
0.0455 11.42844902 0.7849436706 212 
0.0462 11.1145755 0.7744321046 206 
0.0469 12.88463367 0.8334795492 239 
0.0476 13.46577012 0.8516899214 250 
0.0483 13.00484034 0.8377573891 241 
0.049 13.79828105 0.8624378928 256 
0.0497 13.72817657 0.8597381724 255 
0.0504 14.90952952 0.8958755962 277 
0.0511 15.2908606 0.9073894592 284 
0.0518 14.57921024 0.8856679314 271 
0.0525 15.74192966 0.9212750861 292 
0.0532 14.97578842 0.898233078 278 
0.0539 15.55584438 0.9150916851 289 
0.0546 16.41133703 0.9397581129 305 
0.0553 14.41661693 0.8806848501 268 
0.056 13.31406426 0.8472029843 247 
0.0567 13.95611547 0.8672371999 259 
0.0574 16.30793768 0.9369143584 303 
0.0581 14.15532265 0.8728999505 263 
0.0588 14.38754466 0.8805465537 267 
0.0595 12.92439777 0.8343075326 240 
0.0602 14.79902787 0.8924599201 275 
0.0609 14.66242545 0.8890906701 272 
0.0616 13.96637882 0.8678733151 259 
0.0623 12.33079199 0.8148849084 229 
0.063 13.53206652 0.8541741834 251 
0.0637 14.71997005 0.8909362161 273 
0.0644 13.14738092 0.8417109185 244 
0.0651 13.29451124 0.8459553096 247 
0.0658 12.78178646 0.830309325 237 
0.0665 15.40843897 0.9111694414 286 
0.0672 13.62204434 0.8564556859 253 
0.0679 14.53513 0.8846268689 270 
0.0686 12.97079581 0.8355707454 241 
0.0693 14.21563303 0.8749539216 264 
0.07 13.10284391 0.8405918414 243 
0.0707 11.80523914 0.7977760722 219 
0.0714 13.24705737 0.8446421298 246 
0.0721 10.8725469 0.7650324016 202 
0.0728 12.61102336 0.8244551232 234 
0.0735 12.00863321 0.8041985243 223 
0.0742 12.17512991 0.809919658 226 
0.0749 12.01187717 0.8044154686 223 
0.0756 11.02812118 0.7702745222 205 
0.0763 11.14298671 0.7745349373 207 
0.077 10.07525917 0.7368121572 187 
0.0777 11.53352945 0.7884542912 214 
0.0784 12.11093492 0.8074351963 225 
0.0791 11.14732092 0.7748362144 207 
0.0798 11.52864492 0.7881195779 214 
0.0805 10.45511826 0.7506753894 194 
0.0812 10.93283494 0.7673719912 203 
0.0819 9.431021636 0.7129555885 175 
0.0826 9.700921316 0.7231027248 180 
0.0833 10.43883606 0.7495035339 194 
0.084 10.27616902 0.7435976755 191 
0.0847 9.359781052 0.7095971147 174 
0.0854 9.77211676 0.7263922851 181 
0.0861 8.404819247 0.6729623059 156 
0.0868 8.989169194 0.6956345411 167 
0.0875 7.055885386 0.6165090336 131 
0.0882 8.998399445 0.6963504841 167 
0.0889 8.075067552 0.6593611946 150 
0.0896 7.219107105 0.6236687976 134 
0.0903 8.405879022 0.6730448993 156 
0.091 6.998732166 0.6138601164 130 
0.0917 8.830254624 0.6895577564 164 
0.0924 7.318710344 0.627606381 136 
0.0931 8.288314369 0.6679211478 154 
0.0938 8.016888887 0.6568054715 149 
0.0945 7.860644163 0.6505832415 146 
0.0952 6.575343979 0.595332425 122 
0.0959 7.048302969 0.6158466698 131 
0.0966 6.133099914 0.5744526906 114 
0.0973 6.307642311 0.5831718495 117 
0.098 6.189617289 0.5772147925 115 
0.0987 6.411051202 0.5877306192 119 
0.0994 6.679859182 0.5999001438 124 
0.1001 5.754326587 0.5563201804 107 
0.1008 5.870757951 0.5623487612 109 
0.1015 6.126587188 0.5738406025 114 
0.1022 5.214016685 0.5294312486 97 
0.1029 5.753218815 0.5562107708 107 
0.1036 6.137887943 0.5748935231 114 
0.1043 4.407581787 0.4867609134 82 
0.105 5.171462576 0.527833223 96 
0.1057 4.196458816 0.4751831291 78 
0.1064 4.087564466 0.4688948322 76 
0.1071 4.209955379 0.4767055144 78 
0.1078 4.036446447 0.4661130267 75 
0.1085 4.09034808 0.4692230818 76 
0.1092 4.733487403 0.504615294 88 
0.1099 3.760074484 0.4494393371 70 
0.1106 3.985829291 0.4633679172 74 
0.1113 4.245415576 0.4776689878 79 
0.112 3.119556372 0.4096365776 58 
0.1127 3.820984652 0.4534931683 71 
0.1134 3.707281807 0.4463280332 69 
0.1141 3.169081361 0.4125951074 59 
0.1148 3.599492155 0.4397646163 67 
0.1155 3.287682195 0.420966154 61 
0.1162 3.337738764 0.423912068 62 
0.1169 3.609267279 0.440963816 67 
0.1176 2.633655346 0.3762541774 49 
0.1183 3.068980491 0.4065209752 57 
0.119 3.126063632 0.4104921698 58 
0.1197 2.214614217 0.3458804138 41 
0.1204 2.959584141 0.3990902185 55 
0.1211 3.011831251 0.402492645 56 
0.1218 2.479071815 0.3655347791 46 
0.1225 2.795807198 0.3877271561 52 
0.1232 3.165846641 0.4121747043 59 
0.1239 2.526442954 0.3685348841 47 
0.1246 2.304514311 0.3514532276 43 
0.1253 2.583011217 0.3728402111 48 
0.126 2.30940096 0.3522038265 43 
0.1267 2.793664571 0.3874332017 52 
0.1274 1.937157452 0.3228780635 36 
0.1281 2.20485133 0.3443546867 41 
0.1288 1.883780157 0.3184268226 35 
0.1295 1.506169782 0.2846507832 28 
0.1302 1.994838223 0.3279717422 37 
0.1309 1.881693525 0.3180876815 35 
0.1316 1.616108587 0.2950781966 30 
0.1323 2.042174184 0.3313001465 38 
0.133 1.34457228 0.2689276291 25 
0.1337 1.561654862 0.2900019627 29 
0.1344 1.772283174 0.3085290487 33 
0.1351 2.316424971 0.3532735816 43 
0.1358 1.720567492 0.3041685556 32 
0.1365 1.234667875 0.2574574632 23 
0.1372 1.183485317 0.2523275429 22 
0.1379 1.131779527 0.2469813754 21 
0.1386 1.236295491 0.2577985051 23 
0.1393 0.8630008838 0.2157616473 16 
0.14 1.236275635 0.2577895918 23 
0.1407 0.96587258 0.2276707908 18 
0.1414 0.8085874733 0.2087876309 15 
0.1421 1.075261126 0.2404557123 20 
0.1428 1.18245068 0.2521174091 22 
0.1435 0.8570544641 0.214275146 16 
0.1442 1.131796662 0.246988778 21 
0.1449 1.186801755 0.2530492334 22 
0.1456 0.8559924962 0.2140137351 16 
0.1463 0.8624767935 0.2156358005 16 
0.147 0.5381425538 0.1701803083 10 
0.1477 1.070367131 0.2393519155 20 
0.1484 1.289096149 0.2631512354 24 
0.1491 0.5387027068 0.1703642378 10 
0.1498 0.6442765928 0.1859975382 12 
0.1505 0.3754631557 0.1419185536 7 
0.1512 0.7547156477 0.2017164157 14 
0.1519 0.2149348564 0.1074724287 4 
0.1526 0.5893253204 0.1776979195 11 
0.1533 0.4853804146 0.1618064926 9 
0.154 0.1610623503 0.09299095452 3 
0.1547 0.6986769471 0.1937865193 13 
0.1554 0.5925595679 0.1786707118 11 
0.1561 0.3776355351 0.1427435039 7 
0.1568 0.3792472347 0.1433440492 7 
0.1575 0.3776246005 0.1427345833 7 
0.1582 0.5381431834 0.1701805055 10 
0.1589 0.3733124051 0.1411060336 7 
0.1596 0.697060487 0.19333903 13 
0.1603 0.2688017219 0.1202160473 5 
0.161 0.2154739899 0.1077406248 4 
0.1617 0.2715134081 0.1214257069 5 
0.1624 0.2143958018 0.107203267 4 
0.1631 0.4309633768 0.1523796348 8 
0.1638 0.1082788938 0.07656667381 2 
0.1645 0.3221346499 0.1315180608 6 
0.1652 0.3776132819 0.1427254429 7 
0.1659 0.2138568578 0.1069333669 4 
0.1666 0.2149295931 0.1074661482 4 
0.1673 0.3760025526 0.1421220702 7 
0.168 0.2682574202 0.1199701802 5 
0.1687 0.2127782904 0.1063904864 4 
0.1694 0.3205176648 0.1308572459 6 
0.1701 0.1610618228 0.09299064913 3 
0.1708 0.3210624972 0.1310829416 6 
0.1715 0.1072058418 0.07582322665 2 
0.1722 0.4821311748 0.1607209116 9 
0.1729 0.1077396504 0.07619113649 2 
0.1736 0.1071949249 0.07580017413 2 
0.1743 0.3237519292 0.1321749534 6 
0.175 0.2693506519 0.1204663161 5 
0.1757 0.1637839317 0.09456229575 3 
0.1764 0.1066616703 0.07542881484 2 
0.1771 0.1082785524 0.07656643427 2 
0.1778 0.05386664084 0.05386664084 1 
0.1785 0.05441134582 0.05441134582 1 
0.1792 0.1616067172 0.09330840064 3 
0.1799 0 0 0 
0.1806 0.1061226437 0.07504193726 2 
0.1813 0 0 0 
0.182 0 0 0 
0.1827 0.05441138414 0.05441138414 1 
0.1834 0.05332798234 0.05332798234 1 
0.1841 0.05441141651 0.05441141651 1 
0.1848 0 0 0 
0.1855 0 0 0 
0.1862 0.05386700529 0.05386700529 1 
0.1869 0.05441141949 0.05441141949 1 
0.1876 0 0 0 
0.1883 0.05441149367 0.05441149367 1 
0.189 0 0 0 
0.1897 0.05386715074 0.05386715074 1 
0.1904 0.05441151826 0.05441151826 1 
0.1911 0.0533279049 0.0533279049 1 
0.1918 0.1077395865 0.07619108891 2 
0.1925 0.1616010102 0.09330038676 3 
0.1932 0 0 0 
0.1939 0 0 0 
0.1946 0 0 0 
0.1953 0.1599898039 0.09237482673 3 
0.196 0 0 0 
0.1967 0.1066612568 0.07542852678 2 
0.1974 0 0 0 
0.1981 0.05386734078 0.05386734078 1 
0.1988 0.05441151823 0.05441151823 1 
0.1995 0 0 0 
0.2002 0.05332832117 0.05332832117 1 
0.2009 0 0 0 
0.2016 0 0 0 
0.2023 0.0533282372 0.0533282372 1 
0.203 0 0 0 
0.2037 0 0 0 
0.2044 0.05386691309 0.05386691309 1 
0.2051 0 0 0 
0.2058 0 0 0 
0.2065 0 0 0 
0.2072 0 0 0 
0.2079 0 0 0 
0.2086 0 0 0 
0.2093 0 0 0 
0.21 0 0 0 
0.2107 0 0 0 
0.2114 0.05332837073 0.05332837073 1 
0.2121 0 0 0 
0.2128 0 0 0 
0.2135 0 0 0 
0.2142 0.1088229514 0.07694944688 2 
0.2149 0 0 0 
0.2156 0 0 0 
0.2163 0 0 0 
0.217 0 0 0 
0.2177 0 0 0 
0.2184 0 0 0 
0.2191 0 0 0 
0.2198 0 0 0 
0.2205 0 0 0 
0.2212 0 0 0 
0.2219 0 0 0 
0.2226 0 0 0 
0.2233 0 0 0 
0.224 0 0 0 
0.2247 0 0 0 
0.2254 0 0 0 
0.2261 0 0 0 
0.2268 0 0 0 
0.2275 0 0 0 
0.2282 0 0 0 
0.2289 0 0 0 
0.2296 0 0 0 
0.2303 0 0 0 
0.231 0 0 0 
0.2317 0 0 0 
0.2324 0 0 0 
0.2331 0 0 0 
0.2338 0 0 0 
0.2345 0 0 0 
0.2352 0 0 0 
0.2359 0 0 0 
0.2366 0 0 0 
0.2373 0 0 0 
0.238 0 0 0 
0.2387 0 0 0 
0.2394 0 0 0 
0.2401 0 0 0 
0.2408 0 0 0 
0.2415 0 0 0 
0.2422 0 0 0 
0.2429 0 0 0 
0.2436 0 0 0 
0.2443 0 0 0 
0.245 0 0 0 
0.2457 0 0 0 
0.2464 0 0 0 
0.2471 0 0 0 
0.2478 0 0 0 
0.2485 0 0 0 
0.2492 0 0 0 
0.2499 0 0 0 
0.2506 0 0 0 
0.2513 0 0 0 
0.252 0 0 0 
0.2527 0 0 0 
0.2534 0 0 0 
0.2541 0 0 0 
0.2548 0 0 0 
0.2555 0 0 0 
0.2562 0 0 0 
0.2569 0 0 0 
0.2576 0 0 0 
0.2583 0 0 0 
0.259 0 0 0 
0.2597 0 0 0 
0.2604 0 0 0 
0.2611 0 0 0 
0.2618 0 0 0 
0.2625 0 0 0 
0.2632 0 0 0 
0.2639 0 0 0 
0.2646 0 0 0 
0.2653 0 0 0 
0.266 0 0 0 
0.2667 0 0 0 
0.2674 0 0 0 
0.2681 0 0 0 
0.2688 0 0 0 
0.2695 0 0 0 
0.2702 0 0 0 
0.2709 0 0 0 
0.2716 0 0 0 
0.2723 0 0 0 
0.273 0 0 0 
0.2737 0 0 0 
0.2744 0 0 0 
0.2751 0 0 0 
0.2758 0 0 0 
0.2765 0 0 0 
0.2772 0 0 0 
0.2779 0 0 0 
0.2786 0 0 0 
0.2793 0 0 0 
0.28 0 0 0 
0.2807 0 0 0 
0.2814 0 0 0 
0.2821 0 0 0 
0.2828 0 0 0 
0.2835 0 0 0 
0.2842 0 0 0 
0.2849 0 0 0 
0.2856 0 0 0 
0.2863 0 0 0 
0.287 0 0 0 
0.2877 0 0 0 
0.2884 0 0 0 
0.2891 0 0 0 
0.2898 0 0 0 
0.2905 0 0 0 
0.2912 0 0 0 
0.2919 0 0 0 
0.2926 0 0 0 
0.2933 0 0 0 
0.294 0 0 0 
0.2947 0 0 0 
0.2954 0 0 0 
0.2961 0 0 0 
0.2968 0 0 0 
0.2975 0 0 0 
0.2982 0 0 0 
0.2989 0 0 0 
0.2996 0 0 0 
0.3003 0 0 0 
0.301 0 0 0 
0.3017 0 0 0 
0.3024 0 0 0 
0.3031 0 0 0 
0.3038 0 0 0 
0.3045 0 0 0 
0.3052 0 0 0 
0.3059 0 0 0 
0.3066 0 0 0 
0.3073 0 0 0 
0.308 0 0 0 
0.3087 0 0 0 
0.3094 0 0 0 
0.3101 0 0 0 
0.3108 0 0 0 
0.3115 0 0 0 
0.3122 0 0 0 
0.3129 0 0 0 
0.3136 0 0 0 
0.3143 0 0 0 
0.315 0 0 0 
0.3157 0 0 0 
0.3164 0 0 0 
0.3171 0 0 0 
0.3178 0 0 0 
0.3185 0 0 0 
0.3192 0 0 0 
0.3199 0 0 0 
0.3206 0 0 0 
0.3213 0 0 0 
0.322 0 0 0 
0.3227 0 0 0 
0.3234 0 0 0 
0.3241 0 0 0 
0.3248 0 0 0 
0.3255 0 0 0 
0.3262 0 0 0 
0.3269 0 0 0 
0.3276 0 0 0 
0.3283 0 0 0 
0.329 0 0 0 
0.3297 0 0 0 
0.3304 0 0 0 
0.3311 0 0 0 
0.3318 0 0 0 
0.3325 0 0 0 
0.3332 0 0 0 
0.3339 0 0 0 
0.3346 0 0 0 
0.3353 0 0 0 
0.336 0 0 0 
0.3367 0 0 0 
0.3374 0 0 0 
0.3381 0 0 0 
0.3388 0 0 0 
0.3395 0 0 0 
0.3402 0 0 0 
0.3409 0 0 0 
0.3416 0 0 0 
0.3423 0 0 0 
0.343 0 0 0 
0.3437 0 0 0 
0.3444 0 0 0 
0.3451 0 0 0 
0.3458 0 0 0 
0.3465 0 0 0 
0.3472 0 0 0 
0.3479 0 0 0 
0.3486 0 0 0 
0.3493 0 0 0 
0.35 0 0 0 
