# Format: McCode with text headers
# URL: http://www.mccode.org
# Creator: McStas 2.5 - Feb. 26, 2020
# Instrument: /zhome/89/0/38697/once/McStas-2.5_CPU_MPICC/FZJ_SANS_KWS2_AnySample/FZJ_SANS_KWS2_AnySample.instr
# Ncount: 2500000
# Trace: no
# Gravitation: no
# Seed: 1582957536
# Directory: 4
# Nodes: 4
# Param: lambda=7
# Param: dlambda=0.7
# Param: FLUX=1e+08
# Param: NGblen=0.05
# Param: sample=3
# Param: Clen=10
# Param: Dlen=10
# Date: Wed Feb 26 19:30:21 2020 (1582741821)
# type: array_1d(500)
# Source: SANS_KWS2_AnySample (/zhome/89/0/38697/once/McStas-2.5_CPU_MPICC/FZJ_SANS_KWS2_AnySample/FZJ_SANS_KWS2_AnySample.instr)
# component: detector2
# position: 0 0 60.01
# title: PSD monitor radial average
# Ncount: 10000000
# filename: PSDr_av.dat
# statistics: X0=0.0687027; dX=0.0227702;
# signal: Min=0; Max=68780.7; Mean=7828.7;
# values: 3.91435e+06 27750.1 21853
# xvar: r
# yvar: (I,I_err)
# xlabel: Radius [m]
# ylabel: Intensity/m^2
# xlimits: 0.00035 0.35035
# variables: r I I_err N
0.0007 0 0 0 
0.0014 0 0 0 
0.0021 0 0 0 
0.0028 0 0 0 
0.0035 0 0 0 
0.0042 0 0 0 
0.0049 0 0 0 
0.0056 0 0 0 
0.0063 0 0 0 
0.007 0 0 0 
0.0077 0 0 0 
0.0084 0 0 0 
0.0091 0 0 0 
0.0098 0 0 0 
0.0105 0 0 0 
0.0112 0 0 0 
0.0119 0 0 0 
0.0126 0 0 0 
0.0133 0 0 0 
0.014 0 0 0 
0.0147 0 0 0 
0.0154 0 0 0 
0.0161 0 0 0 
0.0168 0 0 0 
0.0175 0 0 0 
0.0182 0 0 0 
0.0189 0 0 0 
0.0196 0 0 0 
0.0203 0 0 0 
0.021 0 0 0 
0.0217 0 0 0 
0.0224 0 0 0 
0.0231 0 0 0 
0.0238 0 0 0 
0.0245 0 0 0 
0.0252 0 0 0 
0.0259 0 0 0 
0.0266 0 0 0 
0.0273 0 0 0 
0.028 0 0 0 
0.0287 0 0 0 
0.0294 0 0 0 
0.0301 0 0 0 
0.0308 0 0 0 
0.0315 0 0 0 
0.0322 0 0 0 
0.0329 0 0 0 
0.0336 0 0 0 
0.0343 0 0 0 
0.035 0 0 0 
0.0357 0 0 0 
0.0364 0 0 0 
0.0371 0 0 0 
0.0378 2959.900764 986.6723215 9 
0.0385 18932.46916 2464.94991 59 
0.0392 29637.95043 3057.059261 94 
0.0399 35270.22314 3303.556721 114 
0.0406 39860.10814 3482.763143 131 
0.0413 32592.86625 3122.01021 109 
0.042 44381.25927 3611.894575 151 
0.0427 45406.32318 3624.025856 157 
0.0434 47182.4879 3662.251722 166 
0.0441 52360.22539 3829.157375 187 
0.0448 55632.86466 3914.519491 202 
0.0455 57550.83543 3952.781687 212 
0.0462 55115.73864 3840.308382 206 
0.0469 62932.42713 4070.964868 239 
0.0476 64796.4891 4098.281511 250 
0.0483 61664.96719 3972.388785 241 
0.049 64485.82105 4030.57565 256 
0.0497 63248.14474 3960.966273 255 
0.0504 67730.13623 4069.731113 277 
0.0511 68504.32227 4065.179951 284 
0.0518 64427.4157 3913.881139 271 
0.0525 68631.85642 4016.586328 292 
0.0532 64426.83479 3864.258262 278 
0.0539 66047.47306 3885.323865 289 
0.0546 68780.65598 3938.568768 305 
0.0553 59651.00345 3643.97107 268 
0.056 54396.07597 3461.341105 247 
0.0567 56310.93329 3499.178279 259 
0.0574 64992.83571 3733.931423 303 
0.0581 55730.1069 3436.644204 263 
0.0588 55965.99906 3425.231251 267 
0.0595 49679.55058 3206.959736 240 
0.0602 56220.03671 3390.366578 275 
0.0609 55057.15439 3338.520113 272 
0.0616 51844.1569 3221.60532 259 
0.0623 45255.54013 2990.728957 229 
0.063 49109.45792 3099.898382 251 
0.0637 52830.21751 3197.584909 273 
0.0644 46670.4731 2987.899037 244 
0.0651 46682.56325 2970.50125 247 
0.0658 44402.14988 2884.379207 237 
0.0665 52960.35475 3131.78103 286 
0.0672 46330.0714 2912.90001 253 
0.0679 48923.29044 2977.534926 270 
0.0686 43210.17831 2783.573301 241 
0.0693 46876.37554 2885.180599 264 
0.07 42772.68745 2744.012854 243 
0.0707 38153.35899 2578.332935 219 
0.0714 42391.36747 2702.904798 246 
0.0721 34453.35159 2424.264576 202 
0.0728 39576.19453 2587.323439 234 
0.0735 37325.13106 2499.602976 223 
0.0742 37483.93669 2493.523882 226 
0.0749 36634.08311 2453.323716 223 
0.0756 33320.9302 2327.346896 205 
0.0763 33357.68675 2318.650689 207 
0.077 29885.88763 2185.580038 187 
0.0777 33901.89719 2317.599 214 
0.0784 35279.86013 2352.105843 225 
0.0791 32184.14923 2237.079612 207 
0.0798 32991.83362 2255.383018 214 
0.0805 29658.38609 2129.46616 194 
0.0812 30745.02559 2157.982959 203 
0.0819 26294.01264 1987.744699 175 
0.0826 26816.31923 1998.877517 180 
0.0833 28612.62998 2054.373414 194 
0.084 27931.0579 2021.129634 191 
0.0847 25229.15439 1912.708755 174 
0.0854 26123.80426 1941.864832 181 
0.0861 22285.18999 1784.344482 156 
0.0868 23641.58823 1829.524511 167 
0.0875 18407.98356 1608.400298 131 
0.0882 23288.71862 1802.221671 167 
0.0889 20733.83749 1692.999813 150 
0.0896 18390.66155 1588.79507 134 
0.0903 21247.31513 1701.237555 156 
0.091 17553.9015 1539.656006 130 
0.0917 21977.92904 1716.264375 164 
0.0924 18077.27056 1550.192564 136 
0.0931 20317.69275 1637.319249 154 
0.0938 19505.12107 1598.010203 149 
0.0945 18982.78392 1571.102933 146 
0.0952 15761.70641 1427.06677 122 
0.0959 16771.65669 1465.426354 131 
0.0966 14487.76501 1356.986794 114 
0.0973 14792.49176 1367.636963 117 
0.098 14411.64783 1343.96295 115 
0.0987 14820.98176 1358.707724 119 
0.0994 15333.2748 1377.04007 124 
0.1001 13116.06904 1268.04306 107 
0.1008 13288.20519 1272.851953 109 
0.1015 13771.29631 1289.874563 114 
0.1022 11639.47723 1181.872505 97 
0.1029 12755.49506 1233.178151 107 
0.1036 13516.08725 1265.958436 114 
0.1043 9640.4649 1064.66578 82 
0.105 11235.59937 1146.778603 96 
0.1057 9056.711154 1025.530461 78 
0.1064 8763.468579 1005.27959 76 
0.1071 8966.680613 1015.323373 78 
0.1078 8541.120848 986.2951838 75 
0.1085 8599.156145 986.4496781 76 
0.1092 9887.235622 1054.032658 88 
0.1099 7803.800489 932.7833622 70 
0.1106 8219.817738 955.5852867 74 
0.1113 8699.91469 978.8628156 79 
0.112 6352.668632 834.1844565 58 
0.1127 7732.577976 917.7402174 71 
0.1134 7456.02104 897.6472197 69 
0.1141 6334.37945 824.6976558 59 
0.1148 7150.683006 873.6280656 67 
0.1155 6491.543609 831.1996066 61 
0.1162 6550.559506 831.9588268 62 
0.1169 7040.911056 860.2264024 67 
0.1176 5107.027313 729.6096521 49 
0.1183 5915.865262 783.622875 57 
0.119 5990.349522 786.609571 58 
0.1197 4218.885626 658.9093013 41 
0.1204 5605.193616 755.8419827 55 
0.1211 5671.077568 757.8668323 56 
0.1218 4641.022568 684.3106153 46 
0.1225 5203.982639 721.6969004 52 
0.1232 5859.179511 762.8308809 59 
0.1239 4649.313575 678.2002488 47 
0.1246 4217.01459 643.1217986 43 
0.1253 4700.154385 678.435518 48 
0.126 4178.870768 637.314308 43 
0.1267 5027.141454 697.1780108 52 
0.1274 3466.668736 577.8112084 36 
0.1281 3924.103863 612.8683317 41 
0.1288 3334.403866 563.6345752 35 
0.1295 2651.56093 501.1180709 28 
0.1302 3492.913404 574.2705755 37 
0.1309 3277.133292 553.9774235 35 
0.1316 2799.582805 511.1635764 30 
0.1323 3518.88828 570.8661934 38 
0.133 2304.618219 460.9462226 25 
0.1337 2662.650283 494.4586842 29 
0.1344 3005.995926 523.3007213 33 
0.1351 3908.512954 596.0799022 43 
0.1358 2888.117084 510.5724744 32 
0.1365 2061.838259 429.9420586 23 
0.1372 1966.256467 419.2199565 22 
0.1379 1870.782638 408.2495377 21 
0.1386 2033.195955 423.9721664 23 
0.1393 1412.13033 353.0512795 16 
0.14 2012.78071 419.7073071 23 
0.1407 1564.694341 368.8221462 18 
0.1414 1303.394878 336.5532335 15 
0.1421 1724.69764 385.6862204 20 
0.1428 1887.307533 402.4041709 22 
0.1435 1361.253974 340.3318065 16 
0.1442 1788.877634 390.3816962 21 
0.1449 1866.732874 398.0237817 22 
0.1456 1339.910863 335.0021523 16 
0.1463 1343.585817 335.9223174 16 
0.147 834.3290392 263.8452806 10 
0.1477 1651.599397 369.3251295 20 
0.1484 1979.698213 404.128141 24 
0.1491 823.4064696 260.4015422 10 
0.1498 980.1634991 282.9654218 12 
0.1505 568.5440006 214.8997604 7 
0.1512 1137.522856 304.0311063 14 
0.1519 322.4578861 161.236445 4 
0.1526 880.0754195 265.3671336 11 
0.1533 721.5307735 240.529614 9 
0.154 238.3326596 137.6037383 3 
0.1547 1029.181265 285.4558976 13 
0.1554 868.9250869 262.0014462 11 
0.1561 551.2732134 208.3772918 7 
0.1568 551.1489025 208.3177098 7 
0.1575 546.3462734 206.5080177 7 
0.1582 775.1314334 245.1248352 10 
0.1589 535.3382403 202.3491711 7 
0.1596 995.2062986 276.0337503 13 
0.1603 382.0937146 170.8835633 5 
0.161 304.9553208 152.4827976 4 
0.1617 382.5995044 171.1054184 5 
0.1624 300.8079661 150.4115119 4 
0.1631 602.0623366 212.8766479 8 
0.1638 150.6194221 106.5067047 2 
0.1645 446.1887809 182.1656976 6 
0.1652 520.8113036 196.8496013 7 
0.1659 293.708211 146.8608873 4 
0.1666 293.9386222 146.9711596 4 
0.1673 512.0666142 193.5517904 7 
0.168 363.806352 162.701608 5 
0.1687 287.3665977 143.6851101 4 
0.1694 431.0810048 175.9967678 6 
0.1701 215.7272059 124.5522531 3 
0.1708 428.2670534 174.852266 6 
0.1715 142.4175924 100.7273596 2 
0.1722 637.8782134 212.6399895 9 
0.1729 141.9654587 100.3948834 2 
0.1736 140.6769918 99.47616903 2 
0.1743 423.1652763 172.7614436 6 
0.175 350.6481344 156.8263848 5 
0.1757 212.3672844 122.6123818 3 
0.1764 137.7508992 97.41444179 2 
0.1771 139.2852443 98.49203063 2 
0.1778 69.01857391 69.01857391 1 
0.1785 69.44256163 69.44256163 1 
0.1792 205.4435711 118.6189001 3 
0.1799 0 0 0 
0.1806 133.8612508 94.65659009 2 
0.1813 0 0 0 
0.182 0 0 0 
0.1827 67.8431646 67.8431646 1 
0.1834 66.23804577 66.23804577 1 
0.1841 67.32630435 67.32630435 1 
0.1848 0 0 0 
0.1855 0 0 0 
0.1862 65.8995362 65.8995362 1 
0.1869 66.31578185 66.31578185 1 
0.1876 0 0 0 
0.1883 65.82189928 65.82189928 1 
0.189 0 0 0 
0.1897 64.68160482 64.68160482 1 
0.1904 65.0946149 65.0946149 1 
0.1911 63.56412409 63.56412409 1 
0.1918 127.9505112 90.48381464 2 
0.1925 191.2166803 110.3990019 3 
0.1932 0 0 0 
0.1939 0 0 0 
0.1946 0 0 0 
0.1953 186.5912002 107.7339266 3 
0.196 0 0 0 
0.1967 123.5087945 87.34273991 2 
0.1974 0 0 0 
0.1981 61.93428612 61.93428612 1 
0.1988 62.33928725 62.33928725 1 
0.1995 0 0 0 
0.2002 60.67025927 60.67025927 1 
0.2009 0 0 0 
0.2016 0 0 0 
0.2023 60.03927816 60.03927816 1 
0.203 0 0 0 
0.2037 0 0 0 
0.2044 60.02160176 60.02160176 1 
0.2051 0 0 0 
0.2058 0 0 0 
0.2065 0 0 0 
0.2072 0 0 0 
0.2079 0 0 0 
0.2086 0 0 0 
0.2093 0 0 0 
0.21 0 0 0 
0.2107 0 0 0 
0.2114 57.45066374 57.45066374 1 
0.2121 0 0 0 
0.2128 0 0 0 
0.2135 0 0 0 
0.2142 115.6999942 81.81225051 2 
0.2149 0 0 0 
0.2156 0 0 0 
0.2163 0 0 0 
0.217 0 0 0 
0.2177 0 0 0 
0.2184 0 0 0 
0.2191 0 0 0 
0.2198 0 0 0 
0.2205 0 0 0 
0.2212 0 0 0 
0.2219 0 0 0 
0.2226 0 0 0 
0.2233 0 0 0 
0.224 0 0 0 
0.2247 0 0 0 
0.2254 0 0 0 
0.2261 0 0 0 
0.2268 0 0 0 
0.2275 0 0 0 
0.2282 0 0 0 
0.2289 0 0 0 
0.2296 0 0 0 
0.2303 0 0 0 
0.231 0 0 0 
0.2317 0 0 0 
0.2324 0 0 0 
0.2331 0 0 0 
0.2338 0 0 0 
0.2345 0 0 0 
0.2352 0 0 0 
0.2359 0 0 0 
0.2366 0 0 0 
0.2373 0 0 0 
0.238 0 0 0 
0.2387 0 0 0 
0.2394 0 0 0 
0.2401 0 0 0 
0.2408 0 0 0 
0.2415 0 0 0 
0.2422 0 0 0 
0.2429 0 0 0 
0.2436 0 0 0 
0.2443 0 0 0 
0.245 0 0 0 
0.2457 0 0 0 
0.2464 0 0 0 
0.2471 0 0 0 
0.2478 0 0 0 
0.2485 0 0 0 
0.2492 0 0 0 
0.2499 0 0 0 
0.2506 0 0 0 
0.2513 0 0 0 
0.252 0 0 0 
0.2527 0 0 0 
0.2534 0 0 0 
0.2541 0 0 0 
0.2548 0 0 0 
0.2555 0 0 0 
0.2562 0 0 0 
0.2569 0 0 0 
0.2576 0 0 0 
0.2583 0 0 0 
0.259 0 0 0 
0.2597 0 0 0 
0.2604 0 0 0 
0.2611 0 0 0 
0.2618 0 0 0 
0.2625 0 0 0 
0.2632 0 0 0 
0.2639 0 0 0 
0.2646 0 0 0 
0.2653 0 0 0 
0.266 0 0 0 
0.2667 0 0 0 
0.2674 0 0 0 
0.2681 0 0 0 
0.2688 0 0 0 
0.2695 0 0 0 
0.2702 0 0 0 
0.2709 0 0 0 
0.2716 0 0 0 
0.2723 0 0 0 
0.273 0 0 0 
0.2737 0 0 0 
0.2744 0 0 0 
0.2751 0 0 0 
0.2758 0 0 0 
0.2765 0 0 0 
0.2772 0 0 0 
0.2779 0 0 0 
0.2786 0 0 0 
0.2793 0 0 0 
0.28 0 0 0 
0.2807 0 0 0 
0.2814 0 0 0 
0.2821 0 0 0 
0.2828 0 0 0 
0.2835 0 0 0 
0.2842 0 0 0 
0.2849 0 0 0 
0.2856 0 0 0 
0.2863 0 0 0 
0.287 0 0 0 
0.2877 0 0 0 
0.2884 0 0 0 
0.2891 0 0 0 
0.2898 0 0 0 
0.2905 0 0 0 
0.2912 0 0 0 
0.2919 0 0 0 
0.2926 0 0 0 
0.2933 0 0 0 
0.294 0 0 0 
0.2947 0 0 0 
0.2954 0 0 0 
0.2961 0 0 0 
0.2968 0 0 0 
0.2975 0 0 0 
0.2982 0 0 0 
0.2989 0 0 0 
0.2996 0 0 0 
0.3003 0 0 0 
0.301 0 0 0 
0.3017 0 0 0 
0.3024 0 0 0 
0.3031 0 0 0 
0.3038 0 0 0 
0.3045 0 0 0 
0.3052 0 0 0 
0.3059 0 0 0 
0.3066 0 0 0 
0.3073 0 0 0 
0.308 0 0 0 
0.3087 0 0 0 
0.3094 0 0 0 
0.3101 0 0 0 
0.3108 0 0 0 
0.3115 0 0 0 
0.3122 0 0 0 
0.3129 0 0 0 
0.3136 0 0 0 
0.3143 0 0 0 
0.315 0 0 0 
0.3157 0 0 0 
0.3164 0 0 0 
0.3171 0 0 0 
0.3178 0 0 0 
0.3185 0 0 0 
0.3192 0 0 0 
0.3199 0 0 0 
0.3206 0 0 0 
0.3213 0 0 0 
0.322 0 0 0 
0.3227 0 0 0 
0.3234 0 0 0 
0.3241 0 0 0 
0.3248 0 0 0 
0.3255 0 0 0 
0.3262 0 0 0 
0.3269 0 0 0 
0.3276 0 0 0 
0.3283 0 0 0 
0.329 0 0 0 
0.3297 0 0 0 
0.3304 0 0 0 
0.3311 0 0 0 
0.3318 0 0 0 
0.3325 0 0 0 
0.3332 0 0 0 
0.3339 0 0 0 
0.3346 0 0 0 
0.3353 0 0 0 
0.336 0 0 0 
0.3367 0 0 0 
0.3374 0 0 0 
0.3381 0 0 0 
0.3388 0 0 0 
0.3395 0 0 0 
0.3402 0 0 0 
0.3409 0 0 0 
0.3416 0 0 0 
0.3423 0 0 0 
0.343 0 0 0 
0.3437 0 0 0 
0.3444 0 0 0 
0.3451 0 0 0 
0.3458 0 0 0 
0.3465 0 0 0 
0.3472 0 0 0 
0.3479 0 0 0 
0.3486 0 0 0 
0.3493 0 0 0 
0.35 0 0 0 
