# Format: McCode with text headers
# URL: http://www.mccode.org
# Creator: McStas 2.6rc1 - Oct. 12, 2019
# Instrument: FZJ_SANS_KWS2_AnySample.instr
# Ncount: 1000000
# Trace: no
# Gravitation: no
# Seed: 1570895202
# Directory: FZJ_SANS_KWS2_AnySample/2
# Param: lambda=7
# Param: dlambda=0.7
# Param: FLUX=1e+08
# Param: NGblen=0.05
# Param: sample=2
# Param: Clen=10
# Param: Dlen=10
# Date: Sat Oct 12 10:04:38 2019 (1570867478)
# type: array_1d(500)
# Source: SANS_KWS2_AnySample (FZJ_SANS_KWS2_AnySample.instr)
# component: detector2
# position: 0 0 60.01
# title: PSD monitor radial average
# Ncount: 1000000
# filename: PSDr_av.dat
# statistics: X0=0.244319; dX=0.0212388;
# signal: Min=0; Max=27129.8; Mean=3272.31;
# values: 1.63616e+06 28770.7 3259
# xvar: r
# yvar: (I,I_err)
# xlabel: Radius [m]
# ylabel: Intensity/m^2
# xlimits: 0.00035 0.35035
# variables: r I I_err N
0.0007 0 0 0 
0.0014 0 0 0 
0.0021 0 0 0 
0.0028 0 0 0 
0.0035 0 0 0 
0.0042 0 0 0 
0.0049 0 0 0 
0.0056 0 0 0 
0.0063 0 0 0 
0.007 0 0 0 
0.0077 0 0 0 
0.0084 0 0 0 
0.0091 0 0 0 
0.0098 0 0 0 
0.0105 0 0 0 
0.0112 0 0 0 
0.0119 0 0 0 
0.0126 0 0 0 
0.0133 0 0 0 
0.014 0 0 0 
0.0147 0 0 0 
0.0154 0 0 0 
0.0161 0 0 0 
0.0168 0 0 0 
0.0175 0 0 0 
0.0182 0 0 0 
0.0189 0 0 0 
0.0196 0 0 0 
0.0203 0 0 0 
0.021 0 0 0 
0.0217 0 0 0 
0.0224 0 0 0 
0.0231 0 0 0 
0.0238 0 0 0 
0.0245 0 0 0 
0.0252 0 0 0 
0.0259 0 0 0 
0.0266 0 0 0 
0.0273 0 0 0 
0.028 0 0 0 
0.0287 0 0 0 
0.0294 0 0 0 
0.0301 0 0 0 
0.0308 0 0 0 
0.0315 0 0 0 
0.0322 0 0 0 
0.0329 0 0 0 
0.0336 0 0 0 
0.0343 0 0 0 
0.035 0 0 0 
0.0357 0 0 0 
0.0364 0 0 0 
0.0371 0 0 0 
0.0378 0 0 0 
0.0385 0 0 0 
0.0392 0 0 0 
0.0399 0 0 0 
0.0406 0 0 0 
0.0413 0 0 0 
0.042 0 0 0 
0.0427 0 0 0 
0.0434 0 0 0 
0.0441 0 0 0 
0.0448 0 0 0 
0.0455 0 0 0 
0.0462 0 0 0 
0.0469 0 0 0 
0.0476 0 0 0 
0.0483 0 0 0 
0.049 0 0 0 
0.0497 0 0 0 
0.0504 0 0 0 
0.0511 0 0 0 
0.0518 0 0 0 
0.0525 0 0 0 
0.0532 0 0 0 
0.0539 0 0 0 
0.0546 0 0 0 
0.0553 0 0 0 
0.056 0 0 0 
0.0567 0 0 0 
0.0574 0 0 0 
0.0581 0 0 0 
0.0588 0 0 0 
0.0595 0 0 0 
0.0602 0 0 0 
0.0609 0 0 0 
0.0616 0 0 0 
0.0623 0 0 0 
0.063 0 0 0 
0.0637 0 0 0 
0.0644 0 0 0 
0.0651 0 0 0 
0.0658 0 0 0 
0.0665 0 0 0 
0.0672 0 0 0 
0.0679 0 0 0 
0.0686 0 0 0 
0.0693 0 0 0 
0.07 0 0 0 
0.0707 0 0 0 
0.0714 0 0 0 
0.0721 0 0 0 
0.0728 0 0 0 
0.0735 0 0 0 
0.0742 0 0 0 
0.0749 0 0 0 
0.0756 0 0 0 
0.0763 0 0 0 
0.077 0 0 0 
0.0777 0 0 0 
0.0784 0 0 0 
0.0791 0 0 0 
0.0798 0 0 0 
0.0805 0 0 0 
0.0812 0 0 0 
0.0819 0 0 0 
0.0826 0 0 0 
0.0833 0 0 0 
0.084 0 0 0 
0.0847 0 0 0 
0.0854 0 0 0 
0.0861 0 0 0 
0.0868 0 0 0 
0.0875 0 0 0 
0.0882 0 0 0 
0.0889 0 0 0 
0.0896 0 0 0 
0.0903 0 0 0 
0.091 0 0 0 
0.0917 0 0 0 
0.0924 0 0 0 
0.0931 0 0 0 
0.0938 0 0 0 
0.0945 0 0 0 
0.0952 0 0 0 
0.0959 0 0 0 
0.0966 0 0 0 
0.0973 0 0 0 
0.098 0 0 0 
0.0987 0 0 0 
0.0994 0 0 0 
0.1001 0 0 0 
0.1008 0 0 0 
0.1015 0 0 0 
0.1022 0 0 0 
0.1029 0 0 0 
0.1036 0 0 0 
0.1043 0 0 0 
0.105 0 0 0 
0.1057 0 0 0 
0.1064 0 0 0 
0.1071 0 0 0 
0.1078 0 0 0 
0.1085 0 0 0 
0.1092 0 0 0 
0.1099 0 0 0 
0.1106 0 0 0 
0.1113 0 0 0 
0.112 0 0 0 
0.1127 0 0 0 
0.1134 0 0 0 
0.1141 0 0 0 
0.1148 0 0 0 
0.1155 0 0 0 
0.1162 0 0 0 
0.1169 0 0 0 
0.1176 0 0 0 
0.1183 0 0 0 
0.119 0 0 0 
0.1197 0 0 0 
0.1204 0 0 0 
0.1211 0 0 0 
0.1218 0 0 0 
0.1225 0 0 0 
0.1232 0 0 0 
0.1239 0 0 0 
0.1246 0 0 0 
0.1253 0 0 0 
0.126 0 0 0 
0.1267 0 0 0 
0.1274 0 0 0 
0.1281 0 0 0 
0.1288 0 0 0 
0.1295 0 0 0 
0.1302 0 0 0 
0.1309 0 0 0 
0.1316 0 0 0 
0.1323 0 0 0 
0.133 0 0 0 
0.1337 0 0 0 
0.1344 0 0 0 
0.1351 0 0 0 
0.1358 0 0 0 
0.1365 0 0 0 
0.1372 0 0 0 
0.1379 0 0 0 
0.1386 0 0 0 
0.1393 0 0 0 
0.14 0 0 0 
0.1407 0 0 0 
0.1414 0 0 0 
0.1421 0 0 0 
0.1428 0 0 0 
0.1435 0 0 0 
0.1442 0 0 0 
0.1449 0 0 0 
0.1456 0 0 0 
0.1463 0 0 0 
0.147 0 0 0 
0.1477 0 0 0 
0.1484 0 0 0 
0.1491 0 0 0 
0.1498 0 0 0 
0.1505 0 0 0 
0.1512 0 0 0 
0.1519 0 0 0 
0.1526 0 0 0 
0.1533 0 0 0 
0.154 0 0 0 
0.1547 0 0 0 
0.1554 0 0 0 
0.1561 0 0 0 
0.1568 0 0 0 
0.1575 0 0 0 
0.1582 0 0 0 
0.1589 0 0 0 
0.1596 0 0 0 
0.1603 0 0 0 
0.161 0 0 0 
0.1617 0 0 0 
0.1624 0 0 0 
0.1631 0 0 0 
0.1638 0 0 0 
0.1645 0 0 0 
0.1652 0 0 0 
0.1659 0 0 0 
0.1666 0 0 0 
0.1673 0 0 0 
0.168 0 0 0 
0.1687 0 0 0 
0.1694 0 0 0 
0.1701 0 0 0 
0.1708 0 0 0 
0.1715 0 0 0 
0.1722 0 0 0 
0.1729 0 0 0 
0.1736 0 0 0 
0.1743 0 0 0 
0.175 0 0 0 
0.1757 0 0 0 
0.1764 0 0 0 
0.1771 0 0 0 
0.1778 0 0 0 
0.1785 0 0 0 
0.1792 0 0 0 
0.1799 0 0 0 
0.1806 0 0 0 
0.1813 0 0 0 
0.182 0 0 0 
0.1827 658.2668065 658.2668065 1 
0.1834 0 0 0 
0.1841 0 0 0 
0.1848 0 0 0 
0.1855 0 0 0 
0.1862 0 0 0 
0.1869 0 0 0 
0.1876 0 0 0 
0.1883 0 0 0 
0.189 0 0 0 
0.1897 640.3426885 640.3426885 1 
0.1904 0 0 0 
0.1911 0 0 0 
0.1918 626.9833093 626.9833093 1 
0.1925 0 0 0 
0.1932 628.7191598 628.7191598 1 
0.1939 1259.216688 890.4231811 2 
0.1946 1242.133567 878.3432737 2 
0.1953 2469.122548 1234.576962 4 
0.196 3111.139204 1391.364881 5 
0.1967 1241.26958 877.7323245 2 
0.1974 3679.671145 1502.27032 6 
0.1981 1238.678871 875.8782294 2 
0.1988 604.8649163 604.8649163 1 
0.1995 3659.210472 1493.909125 6 
0.2002 2414.654744 1207.347743 4 
0.2009 3029.14209 1354.756404 5 
0.2016 1807.441952 1043.527098 3 
0.2023 1212.911203 857.6577363 2 
0.203 2387.276297 1193.653183 4 
0.2037 3601.653307 1470.38855 6 
0.2044 2983.073867 1334.091481 5 
0.2051 1770.61571 1022.282634 3 
0.2058 1758.676918 1015.389751 3 
0.2065 9493.999985 2373.577647 16 
0.2072 5891.431882 1863.102365 10 
0.2079 9412.31999 2353.186712 16 
0.2086 6428.159179 1938.226727 11 
0.2093 13422.96844 2798.99572 23 
0.21 8710.22934 2249.016904 15 
0.2107 9275.475991 2319.00919 16 
0.2114 6952.451774 2007.125906 12 
0.2121 7531.061935 2088.843382 13 
0.2128 9206.865574 2301.843508 16 
0.2135 10291.10238 2425.711629 18 
0.2142 8556.478701 2209.349923 15 
0.2149 7957.821597 2126.927889 14 
0.2156 7937.648216 2121.535033 14 
0.2163 6232.948532 1879.332336 11 
0.217 9650.489192 2340.676794 17 
0.2177 10103.74994 2381.60636 18 
0.2184 10632.92561 2439.472952 19 
0.2191 8930.57588 2232.790798 16 
0.2198 10610.10193 2434.280598 19 
0.2205 12228.52929 2607.267611 22 
0.2212 10553.83512 2421.327476 19 
0.2219 9403.595325 2280.786087 17 
0.2226 10988.90393 2457.378132 20 
0.2233 13223.21535 2699.26622 24 
0.224 14211.18708 2787.178731 26 
0.2247 12578.44782 2622.916353 23 
0.2254 15777.13527 2929.841154 29 
0.2261 11979.63123 2554.158532 22 
0.2268 12986.19443 2650.894933 24 
0.2275 15653.0192 2906.801411 29 
0.2282 16121.09963 2943.455329 30 
0.2289 20916.27713 3349.439268 39 
0.2296 25190.97087 3674.626612 47 
0.2303 22941.32263 3498.746175 43 
0.231 18119.25748 3107.634212 34 
0.2317 20160.06409 3270.493672 38 
0.2324 19587.67166 3220.337112 37 
0.2331 14166.12992 2726.441431 27 
0.2338 17355.74043 3021.37995 33 
0.2345 16759.64907 2962.838007 32 
0.2352 24048.27508 3545.948996 46 
0.2359 18262.12447 3087.036103 35 
0.2366 20794.55717 3288.027383 40 
0.2373 21255.66791 3319.764071 41 
0.238 24331.87363 3549.32232 47 
0.2387 18976.87809 3119.918026 37 
0.2394 19977.04638 3199.052471 39 
0.2401 23525.45534 3468.788933 46 
0.2408 21923.84383 3343.522287 43 
0.2415 17268.36338 2961.599968 34 
0.2422 21847.87359 3331.919376 43 
0.2429 16673.82822 2902.622843 33 
0.2436 13559.53799 2609.662152 27 
0.2443 21569.1707 3289.472509 43 
0.245 24506.10276 3501.065772 49 
0.2457 14986.38119 2736.287923 30 
0.2464 26915.48423 3662.908467 54 
0.2471 26347.65882 3619.286433 53 
0.2478 21343.42167 3254.985053 43 
0.2485 17768.70009 2961.603494 36 
0.2492 27129.8354 3658.389276 55 
0.2499 25105.08885 3515.574207 51 
0.2506 19572.4246 3094.836763 40 
0.2513 20034.93065 3129.026548 41 
0.252 16582.33392 2843.97507 34 
0.2527 19443.54107 3074.426036 40 
0.2534 16959.91907 2866.866461 35 
0.2541 14943.95122 2684.191151 31 
0.2548 15889.39068 2766.105409 33 
0.2555 16335.74544 2801.722657 34 
0.2562 17741.09422 2916.687553 37 
0.2569 10994.78627 2292.658721 23 
0.2576 21511.66916 3206.9571 45 
0.2583 13798.31424 2562.369399 29 
0.259 15683.77253 2730.296157 33 
0.2597 14697.01983 2639.774872 31 
0.2604 9895.778566 2159.61624 21 
0.2611 15049.74272 2660.519864 32 
0.2618 15454.74075 2690.472748 33 
0.2625 14039.94194 2563.456166 30 
0.2632 13541.35838 2514.70697 29 
0.2639 15810.52546 2711.665056 34 
0.2646 14864.64901 2627.841001 32 
0.2653 8792.426685 2017.188044 19 
0.266 9747.327739 2127.141355 21 
0.2667 16996.00353 2794.289259 37 
0.2674 8741.865153 2005.612221 19 
0.2681 10049.94419 2142.761189 22 
0.2688 10931.86455 2231.611168 24 
0.2695 10498.60851 2189.236379 23 
0.2702 11356.37573 2271.426938 25 
0.2709 13110.3475 2434.650354 29 
0.2716 9008.149799 2014.389926 20 
0.2723 9021.230288 2017.329061 20 
0.273 7645.938849 1854.540102 17 
0.2737 9400.477537 2051.454677 21 
0.2744 8482.528971 1946.101435 19 
0.2751 8478.89681 1945.27874 19 
0.2758 5326.853319 1537.784396 12 
0.2765 10205.67583 2128.151574 23 
0.2772 5291.051897 1527.455911 12 
0.2779 8380.072241 1922.611371 19 
0.2786 4406.313733 1393.500399 10 
0.2793 9664.152902 2060.517765 22 
0.28 6100.708751 1630.505188 14 
0.2807 5220.713434 1507.179599 12 
0.2814 5669.556091 1572.484526 13 
0.2821 7802.834452 1839.19845 18 
0.2828 7323.898002 1776.37313 17 
0.2835 6449.265576 1665.239028 15 
0.2842 2140.151887 957.1388044 5 
0.2849 5556.710453 1541.198359 13 
0.2856 3847.085572 1282.395769 9 
0.2863 2544.171006 1038.674478 6 
0.287 2542.230135 1037.890779 6 
0.2877 421.9533735 421.9533735 1 
0.2884 2959.273353 1118.516373 7 
0.2891 1683.885128 841.9532641 4 
0.2898 2928.114127 1106.749781 7 
0.2905 2102.128833 940.1388653 5 
0.2912 1663.340758 831.6808374 4 
0.2919 2087.788984 933.7018052 5 
0.2926 414.8819255 414.8819255 1 
0.2933 3302.919374 1167.804901 8 
0.294 2894.52781 1094.054978 7 
0.2947 2063.76512 922.9532065 5 
0.2954 2058.911187 920.8055785 5 
0.2961 2865.771902 1083.204394 7 
0.2968 1222.954103 706.120771 3 
0.2975 811.9947144 574.1814953 2 
0.2982 814.200626 575.7849606 2 
0.2989 406.1251277 406.1251277 1 
0.2996 401.1222833 401.1222833 1 
0.3003 404.2297771 404.2297771 1 
0.301 798.5037139 564.6273909 2 
0.3017 1199.006043 692.2581532 3 
0.3024 401.4196923 401.4196923 1 
0.3031 396.485031 396.485031 1 
0.3038 0 0 0 
0.3045 0 0 0 
0.3052 0 0 0 
0.3059 0 0 0 
0.3066 0 0 0 
0.3073 0 0 0 
0.308 0 0 0 
0.3087 0 0 0 
0.3094 0 0 0 
0.3101 0 0 0 
0.3108 0 0 0 
0.3115 0 0 0 
0.3122 0 0 0 
0.3129 0 0 0 
0.3136 0 0 0 
0.3143 0 0 0 
0.315 0 0 0 
0.3157 0 0 0 
0.3164 0 0 0 
0.3171 0 0 0 
0.3178 0 0 0 
0.3185 0 0 0 
0.3192 0 0 0 
0.3199 0 0 0 
0.3206 0 0 0 
0.3213 0 0 0 
0.322 0 0 0 
0.3227 0 0 0 
0.3234 0 0 0 
0.3241 0 0 0 
0.3248 0 0 0 
0.3255 0 0 0 
0.3262 0 0 0 
0.3269 0 0 0 
0.3276 0 0 0 
0.3283 0 0 0 
0.329 0 0 0 
0.3297 0 0 0 
0.3304 0 0 0 
0.3311 0 0 0 
0.3318 0 0 0 
0.3325 0 0 0 
0.3332 0 0 0 
0.3339 0 0 0 
0.3346 0 0 0 
0.3353 0 0 0 
0.336 0 0 0 
0.3367 0 0 0 
0.3374 0 0 0 
0.3381 0 0 0 
0.3388 0 0 0 
0.3395 0 0 0 
0.3402 0 0 0 
0.3409 0 0 0 
0.3416 0 0 0 
0.3423 0 0 0 
0.343 0 0 0 
0.3437 0 0 0 
0.3444 0 0 0 
0.3451 0 0 0 
0.3458 0 0 0 
0.3465 0 0 0 
0.3472 0 0 0 
0.3479 0 0 0 
0.3486 0 0 0 
0.3493 0 0 0 
0.35 0 0 0 
