# Format: McCode with text headers
# URL: http://www.mccode.org
# Creator: McStas 2.6rc1 - Oct. 12, 2019
# Instrument: FZJ_SANS_KWS2_AnySample.instr
# Ncount: 1000000
# Trace: no
# Gravitation: no
# Seed: 1570895202
# Directory: FZJ_SANS_KWS2_AnySample/2
# Param: lambda=7
# Param: dlambda=0.7
# Param: FLUX=1e+08
# Param: NGblen=0.05
# Param: sample=2
# Param: Clen=10
# Param: Dlen=10
# Date: Sat Oct 12 10:04:38 2019 (1570867478)
# type: array_1d(500)
# Source: SANS_KWS2_AnySample (FZJ_SANS_KWS2_AnySample.instr)
# component: detector2
# position: 0 0 60.01
# title: PSD monitor radial sum
# Ncount: 1000000
# filename: PSDr.dat
# statistics: X0=0.246168; dX=0.0212453;
# signal: Min=0; Max=29.6936; Mean=3.5113;
# values: 1755.65 30.7551 3259
# xvar: r
# yvar: (I,I_err)
# xlabel: Radius [m]
# ylabel: Intensity
# xlimits: 0.00035 0.35035
# variables: r I I_err N
0.0007 0 0 0 
0.0014 0 0 0 
0.0021 0 0 0 
0.0028 0 0 0 
0.0035 0 0 0 
0.0042 0 0 0 
0.0049 0 0 0 
0.0056 0 0 0 
0.0063 0 0 0 
0.007 0 0 0 
0.0077 0 0 0 
0.0084 0 0 0 
0.0091 0 0 0 
0.0098 0 0 0 
0.0105 0 0 0 
0.0112 0 0 0 
0.0119 0 0 0 
0.0126 0 0 0 
0.0133 0 0 0 
0.014 0 0 0 
0.0147 0 0 0 
0.0154 0 0 0 
0.0161 0 0 0 
0.0168 0 0 0 
0.0175 0 0 0 
0.0182 0 0 0 
0.0189 0 0 0 
0.0196 0 0 0 
0.0203 0 0 0 
0.021 0 0 0 
0.0217 0 0 0 
0.0224 0 0 0 
0.0231 0 0 0 
0.0238 0 0 0 
0.0245 0 0 0 
0.0252 0 0 0 
0.0259 0 0 0 
0.0266 0 0 0 
0.0273 0 0 0 
0.028 0 0 0 
0.0287 0 0 0 
0.0294 0 0 0 
0.0301 0 0 0 
0.0308 0 0 0 
0.0315 0 0 0 
0.0322 0 0 0 
0.0329 0 0 0 
0.0336 0 0 0 
0.0343 0 0 0 
0.035 0 0 0 
0.0357 0 0 0 
0.0364 0 0 0 
0.0371 0 0 0 
0.0378 0 0 0 
0.0385 0 0 0 
0.0392 0 0 0 
0.0399 0 0 0 
0.0406 0 0 0 
0.0413 0 0 0 
0.042 0 0 0 
0.0427 0 0 0 
0.0434 0 0 0 
0.0441 0 0 0 
0.0448 0 0 0 
0.0455 0 0 0 
0.0462 0 0 0 
0.0469 0 0 0 
0.0476 0 0 0 
0.0483 0 0 0 
0.049 0 0 0 
0.0497 0 0 0 
0.0504 0 0 0 
0.0511 0 0 0 
0.0518 0 0 0 
0.0525 0 0 0 
0.0532 0 0 0 
0.0539 0 0 0 
0.0546 0 0 0 
0.0553 0 0 0 
0.056 0 0 0 
0.0567 0 0 0 
0.0574 0 0 0 
0.0581 0 0 0 
0.0588 0 0 0 
0.0595 0 0 0 
0.0602 0 0 0 
0.0609 0 0 0 
0.0616 0 0 0 
0.0623 0 0 0 
0.063 0 0 0 
0.0637 0 0 0 
0.0644 0 0 0 
0.0651 0 0 0 
0.0658 0 0 0 
0.0665 0 0 0 
0.0672 0 0 0 
0.0679 0 0 0 
0.0686 0 0 0 
0.0693 0 0 0 
0.07 0 0 0 
0.0707 0 0 0 
0.0714 0 0 0 
0.0721 0 0 0 
0.0728 0 0 0 
0.0735 0 0 0 
0.0742 0 0 0 
0.0749 0 0 0 
0.0756 0 0 0 
0.0763 0 0 0 
0.077 0 0 0 
0.0777 0 0 0 
0.0784 0 0 0 
0.0791 0 0 0 
0.0798 0 0 0 
0.0805 0 0 0 
0.0812 0 0 0 
0.0819 0 0 0 
0.0826 0 0 0 
0.0833 0 0 0 
0.084 0 0 0 
0.0847 0 0 0 
0.0854 0 0 0 
0.0861 0 0 0 
0.0868 0 0 0 
0.0875 0 0 0 
0.0882 0 0 0 
0.0889 0 0 0 
0.0896 0 0 0 
0.0903 0 0 0 
0.091 0 0 0 
0.0917 0 0 0 
0.0924 0 0 0 
0.0931 0 0 0 
0.0938 0 0 0 
0.0945 0 0 0 
0.0952 0 0 0 
0.0959 0 0 0 
0.0966 0 0 0 
0.0973 0 0 0 
0.098 0 0 0 
0.0987 0 0 0 
0.0994 0 0 0 
0.1001 0 0 0 
0.1008 0 0 0 
0.1015 0 0 0 
0.1022 0 0 0 
0.1029 0 0 0 
0.1036 0 0 0 
0.1043 0 0 0 
0.105 0 0 0 
0.1057 0 0 0 
0.1064 0 0 0 
0.1071 0 0 0 
0.1078 0 0 0 
0.1085 0 0 0 
0.1092 0 0 0 
0.1099 0 0 0 
0.1106 0 0 0 
0.1113 0 0 0 
0.112 0 0 0 
0.1127 0 0 0 
0.1134 0 0 0 
0.1141 0 0 0 
0.1148 0 0 0 
0.1155 0 0 0 
0.1162 0 0 0 
0.1169 0 0 0 
0.1176 0 0 0 
0.1183 0 0 0 
0.119 0 0 0 
0.1197 0 0 0 
0.1204 0 0 0 
0.1211 0 0 0 
0.1218 0 0 0 
0.1225 0 0 0 
0.1232 0 0 0 
0.1239 0 0 0 
0.1246 0 0 0 
0.1253 0 0 0 
0.126 0 0 0 
0.1267 0 0 0 
0.1274 0 0 0 
0.1281 0 0 0 
0.1288 0 0 0 
0.1295 0 0 0 
0.1302 0 0 0 
0.1309 0 0 0 
0.1316 0 0 0 
0.1323 0 0 0 
0.133 0 0 0 
0.1337 0 0 0 
0.1344 0 0 0 
0.1351 0 0 0 
0.1358 0 0 0 
0.1365 0 0 0 
0.1372 0 0 0 
0.1379 0 0 0 
0.1386 0 0 0 
0.1393 0 0 0 
0.14 0 0 0 
0.1407 0 0 0 
0.1414 0 0 0 
0.1421 0 0 0 
0.1428 0 0 0 
0.1435 0 0 0 
0.1442 0 0 0 
0.1449 0 0 0 
0.1456 0 0 0 
0.1463 0 0 0 
0.147 0 0 0 
0.1477 0 0 0 
0.1484 0 0 0 
0.1491 0 0 0 
0.1498 0 0 0 
0.1505 0 0 0 
0.1512 0 0 0 
0.1519 0 0 0 
0.1526 0 0 0 
0.1533 0 0 0 
0.154 0 0 0 
0.1547 0 0 0 
0.1554 0 0 0 
0.1561 0 0 0 
0.1568 0 0 0 
0.1575 0 0 0 
0.1582 0 0 0 
0.1589 0 0 0 
0.1596 0 0 0 
0.1603 0 0 0 
0.161 0 0 0 
0.1617 0 0 0 
0.1624 0 0 0 
0.1631 0 0 0 
0.1638 0 0 0 
0.1645 0 0 0 
0.1652 0 0 0 
0.1659 0 0 0 
0.1666 0 0 0 
0.1673 0 0 0 
0.168 0 0 0 
0.1687 0 0 0 
0.1694 0 0 0 
0.1701 0 0 0 
0.1708 0 0 0 
0.1715 0 0 0 
0.1722 0 0 0 
0.1729 0 0 0 
0.1736 0 0 0 
0.1743 0 0 0 
0.175 0 0 0 
0.1757 0 0 0 
0.1764 0 0 0 
0.1771 0 0 0 
0.1778 0 0 0 
0.1785 0 0 0 
0.1792 0 0 0 
0.1799 0 0 0 
0.1806 0 0 0 
0.1813 0 0 0 
0.182 0 0 0 
0.1827 0.5279412934 0.5279412934 1 
0.1834 0 0 0 
0.1841 0 0 0 
0.1848 0 0 0 
0.1855 0 0 0 
0.1862 0 0 0 
0.1869 0 0 0 
0.1876 0 0 0 
0.1883 0 0 0 
0.189 0 0 0 
0.1897 0.5332804624 0.5332804624 1 
0.1904 0 0 0 
0.1911 0 0 0 
0.1918 0.5279457022 0.5279457022 1 
0.1925 0 0 0 
0.1932 0.5332787114 0.5332787114 1 
0.1939 1.07194266 0.7579970961 2 
0.1946 1.061224418 0.7504179532 2 
0.1953 2.117111803 1.058569353 4 
0.196 2.677177733 1.197288464 5 
0.1967 1.071950982 0.7580029687 2 
0.1974 3.189064879 1.301974369 6 
0.1981 1.077340857 0.7617950254 2 
0.1988 0.5279434507 0.5279434507 1 
0.1995 3.205129706 1.308526129 6 
0.2002 2.122448218 1.061242015 4 
0.2009 2.671900125 1.194983166 5 
0.2016 1.599845912 0.9236714677 3 
0.2023 1.07733501 0.761790891 2 
0.203 2.127782352 1.063904576 4 
0.2037 3.22124673 1.31508613 6 
0.2044 2.677185813 1.197292104 5 
0.2051 1.594505905 0.9206038827 3 
0.2058 1.58916912 0.9175227249 3 
0.2065 8.608162846 2.152111117 16 
0.2072 5.359870468 1.695001749 10 
0.2079 8.592060561 2.148112555 16 
0.2086 5.887752439 1.775282599 11 
0.2093 12.33584355 2.572305333 23 
0.21 8.031605441 2.073793432 15 
0.2107 8.581370052 2.145472214 16 
0.2114 6.453588201 1.863107359 12 
0.2121 7.013867327 1.94539236 13 
0.2128 8.602931126 2.150851558 16 
0.2135 9.64773007 2.274062599 18 
0.2142 8.047893796 2.078029311 15 
0.2149 7.509320247 2.007054627 14 
0.2156 7.514721954 2.00849741 14 
0.2163 5.920040223 1.784985543 11 
0.217 9.195724054 2.230375836 17 
0.2177 9.658732579 2.276709052 18 
0.2184 10.19733706 2.339537477 19 
0.2191 8.59222092 2.148196495 16 
0.2198 10.24078031 2.349546969 19 
0.2205 11.84052138 2.524539719 22 
0.2212 10.25145753 2.351954101 19 
0.2219 9.163124642 2.222461354 17 
0.2226 10.74172561 2.40210323 20 
0.2233 12.96649079 2.646860817 24 
0.224 13.9790342 2.741647591 26 
0.2247 12.41169329 2.588143922 23 
0.2254 15.61654924 2.900020052 29 
0.2261 11.89458014 2.536024921 22 
0.2268 12.93397848 2.640236 24 
0.2275 15.63827217 2.904062855 29 
0.2282 16.15554463 2.949744435 30 
0.2289 21.02536391 3.366907939 39 
0.2296 25.39990887 3.705104561 47 
0.2303 23.20223252 3.538537145 43 
0.231 18.38111126 3.152544759 34 
0.2317 20.51347897 3.32782688 38 
0.2324 19.99135801 3.286705701 37 
0.2331 14.50169673 2.791025283 27 
0.2338 17.8202968 3.102252402 33 
0.2345 17.25984897 3.051265353 32 
0.2352 24.84004647 3.662696702 46 
0.2359 18.91961591 3.198178693 35 
0.2366 21.60724527 3.416529313 40 
0.2373 22.15181815 3.459727087 41 
0.238 25.43263036 3.709891148 47 
0.2387 19.89380389 3.270666389 37 
0.2394 21.0038029 3.363473574 39 
0.2401 24.80701803 3.657753202 46 
0.2408 23.18565608 3.535956489 43 
0.2415 18.31539771 3.141170943 34 
0.2422 23.23984218 3.544202145 43 
0.2429 17.7874835 3.096490814 33 
0.2436 14.50693448 2.791997624 27 
0.2443 23.14260157 3.529433407 43 
0.245 26.36922578 3.767240949 49 
0.2457 16.17188877 2.952743787 30 
0.2464 29.12751773 3.96394248 54 
0.2471 28.59414405 3.927878311 53 
0.2478 23.22894101 3.542536757 43 
0.2485 19.39312716 3.23235537 36 
0.2492 29.69359032 4.004105104 55 
0.2499 27.55479887 3.858617699 51 
0.2506 21.54252587 3.406353704 40 
0.2513 22.11326914 3.453618454 41 
0.252 18.35356775 3.147752867 34 
0.2527 21.58025536 3.412284762 40 
0.2534 18.87591554 3.190742183 35 
0.2541 16.67820856 2.995693655 31 
0.2548 17.78228665 3.095630304 33 
0.2555 18.33210931 3.144116453 34 
0.2562 19.96382397 3.282110798 37 
0.2569 12.40614117 2.586957768 23 
0.2576 24.33926179 3.628494275 45 
0.2583 15.65450976 2.907067927 29 
0.259 17.84189281 3.105990685 33 
0.2597 16.76460946 3.011140715 31 
0.2604 11.3183921 2.470081888 21 
0.2611 17.25962284 3.051186339 32 
0.2618 17.77167157 3.093820779 33 
0.2625 16.18799577 2.9556545 30 
0.2632 15.65482157 2.907189057 29 
0.2639 18.326825 3.143235882 34 
0.2646 17.27617375 3.054161433 32 
0.2653 10.24591121 2.350651342 19 
0.266 11.38867757 2.4853301 21 
0.2667 19.9102825 3.273421803 37 
0.2674 10.26773363 2.35568631 19 
0.2681 11.83507564 2.523371301 22 
0.2688 12.90730458 2.634873944 24 
0.2695 12.42807982 2.591581964 23 
0.2702 13.47845409 2.695870974 25 
0.2709 15.60054066 2.897090397 29 
0.2716 10.74690116 2.403207088 20 
0.2723 10.79028066 2.412924407 20 
0.273 9.168836548 2.223922451 17 
0.2737 11.30178139 2.466373885 21 
0.2744 10.22428781 2.345703888 19 
0.2751 10.24601434 2.350701313 19 
0.2758 6.453442179 1.863014071 12 
0.2765 12.39551929 2.584791474 23 
0.2772 6.442648795 1.859906533 12 
0.2779 10.22979434 2.346986798 19 
0.2786 5.392479433 1.705376125 10 
0.2793 11.85681563 2.528020767 22 
0.28 7.503657871 2.005464216 14 
0.2807 6.437367812 1.85841831 12 
0.2814 7.00826563 1.943783442 13 
0.2821 9.669281989 2.279136968 18 
0.2828 9.098331886 2.206752782 17 
0.2835 8.031649277 2.073819984 15 
0.2842 2.671845881 1.194927981 5 
0.2849 6.954313514 1.928834815 13 
0.2856 4.826534424 1.608887353 9 
0.2863 3.199737184 1.306313665 6 
0.287 3.205123119 1.308523444 6 
0.2877 0.5332778842 0.5332778842 1 
0.2884 3.749133209 1.417059655 7 
0.2891 2.138515305 1.069271241 4 
0.2898 3.727687198 1.408967277 7 
0.2905 2.682624041 1.199754783 5 
0.2912 2.127787269 1.063907013 4 
0.2919 2.677179902 1.197289441 5 
0.2926 0.5332820223 0.5332820223 1 
0.2933 4.255684105 1.504671531 8 
0.294 3.738398899 1.413015937 7 
0.2947 2.671789364 1.19487268 5 
0.2954 2.671844265 1.194927261 5 
0.2961 3.727728568 1.409006753 7 
0.2968 1.594555066 0.9206792384 3 
0.2975 1.061223467 0.7504172953 2 
0.2982 1.066613177 0.7542856227 2 
0.2989 0.5332794456 0.5332794456 1 
0.2996 0.5279452128 0.5279452128 1 
0.3003 0.5332797305 0.5332797305 1 
0.301 1.05588363 0.7466224752 2 
0.3017 1.589170433 0.917523473 3 
0.3024 0.5332801545 0.5332801545 1 
0.3031 0.5279452121 0.5279452121 1 
0.3038 0 0 0 
0.3045 0 0 0 
0.3052 0 0 0 
0.3059 0 0 0 
0.3066 0 0 0 
0.3073 0 0 0 
0.308 0 0 0 
0.3087 0 0 0 
0.3094 0 0 0 
0.3101 0 0 0 
0.3108 0 0 0 
0.3115 0 0 0 
0.3122 0 0 0 
0.3129 0 0 0 
0.3136 0 0 0 
0.3143 0 0 0 
0.315 0 0 0 
0.3157 0 0 0 
0.3164 0 0 0 
0.3171 0 0 0 
0.3178 0 0 0 
0.3185 0 0 0 
0.3192 0 0 0 
0.3199 0 0 0 
0.3206 0 0 0 
0.3213 0 0 0 
0.322 0 0 0 
0.3227 0 0 0 
0.3234 0 0 0 
0.3241 0 0 0 
0.3248 0 0 0 
0.3255 0 0 0 
0.3262 0 0 0 
0.3269 0 0 0 
0.3276 0 0 0 
0.3283 0 0 0 
0.329 0 0 0 
0.3297 0 0 0 
0.3304 0 0 0 
0.3311 0 0 0 
0.3318 0 0 0 
0.3325 0 0 0 
0.3332 0 0 0 
0.3339 0 0 0 
0.3346 0 0 0 
0.3353 0 0 0 
0.336 0 0 0 
0.3367 0 0 0 
0.3374 0 0 0 
0.3381 0 0 0 
0.3388 0 0 0 
0.3395 0 0 0 
0.3402 0 0 0 
0.3409 0 0 0 
0.3416 0 0 0 
0.3423 0 0 0 
0.343 0 0 0 
0.3437 0 0 0 
0.3444 0 0 0 
0.3451 0 0 0 
0.3458 0 0 0 
0.3465 0 0 0 
0.3472 0 0 0 
0.3479 0 0 0 
0.3486 0 0 0 
0.3493 0 0 0 
0.35 0 0 0 
