# Format: McCode with text headers
# URL: http://www.mccode.org
# Creator: McStas 2.5 - Feb. 24, 2020
# Instrument: /zhome/89/0/38697/once/McStas-2.5_CPU_MPICC/templateSANS2/templateSANS2.instr
# Ncount: 1000000
# Trace: no
# Gravitation: no
# Seed: 1582694770
# Directory: 1
# Nodes: 10
# Param: lambda=6
# Param: dlambda=0.05
# Param: r=150
# Param: PHI=0.001
# Param: Delta_Rho=6e+10
# Param: frac_dir=0.03
# Param: frac_inc=0.01
# Date: Tue Feb 25 22:19:23 2020 (1582665563)
# type: array_1d(100)
# Source: templateSANS2 (/zhome/89/0/38697/once/McStas-2.5_CPU_MPICC/templateSANS2/templateSANS2.instr)
# component: PSDrad_full
# position: 0 0 9.22
# title: PSD monitor radial sum
# Ncount: 10000000
# filename: psd2_full.dat
# statistics: X0=0.00920045; dX=0.00435173;
# signal: Min=6.54399e-05; Max=21.2602; Mean=0.666408;
# values: 66.6408 0.0866997 1.38832e+07
# xvar: r
# yvar: (I,I_err)
# xlabel: Radius [m]
# ylabel: Intensity
# xlimits: 0.0015 0.3015
# variables: r I I_err N
0.003 5.578449832 0.02511997995 606214 
0.006 16.51694755 0.04322419544 1733211 
0.009 21.26017233 0.04903813426 2280767 
0.012 16.51886949 0.04322167118 1962532 
0.015 6.450076822 0.02699601212 1139498 
0.018 0.149886423 0.003980704584 533640 
0.021 0.01090924272 2.056732765e-05 374051 
0.024 0.01175042133 2.33641447e-05 300265 
0.027 0.0123150603 2.571620867e-05 254521 
0.03 0.01254202121 2.751715096e-05 221003 
0.033 0.0125654191 2.879980066e-05 197003 
0.036 0.0122464362 2.936737795e-05 176897 
0.039 0.01173676603 2.934854771e-05 161103 
0.042 0.01102805355 2.871826779e-05 147988 
0.045 0.01021766134 2.75962147e-05 137776 
0.048 0.009149285443 2.580133389e-05 127155 
0.051 0.008107538384 2.375078165e-05 119101 
0.054 0.007016219906 2.137592512e-05 111964 
0.057 0.005928446424 1.880152035e-05 105612 
0.06 0.004905280502 1.621427959e-05 99977 
0.063 0.003935401481 1.359984254e-05 95063 
0.066 0.003070051783 1.111618524e-05 90808 
0.069 0.002292356807 8.789641849e-06 86435 
0.072 0.001651892419 6.740261557e-06 82495 
0.075 0.001125984628 4.953702288e-06 79139 
0.078 0.0007314253706 3.50813752e-06 75730 
0.081 0.0004464180641 2.350868262e-06 72929 
0.084 0.0002622420366 1.483670262e-06 70406 
0.087 0.000163951877 9.186544699e-07 68236 
0.09 0.0001345603307 7.082557193e-07 65384 
0.093 0.0001588986315 8.453660099e-07 63498 
0.096 0.0002170777906 1.124864945e-06 61238 
0.099 0.0002947590037 1.442570223e-06 59456 
0.102 0.0003756821335 1.756723444e-06 57430 
0.105 0.0004505999349 2.040505784e-06 55767 
0.108 0.0005130263103 2.281731235e-06 54350 
0.111 0.0005479963413 2.437838801e-06 52291 
0.114 0.0005691916106 2.53333513e-06 51215 
0.117 0.0005635197507 2.535020883e-06 49873 
0.12 0.0005316420865 2.443094738e-06 48121 
0.123 0.0004949751681 2.307109569e-06 47604 
0.126 0.0004381553527 2.095200613e-06 46551 
0.129 0.0003688324961 1.829468056e-06 44928 
0.132 0.0003061542707 1.564551851e-06 44493 
0.135 0.0002404563006 1.283288798e-06 43257 
0.138 0.0001831033751 1.015610031e-06 42542 
0.141 0.0001353673035 7.774809485e-07 41653 
0.144 9.905448778e-05 5.783531946e-07 40533 
0.147 7.537149689e-05 4.305873012e-07 39502 
0.15 6.543985638e-05 3.603617628e-07 38713 
0.153 6.641528663e-05 3.723700202e-07 37767 
0.156 7.726200261e-05 4.447943144e-07 37482 
0.159 9.334197153e-05 5.451292773e-07 36392 
0.162 0.0001139882028 6.583939372e-07 35829 
0.165 0.0001345791173 7.696885976e-07 34733 
0.168 0.0001568531887 8.795648855e-07 34514 
0.171 0.0001746360867 9.700241134e-07 33966 
0.174 0.0001858374379 1.031001674e-06 33272 
0.177 0.0001910438693 1.064998405e-06 32508 
0.18 0.0001919199303 1.073672457e-06 32150 
0.183 0.0001853582602 1.049283058e-06 31506 
0.186 0.0001739961311 9.986164986e-07 30970 
0.189 0.0001601297775 9.303825184e-07 30676 
0.192 0.0001429052229 8.448808706e-07 30161 
0.195 0.0001249283813 7.511435286e-07 29622 
0.198 0.0001086867259 6.587857301e-07 29486 
0.201 9.187176874e-05 5.64678588e-07 28685 
0.204 7.960635091e-05 4.905498739e-07 28125 
0.207 7.171603097e-05 4.38696512e-07 27847 
0.21 6.766090448e-05 4.115879891e-07 27639 
0.213 6.664138025e-05 4.111735525e-07 26927 
0.216 6.9854681e-05 4.376390515e-07 26567 
0.219 7.61852508e-05 4.833956267e-07 26283 
0.222 8.317110459e-05 5.357438033e-07 25603 
0.225 9.35699407e-05 6.000405592e-07 25659 
0.228 0.0001023356592 6.590563363e-07 25133 
0.231 0.0001118375998 7.158124041e-07 25132 
0.234 0.0001178567138 7.573119638e-07 24649 
0.237 0.0001225907355 7.888042574e-07 24375 
0.24 0.0001241280611 8.037779694e-07 23946 
0.243 0.0001232927047 8.041916854e-07 23563 
0.246 0.0001217953716 7.961602239e-07 23490 
0.249 0.0001162303865 7.685006109e-07 23035 
0.252 0.0001094879817 7.321126836e-07 22610 
0.255 0.0001035132023 6.945843041e-07 22528 
0.258 9.759252239e-05 6.56973953e-07 22414 
0.261 9.123480319e-05 6.17335666e-07 22150 
0.264 8.664998203e-05 5.854925783e-07 22129 
0.267 8.136082291e-05 5.560732109e-07 21535 
0.27 7.932678661e-05 5.444656885e-07 21304 
0.273 7.812701292e-05 5.424636214e-07 20839 
0.276 8.02857809e-05 5.58843022e-07 20820 
0.279 8.245780134e-05 5.806055829e-07 20445 
0.282 8.794201017e-05 6.184342723e-07 20567 
0.285 9.23699187e-05 6.546000809e-07 20268 
0.288 9.72467068e-05 6.934119392e-07 19993 
0.291 0.0001020206751 7.294661034e-07 19818 
0.294 0.0001059115318 7.618073233e-07 19509 
0.297 0.0001090543679 7.872674739e-07 19301 
0.3 0.0001126145718 8.109698632e-07 19343 
