# Format: McCode with text headers
# URL: http://www.mccode.org
# Creator: McStas 2.6rc1 - Oct. 12, 2019
# Instrument: ILL_Lagrange.instr
# Ncount: 1000000
# Trace: no
# Gravitation: no
# Seed: 1570896033
# Directory: ILL_Lagrange/0
# Param: lambda=0.897
# Param: DM=1.807
# Param: RV=-0.903146
# Param: coh=Rb_liq_coh.sqw
# Param: inc=Rb_liq_inc.sqw
# Param: L1=6.35
# Param: L2=2.55
# Param: L3=0.901
# Param: verbose=1
# Date: Sat Oct 12 10:11:38 2019 (1570867898)
# type: array_2d(20, 20)
# Source: ILL_Lagrange (ILL_Lagrange.instr)
# component: PSD
# position: 0 0 5.85
# title: PSD monitor
# Ncount: 1000000
# filename: PSD1.dat
# statistics: X0=-0.00171993; dX=0.865453; Y0=-0.00119541; dY=0.862897;
# signal: Min=4.19396e+06; Max=6.27732e+06; Mean=4.9625e+06;
# values: 1.985e+09 5.75334e+06 119352
# xvar: X
# yvar: Y
# xlabel: X position [cm]
# ylabel: Y position [cm]
# zvar: I
# zlabel: Signal per bin
# xylimits: -1.5 1.5 -1.5 1.5
# variables: I I_err N
# Data [PSD/PSD1.dat] I:
5382609.736 5050494.702 4936860.799 4885311.736 5141961.043 5235988.72 4268260.038 5017089.685 4710989.714 4790035.075 4554949.131 4853415.767 5068450.684 5046918.373 5291366.77 4558862.474 4906309.185 4429778.757 5162818.033 4957504.039 
4840480.357 5150830.154 4696857.454 4930254.803 5381988.559 4659940.955 4579989.567 4283388.128 4532195 4799194.146 5036004.602 4369752.983 4559909.254 6277324.715 5408205.37 4751011.467 5102652.287 4870379.456 4641591.12 4903450.589 
4738416.397 5060619.967 5161695.259 4991569.118 5074133.973 5019330.928 5153164.997 4829340.548 5159688.508 4899024.628 4871305.74 5022864.914 4749691.296 5055541.779 4491207.392 5009462.381 5070161.552 4684098.991 4494080.459 4599011.361 
5604838.802 4659543.633 4791893.79 5435975.111 5264749.527 4940214.999 4765430.894 4740189.127 5296415.061 4579117.567 4862588.438 5295813.584 5124933.092 4610220.007 5288233.06 4974637.079 5168708.049 5220940.129 5030025.819 4441938.444 
4839516.995 5057456.911 4625019.182 5433741.435 5543384.488 5678253.185 5331854.679 4701416.042 5114887.475 5403168.951 4870480.67 5169473.037 5028819.981 4687547.218 5052301.237 5092467.457 5246579.071 5127336.696 4882574.533 5210764.964 
4999580.784 4943652.934 4748294.854 4779594.168 4387668.46 4842933.238 4687621.437 5046886.592 5085962.958 4755271.517 5427822.471 4837288.777 4844312.022 5010816.532 5412820.556 5204048.669 4976581.938 5288932.556 5399504.086 5214749.779 
4881791.138 5043462.17 5291008.679 4792454.237 4467495.61 5712089.579 4954891.874 4543778.863 4339525.16 4694901.201 5054110.034 5177674.648 5146796.509 4733781.916 5495286.201 4994898.49 4950139.226 5206106.263 4944308.971 5033126.793 
5195593.726 4831370.263 5142585.581 4961462.57 5089923.198 4723458.013 4863126.073 5294102.356 4654962.554 5137736.797 4193960.307 4551439.324 4639347.168 5465442.984 4803270.965 4641260.588 4592579.997 4502130.652 4850711.484 5082420.634 
5051961.86 5048328.592 4768991.437 5016613.222 4858839.017 5265493.585 5081364.579 5512340.199 4888694.142 4881764.017 4851482.139 5098617.482 4973675.853 5258881.946 4702355.964 5319576.772 4852699.271 5395217.24 4412491.842 4992364.83 
5142316.253 5163709.638 5439637.427 4857784.574 4992325.231 5261107.189 5186716.002 5198267.854 5274140.083 4942964.928 4735498.603 4483035.878 5276251.948 4957076.275 4826502.42 5111389.013 4925260.014 5114173.567 5156167.918 5280858.706 
4474106.708 5091090.1 5272467.992 5337360.453 4669447.904 5300675.328 5217370.563 4894815.321 5618309.679 4623008.719 5000036.788 5154416.655 4986154.076 4741017.402 5038287.535 5152755.894 4793825.538 5200063.64 4932570.813 5197666.467 
5237162.673 5026195.336 5242638.082 5037175.947 4611335.435 5159519.729 4760701.229 5306105.47 4940833.822 4664671.449 4884321.451 4735066.033 4704814.492 4843812.844 4942742.873 5138551.9 5656104.764 4220224.978 5366409.252 5202485.665 
4975835.064 4738551.622 4476448.906 4650107.606 5137350.467 5071151.327 5044711.258 4540465.926 4786624.909 5282155.708 5111296.666 5248733.826 5397396.781 4940559.879 5501376.58 5045866.047 5227929.14 4874298.39 4559744.593 4974455.754 
4620564.385 4939833.99 4990669.042 4997014.409 5706935.445 4863688.207 4597141.795 4940010.879 4886435.866 4544328.749 4750738.545 4674310.871 4478236.313 5241297.399 5011170.994 5123688.135 4684367.496 5394300.302 4667479.388 4830303.033 
4510730.117 5031871.834 4476227.016 4761384.996 5062334.315 5103117.454 4865107.253 5276807.914 4312158.561 5042976.267 5337105.645 5222036.38 4833504.429 4839745.472 5297850.552 4736874.852 4679079.937 5079049.036 5096217.759 5271320.892 
4961249.678 4626026.159 5082574.641 5235326.207 4949051.546 4885084.014 5316589.074 5277144.935 4381761.818 4754819.777 5244183.941 4829929.207 5023338.744 5298278.238 5319861.957 4489411.525 4987175.908 5112959.619 4495455.134 4828874.631 
5412387.06 4593733.448 4927354.257 5299696.59 5252298.302 4710814.662 4750733.466 4788866.966 5250476.877 5624067.392 4608312.649 4819796.405 5078235.13 4742395.296 5238166.423 5153610.241 4915688.735 5378077.391 5000883.358 4333061.025 
5366463.191 4852295.013 4908520.406 5005430.558 4802790.554 4487950.294 4906808.598 5107997.752 5463645.679 4529332.296 4685959.324 5045359.336 4850003.173 4490680.561 4558571.664 4549622.551 4914754.734 4782242.329 5393489.191 4559269.891 
5012201.071 5115436.011 4471705.219 5252536.398 5192599.957 4745431.169 5437965.191 5041099.807 4898972.586 4843435.11 4810046.228 4837964.614 4878474.823 4391365.392 4494083.036 4760429.735 5098786.353 5451192.376 4491789.421 5040940.707 
5346581.455 4682958.964 4780380.963 4930787.33 5155015.47 4872596.235 4581697.489 4987662.469 5250221.107 5172923.736 5122576.164 4833351.161 5397720.434 4905905.443 4825365.984 5014974.809 5229152.209 4726959.539 4663852.458 4795447.549 
# Errors [PSD/PSD1.dat] I_err:
298978.1365 290521.6621 286823.5784 285295.3416 292442.3684 294969.9538 267645.9457 288586.637 279985.0402 282594.6725 276051.2331 283412.7084 291533.6887 289871.8984 297098.1744 275724.8836 286519.9781 271954.2744 293611.7732 287083.7882 
284626.7712 292929.8954 279551.2874 286925.4969 299841.0336 278335.1425 275547.2292 267525.736 274691.1848 282691.5824 289236.1984 270317.5967 275330.1055 323736.4198 299931.2096 281807.293 291615.0828 284411.0141 278245.4901 285382.061 
280069.402 291121.8001 293555.8528 288588.9331 291405.21 289200.0447 293093.4077 284464.5077 292507.5171 285596.1045 285465.0242 288974.7389 280738.9548 290347.7962 274181.0254 289135.1331 290708.5583 278825.4629 273862.9206 276186.3707 
306201.4675 278869.0752 282742.5944 300998.3615 296070.3488 287012.0317 281659.2349 280192.7358 297399.7222 275979.7876 284945.6136 297396.3821 291936.2574 277372.2432 296468.3674 287601.2546 293018.5007 295480.8196 289852.5929 272711.6588 
284045.6875 290918.3588 278224.2046 300922.5813 303724.8768 307904.7025 298442.352 280321.909 292324.7346 300083.9458 284469.1821 293519.3984 289294.8204 278995.1752 290151.2989 291511.4896 296003.6274 292522.9253 285589.4992 294898.8429 
288568.8246 288241.1697 282135.6239 282493.1384 269881.4692 283790.1742 279991.1004 289829.0607 291578.5386 281509.7946 300552.3293 284421.1484 284813.8945 288693.0848 300656.8533 294105.6223 288688.4303 296981.6865 299468.2118 294705.0909 
285078.6682 289629.0407 297063.7892 282300.2442 272747.99 308807.2977 287867.5243 274850.4322 267902.3608 279947.8807 289785.2511 293523.4323 293186.58 281275.1283 303825.1346 288255.343 287132.6775 295130.8339 287274.2237 289547.8212 
295031.6146 284071.7334 292941.4484 288319.4427 292348.6506 281155.6385 284495.5495 297287.4047 278535.5964 293103.6523 264531.7681 275800.3217 277667.0305 302612.2523 283405.1536 277779.1047 276291.1397 273341.6135 285224.7178 290940.301 
289667.628 289945.4591 281883.945 289542.0674 284705.5227 296606.5178 290384.5512 303352.6593 285510.5145 285546.5265 284320.8369 291855.8112 287553.3199 295743.7388 279904.095 297327.4744 283886.419 300589.0318 271436.3483 289111.9546 
293411.8844 293668.286 301235.4878 284671.3633 288142.1578 296329.8007 293527.7998 293719.2945 296591.5018 287679.0533 281357.0703 273692.6916 296714.897 287552.0846 283320.9437 292131.9661 286170.1923 292264.4426 293259.6251 296508.8784 
273156.3945 291434.1434 296970.8393 299229.9639 278943.8076 297613.0179 295753.8685 285832.4525 305978.4709 277132.4511 288588.8644 293151.3811 287810.5594 280732.576 289812.1863 293045.2691 282381.8659 294323.5764 286589.1882 294639.0477 
295486.4873 289596.769 295780.3558 289285.9642 276948.3236 293867.5167 281389.6251 297946.5456 287060.0328 278622.5436 286192.5173 280842.8388 280030.138 283843.3105 287215.5622 292658.6409 307164.094 265136.8433 298538.652 294923.7176 
288155.9719 281552.8615 273811.7847 278259.6043 293108.9173 290294.7733 290667.8989 274656.6419 281941.1236 297068.4597 292076.1146 296168.7154 300738.6812 287063.6385 303253.0734 289771.8376 294963.3927 285123.5485 275341.561 287590.7134 
278015.6002 286543.5665 288982.8326 288898.3065 308510.1579 285026.2914 277615.0262 287028.5486 285349.5521 275429.9064 280783.3746 278217.7287 272914.0288 295711.9788 289200.3604 293273.0874 279312.2372 299642.1168 277842.3902 284026.4809 
273854.8589 289452.7113 272798.4251 281920.3213 291196.4663 291623.3239 284589.7352 296275.4795 268289.7536 290085.6516 298743.1771 295115.5631 284189.1989 284079.7329 296998.1489 280508.8375 279517.4143 290305.8534 291739.4663 295527.9548 
287766.8855 278318.9676 291411.2904 295840.7758 287538.7035 285294.4928 298082.5079 297271.2826 270030.571 281533.7892 296330.9423 283035.7494 289454.3937 297019.0297 297331.3565 273077.5616 288828.8006 292183.9426 274463.9493 283464.3472 
300163.9027 276865.281 285816.5422 297594.7238 295422.621 280385.3629 281819.1191 282570.5822 296230.587 306329.4192 277252.0251 283877.1094 291210.0342 280765.1433 296450.5283 293094.8284 286094.2313 299141.0812 288634.1854 268054.046 
299436.4824 284308.226 286131.5078 288429.7397 282898.6365 273994.1611 286085.8132 291926.9135 302083.2944 274474.987 279412.6501 290695.8387 284200.709 274162.3836 275258.5474 276741.4044 287001.4075 282629.4495 300061.8296 276827.9641 
289754.2464 292817.8907 273037.0942 296299.8629 293871.3767 281453.4275 302021.1969 290004.7929 284636.4146 284294.5095 282853.1894 284936.3101 285351.9926 270145.0265 274331.9519 281878.5103 291359.7447 301383.015 273235.344 289943.8449 
298341.287 279213.314 282519.6342 286489.7728 292680.2637 284569.3621 275655.2629 288845.041 295741.0876 293289.1982 292273.6537 284218.0058 300223.6346 285522.8504 284252.1037 288955.1752 295501.0388 280850.3919 279562.1091 281984.7449 
# Events [PSD/PSD1.dat] N:
325 303 297 294 310 316 255 303 284 288 273 294 303 304 318 274 294 266 310 299 
290 310 283 296 323 281 277 257 273 289 304 262 275 377 326 285 307 294 279 296 
287 303 310 300 304 302 310 289 312 295 292 303 287 304 269 301 305 283 270 278 
336 280 288 327 317 297 287 287 318 276 292 318 309 277 319 300 312 313 302 266 
291 303 277 327 334 341 320 282 307 325 294 311 303 283 304 306 315 308 293 313 
301 295 284 287 265 292 281 304 305 286 327 290 290 302 325 314 298 318 326 314 
294 304 318 289 269 343 297 274 263 282 305 312 309 284 328 301 298 312 297 303 
311 290 309 297 304 283 293 318 280 308 252 273 280 327 288 280 277 272 290 306 
305 304 287 301 292 316 307 331 294 293 292 306 300 317 283 321 293 323 265 299 
308 310 327 292 301 316 313 314 317 296 284 269 317 298 291 307 297 307 310 318 
269 306 316 319 281 318 312 294 338 279 301 310 301 286 303 310 289 313 297 312 
315 302 315 304 278 309 287 318 297 281 292 285 283 292 297 309 340 254 324 312 
299 284 268 280 308 306 302 274 289 317 307 315 323 297 330 304 315 293 275 300 
277 298 299 300 343 292 275 297 294 273 287 283 270 315 301 306 282 325 283 290 
272 303 270 286 303 307 293 318 259 303 320 314 290 291 319 286 281 307 306 319 
298 277 305 314 297 294 319 316 264 286 314 292 302 319 321 271 299 307 269 291 
326 276 298 318 317 283 285 288 315 338 277 289 305 286 313 310 296 324 301 262 
322 292 295 302 289 269 295 307 328 273 282 302 292 269 275 271 294 287 324 272 
300 306 269 315 313 285 325 303 297 291 290 289 293 265 269 286 307 328 271 303 
322 282 287 297 311 294 277 299 316 312 308 290 324 296 289 302 314 284 279 290 
