# Format: McCode with text headers
# URL: http://www.mccode.org
# Creator: McStas 2.5 - Nov. 19, 2019
# Instrument: /zhome/89/0/38697/TESTS/2019-11-20/McStas-2.5_CPU_MPICC/PSI_DMC/PSI_DMC.instr
# Ncount: 1000000
# Trace: no
# Gravitation: no
# Seed: 1574231713
# Directory: 1
# Nodes: 10
# Param: lambda=2.5666
# Param: R=0.87
# Param: R_curve=0.87
# Param: filename=Na2Ca3Al2F14.laz
# Param: D_PHI=6
# Param: SHIFT=0
# Param: PACK=0.7
# Param: Dw=0.8
# Param: BARNS=1
# Date: Wed Nov 20 01:05:47 2019 (1574208347)
# type: array_1d(400)
# Source: PSI_DMC (/zhome/89/0/38697/TESTS/2019-11-20/McStas-2.5_CPU_MPICC/PSI_DMC/PSI_DMC.instr)
# component: Detector
# position: 1.99381 0 51.0721
# title: Longitude [deg] monitor
# Ncount: 10000000
# filename: detector.dat
# statistics: X0=72.2685; dX=17.269;
# signal: Min=0; Max=34.3949; Mean=1.86986;
# values: 747.945 2.89657 333240
# xvar: th
# yvar: (I,I_err)
# xlabel: Longitude [deg]
# ylabel: Intensity [n/s/bin]
# xlimits: 19.9 99.9
# variables: th I I_err N
20 0.1771947568 0.009635762825 1324 
20.2 1.397885259 0.03185781661 3243 
20.4 2.051886388 0.04020979937 3983 
20.6 0.6239526565 0.0201761944 2298 
20.8 0.008022763843 0.001709098597 581 
21 1.035006299e-70 1.065011295e-70 17 
21.2 0 0 0 
21.4 0 0 0 
21.6 0 0 0 
21.8 0 0 0 
22 0 0 0 
22.2 0 0 0 
22.4 0 0 0 
22.6 0 0 0 
22.8 0 0 0 
23 0 0 0 
23.2 0 0 0 
23.4 0 0 0 
23.6 0 0 0 
23.8 0 0 0 
24 0 0 0 
24.2 0 0 0 
24.4 0 0 0 
24.6 0 0 0 
24.8 0 0 0 
25 0 0 0 
25.2 0 0 0 
25.4 0 0 0 
25.6 0 0 0 
25.8 0 0 0 
26 0 0 0 
26.2 0 0 0 
26.4 0 0 0 
26.6 0 0 0 
26.8 0 0 0 
27 0 0 0 
27.2 0 0 0 
27.4 0 0 0 
27.6 0 0 0 
27.8 0 0 0 
28 0 0 0 
28.2 1.984655841e-102 2.08152127e-102 10 
28.4 0.002682017598 0.00209308059 333 
28.6 0.637713748 0.03787254636 1387 
28.8 5.445510567 0.1290764499 2961 
29 8.638957421 0.1694490803 3674 
29.2 2.976693552 0.09228313919 2373 
29.4 0.08008709389 0.01161862122 904 
29.6 1.036112993e-21 1.041440087e-21 97 
29.8 0 0 0 
30 0 0 0 
30.2 0 0 0 
30.4 0 0 0 
30.6 0 0 0 
30.8 0 0 0 
31 0 0 0 
31.2 0 0 0 
31.4 0 0 0 
31.6 0 0 0 
31.8 0 0 0 
32 0 0 0 
32.2 0 0 0 
32.4 0 0 0 
32.6 0 0 0 
32.8 0 0 0 
33 0 0 0 
33.2 0 0 0 
33.4 0 0 0 
33.6 0 0 0 
33.8 0 0 0 
34 0 0 0 
34.2 0 0 0 
34.4 0 0 0 
34.6 0 0 0 
34.8 1.508473463e-163 1.508473463e-163 1 
35 1.790163722e-22 1.710849599e-22 118 
35.2 0.08667649452 0.01432114189 844 
35.4 3.020748571 0.1043228085 2042 
35.6 10.82140959 0.2190325881 3257 
35.8 9.120406484 0.2002979941 3033 
36 1.717987188 0.07717723761 1812 
36.2 0.0004877427719 0.0002489051886 650 
36.4 2.143500278e-66 2.162860016e-66 54 
36.6 0 0 0 
36.8 0 0 0 
37 0 0 0 
37.2 0 0 0 
37.4 0 0 0 
37.6 0 0 0 
37.8 0 0 0 
38 0 0 0 
38.2 0 0 0 
38.4 0 0 0 
38.6 0 0 0 
38.8 0 0 0 
39 0 0 0 
39.2 0 0 0 
39.4 0 0 0 
39.6 0 0 0 
39.8 0 0 0 
40 0 0 0 
40.2 0 0 0 
40.4 0 0 0 
40.6 1.075496845e-98 1.098628455e-98 23 
40.8 1.131381605e-08 9.378839299e-09 329 
41 0.5319353853 0.05338703201 1149 
41.2 9.365111565 0.2628736071 2280 
41.4 19.63687511 0.4033345773 3032 
41.6 14.90143791 0.3459148083 2717 
41.8 2.272968117 0.1208219747 1643 
42 0.0009628682079 0.0008773191894 601 
42.2 1.016265334e-57 1.02393537e-57 66 
42.4 0 0 0 
42.6 0 0 0 
42.8 0 0 0 
43 0 0 0 
43.2 0 0 0 
43.4 0 0 0 
43.6 0 0 0 
43.8 0 0 0 
44 0 0 0 
44.2 0 0 0 
44.4 0 0 0 
44.6 0 0 0 
44.8 0 0 0 
45 0 0 0 
45.2 0 0 0 
45.4 0 0 0 
45.6 8.470325574e-152 8.470325574e-152 1 
45.8 3.795459697e-49 3.806477019e-49 172 
46 6.067745758e-05 6.049181585e-05 1232 
46.2 0.3049459671 0.01521349651 2905 
46.4 2.104838417 0.04507483128 4563 
46.6 3.193073779 0.0578857082 5671 
46.8 2.072885438 0.04507075778 4759 
47 0.2584393363 0.01446321716 2994 
47.2 5.496965239e-06 4.54163107e-06 1187 
47.4 2.320009923e-47 2.326642653e-47 166 
47.6 0 0 0 
47.8 0 0 0 
48 0 0 0 
48.2 0 0 0 
48.4 0 0 0 
48.6 0 0 0 
48.8 0 0 0 
49 0 0 0 
49.2 0 0 0 
49.4 0 0 0 
49.6 0 0 0 
49.8 0 0 0 
50 0 0 0 
50.2 0 0 0 
50.4 3.990820239e-120 4.46187267e-120 4 
50.6 3.364219785e-22 3.371400405e-22 234 
50.8 0.01094920138 0.003525898208 903 
51 1.044990626 0.0435686056 1614 
51.2 3.75167438 0.08964616853 2326 
51.4 4.325346771 0.09828174658 2519 
51.6 2.830080529 0.07695759406 2124 
51.8 0.2711191994 0.02175543029 1333 
52 1.321934342e-07 7.152335377e-08 577 
52.2 3.726956592e-47 3.739976231e-47 80 
52.4 0 0 0 
52.6 0 0 0 
52.8 0 0 0 
53 0 0 0 
53.2 0 0 0 
53.4 0 0 0 
53.6 0 0 0 
53.8 0 0 0 
54 0 0 0 
54.2 0 0 0 
54.4 0 0 0 
54.6 0 0 0 
54.8 1.542571362e-131 1.596605047e-131 14 
55 1.715046613e-26 1.716364433e-26 410 
55.2 6.687185329e-05 4.3635165e-05 1534 
55.4 0.9752678844 0.03842833194 2869 
55.6 4.54966641 0.09052592246 4004 
55.8 6.201761429 0.110609692 4737 
56 5.120976525 0.09759981176 4319 
56.2 1.378575247 0.04773636507 3089 
56.4 0.0085026601 0.001307104695 1883 
56.6 2.599644905e-19 2.439611392e-19 542 
56.8 3.341318562e-106 3.370394286e-106 22 
57 0 0 0 
57.2 0 0 0 
57.4 0 0 0 
57.6 0 0 0 
57.8 0 0 0 
58 0 0 0 
58.2 0 0 0 
58.4 0 0 0 
58.6 0 0 0 
58.8 0 0 0 
59 6.780506836e-122 7.323042843e-122 6 
59.2 4.338990751e-30 4.323786032e-30 218 
59.4 1.538379539e-05 7.804950978e-06 716 
59.6 0.8225017729 0.04576280599 1343 
59.8 3.891229306 0.1061730235 1878 
60 5.361603766 0.1296734981 2170 
60.2 5.240682679 0.1264605407 2214 
60.4 2.422362827 0.08375061832 1650 
60.6 0.1136054034 0.01632748943 1104 
60.8 1.425458747e-10 9.17738689e-11 502 
61 9.283833806e-55 7.282268699e-55 56 
61.2 0 0 0 
61.4 0 0 0 
61.6 0 0 0 
61.8 0 0 0 
62 0 0 0 
62.2 0 0 0 
62.4 0 0 0 
62.6 0 0 0 
62.8 0 0 0 
63 3.90541913e-109 4.509589572e-109 3 
63.2 8.626787545e-29 8.639199136e-29 341 
63.4 0.0001972953847 0.000195077729 1312 
63.6 0.981042473 0.07451801978 2394 
63.8 7.234128227 0.2148478739 3225 
64 11.07032623 0.2786550701 3904 
64.2 11.46153837 0.2839961521 4050 
64.4 7.968993105 0.2304907263 3472 
64.6 1.720233066 0.1031216686 2703 
64.8 0.01195376689 0.005561887262 1621 
65 3.258141882e-16 3.261681415e-16 460 
65.2 8.227143397e-103 8.402271206e-103 23 
65.4 0 0 0 
65.6 0 0 0 
65.8 0 0 0 
66 0 0 0 
66.2 0 0 0 
66.4 0 0 0 
66.6 0 0 0 
66.8 0 0 0 
67 1.520834489e-58 1.526092166e-58 141 
67.2 1.124174551e-09 1.124780816e-09 892 
67.4 0.1827778987 0.02791763212 1916 
67.6 5.001448947 0.1456891127 2659 
67.8 12.63045426 0.2453591271 3475 
68 14.75376251 0.2713897638 3791 
68.2 14.36562463 0.2657397118 3744 
68.4 8.536340866 0.1978544201 3153 
68.6 1.116343942 0.06941231096 2287 
68.8 0.006628090251 0.00379754424 1369 
69 5.087551543e-29 5.094532634e-29 341 
69.2 4.492558546e-132 4.802747105e-132 7 
69.4 0 0 0 
69.6 0 0 0 
69.8 0 0 0 
70 0 0 0 
70.2 0 0 0 
70.4 0 0 0 
70.6 0 0 0 
70.8 3.627895788e-51 3.546623726e-51 95 
71 2.191512789e-06 1.403445102e-06 519 
71.2 0.8834128384 0.1381758041 944 
71.4 11.54403473 0.4972034022 1236 
71.6 28.25297325 0.8093271252 1603 
71.8 34.39491464 0.9230151956 1785 
72 32.57383212 0.897199951 1707 
72.2 24.9878775 0.7616417482 1566 
72.4 5.965263314 0.3616906222 1210 
72.6 0.1449532923 0.05101480054 802 
72.8 1.040222336e-11 9.048071162e-12 335 
73 2.299534859e-79 2.148614646e-79 23 
73.2 0 0 0 
73.4 0 0 0 
73.6 0 0 0 
73.8 0 0 0 
74 0 0 0 
74.2 0 0 0 
74.4 4.106824728e-109 4.198887765e-109 22 
74.6 3.352687811e-26 2.627877294e-26 271 
74.8 0.0004558643294 0.0004287354645 743 
75 0.06548257548 0.004960743782 1003 
75.2 0.3379685978 0.01176402932 1308 
75.4 0.5408119449 0.01545682809 1588 
75.6 0.5683642838 0.01613917369 1618 
75.8 0.5372305905 0.01553306361 1543 
76 0.3624602498 0.01237944613 1415 
76.2 0.07025124798 0.005347865193 1141 
76.4 0.001256473696 0.0004204899053 755 
76.6 1.988662332e-13 1.760739688e-13 270 
76.8 2.594453223e-79 2.665547297e-79 18 
77 0 0 0 
77.2 0 0 0 
77.4 0 0 0 
77.6 0 0 0 
77.8 0 0 0 
78 3.599177699e-84 3.638088859e-84 46 
78.2 1.304189743e-17 1.304877543e-17 868 
78.4 0.0001669067074 9.296899393e-05 2523 
78.6 1.845774603 0.1306329099 3734 
78.8 12.49881996 0.3526160775 4687 
79 22.93046607 0.4959357657 5880 
79.2 26.10193112 0.5407316636 6128 
79.4 26.04506806 0.5351218918 6180 
79.6 21.41447355 0.4758261293 5738 
79.8 9.797618845 0.3185743959 4842 
80 0.9247952086 0.09098173437 3803 
80.2 0.008829095458 0.005992208591 2265 
80.4 1.142661297e-25 7.592804123e-26 561 
80.6 9.650777974e-130 8.046404645e-130 4 
80.8 0 0 0 
81 0 0 0 
81.2 0 0 0 
81.4 0 0 0 
81.6 0 0 0 
81.8 0 0 0 
82 0 0 0 
82.2 0 0 0 
82.4 0 0 0 
82.6 0 0 0 
82.8 0 0 0 
83 0 0 0 
83.2 0 0 0 
83.4 0 0 0 
83.6 0 0 0 
83.8 0 0 0 
84 0 0 0 
84.2 0 0 0 
84.4 0 0 0 
84.6 0 0 0 
84.8 0 0 0 
85 0 0 0 
85.2 2.50469333e-32 2.516822666e-32 103 
85.4 3.547476705e-07 2.090250188e-07 746 
85.6 0.0951080409 0.02876228706 1379 
85.8 3.070256037 0.1689878678 1788 
86 12.41614851 0.3563868347 2227 
86.2 18.48628546 0.4452789878 2535 
86.4 21.85105657 0.4962040872 2822 
86.6 19.86904411 0.4702809486 2642 
86.8 20.09598526 0.4682804309 2714 
87 13.28038821 0.3766369987 2389 
87.2 3.593423216 0.1888944461 1917 
87.4 0.2779593441 0.04320704944 1529 
87.6 0.0002883770053 0.0002860613085 879 
87.8 9.865592482e-38 9.873511339e-38 133 
88 0 0 0 
88.2 0 0 0 
88.4 0 0 0 
88.6 7.778591461e-156 7.778591461e-156 1 
88.8 1.318144568e-27 1.30968202e-27 130 
89 1.277801338e-05 8.221842475e-06 446 
89.2 0.3633820605 0.0682204575 699 
89.4 3.238843297 0.2049712677 891 
89.6 9.608209648 0.3679396992 1072 
89.8 14.41214906 0.4618080627 1265 
90 15.67785253 0.4920806055 1295 
90.2 15.3373051 0.4837329391 1275 
90.4 14.34599376 0.4647705866 1234 
90.6 9.61996387 0.3767387297 1103 
90.8 3.771269609 0.2301754547 972 
91 0.3331973208 0.05634184199 760 
91.2 0.01557677404 0.01031375788 536 
91.4 2.819617246e-25 2.681577316e-25 157 
91.6 2.030599908e-126 2.486961628e-126 2 
91.8 0 0 0 
92 0 0 0 
92.2 1.762827149e-79 1.779074507e-79 54 
92.4 7.992632894e-13 7.869974509e-13 641 
92.6 0.001124237368 0.001012199211 1533 
92.8 0.1197030643 0.01029323449 2228 
93 0.6559710285 0.02594322894 2658 
93.2 1.440385066 0.03935257317 3129 
93.4 1.879105821 0.04559161086 3623 
93.6 2.013091761 0.04780236304 3672 
93.8 1.943178925 0.04704233871 3596 
94 1.852451629 0.04546277008 3542 
94.2 1.441077639 0.0403925995 3233 
94.4 0.655745712 0.02638213449 2797 
94.6 0.1025448821 0.009447443184 2238 
94.8 0.001983191126 0.0006933056805 1729 
95 6.540184944e-12 4.76127655e-12 698 
95.2 2.235181662e-77 2.264952431e-77 37 
95.4 0 0 0 
95.6 0 0 0 
95.8 6.616413785e-38 6.641112503e-38 109 
96 1.167456865e-07 8.676103484e-08 644 
96.2 0.02885183881 0.008584549917 1119 
96.4 0.3925447162 0.03158066313 1426 
96.6 1.540783441 0.06502314013 1695 
96.8 3.093416548 0.09536992079 1962 
97 3.908416704 0.1081130985 2199 
97.2 4.194098356 0.1134181648 2284 
97.4 4.044504796 0.1110859498 2236 
97.6 3.738107181 0.1053454106 2202 
97.8 3.22255854 0.09780697569 2095 
98 1.672184328 0.06932100958 1820 
98.2 0.4116338809 0.03193909626 1546 
98.4 0.02774115001 0.006447102524 1234 
98.6 2.2259113e-06 1.948146035e-06 760 
98.8 1.764233337e-33 1.771203929e-33 125 
99 0 0 0 
99.2 0 0 0 
99.4 4.370143712e-27 4.368776437e-27 304 
99.6 4.647205866e-06 1.99391638e-06 1113 
99.8 0.1902215904 0.03056426956 1776 
