# Format: McCode with text headers
# URL: http://www.mccode.org
# Creator: McStas 2.5 - Nov. 19, 2019
# Instrument: /zhome/89/0/38697/TESTS/2019-11-20/McStas-2.5_CPU_MPICC/PSI_DMC/PSI_DMC.instr
# Ncount: 1000000
# Trace: no
# Gravitation: no
# Seed: 1574231713
# Directory: 1
# Nodes: 10
# Param: lambda=2.5666
# Param: R=0.87
# Param: R_curve=0.87
# Param: filename=Na2Ca3Al2F14.laz
# Param: D_PHI=6
# Param: SHIFT=0
# Param: PACK=0.7
# Param: Dw=0.8
# Param: BARNS=1
# Date: Wed Nov 20 01:05:47 2019 (1574208347)
# type: array_1d(128)
# Source: PSI_DMC (/zhome/89/0/38697/TESTS/2019-11-20/McStas-2.5_CPU_MPICC/PSI_DMC/PSI_DMC.instr)
# component: lambda_sample
# position: 1.98674 0 51.065
# title: Wavelength monitor
# Ncount: 10000000
# filename: L_sample.dat
# statistics: X0=2.5666; dX=0.00900519;
# signal: Min=0; Max=234790; Mean=15543.5;
# values: 1.98957e+06 5514.26 245047
# xvar: L
# yvar: (I,I_err)
# xlabel: Wavelength [AA]
# ylabel: Intensity
# xlimits: 2.3666 2.7666
# variables: L I I_err N
2.3681625 0 0 0 
2.3712875 0 0 0 
2.3744125 0 0 0 
2.3775375 0 0 0 
2.3806625 0 0 0 
2.3837875 0 0 0 
2.3869125 0 0 0 
2.3900375 0 0 0 
2.3931625 0 0 0 
2.3962875 0 0 0 
2.3994125 0 0 0 
2.4025375 0 0 0 
2.4056625 0 0 0 
2.4087875 0 0 0 
2.4119125 0 0 0 
2.4150375 0 0 0 
2.4181625 0 0 0 
2.4212875 0 0 0 
2.4244125 0 0 0 
2.4275375 0 0 0 
2.4306625 0 0 0 
2.4337875 0 0 0 
2.4369125 0 0 0 
2.4400375 0 0 0 
2.4431625 0 0 0 
2.4462875 0 0 0 
2.4494125 0 0 0 
2.4525375 0 0 0 
2.4556625 0 0 0 
2.4587875 0 0 0 
2.4619125 0 0 0 
2.4650375 0 0 0 
2.4681625 0 0 0 
2.4712875 0 0 0 
2.4744125 0 0 0 
2.4775375 0 0 0 
2.4806625 0 0 0 
2.4837875 0 0 0 
2.4869125 0 0 0 
2.4900375 0 0 0 
2.4931625 0 0 0 
2.4962875 0 0 0 
2.4994125 0 0 0 
2.5025375 0 0 0 
2.5056625 0 0 0 
2.5087875 0 0 0 
2.5119125 0 0 0 
2.5150375 0 0 0 
2.5181625 0 0 0 
2.5212875 0 0 0 
2.5244125 0 0 0 
2.5275375 0 0 0 
2.5306625 0 0 0 
2.5337875 0 0 0 
2.5369125 0 0 0 
2.5400375 0 0 0 
2.5431625 1130.78627 124.6809753 9184 
2.5462875 15224.76331 474.8751938 11028 
2.5494125 52851.15294 893.2236903 13321 
2.5525375 103423.9764 1247.489618 15578 
2.5556625 162505.1417 1575.018063 17244 
2.5587875 206061.0441 1773.829939 18261 
2.5619125 221251.202 1837.643813 17891 
2.5650375 234789.5361 1895.136501 18576 
2.5681625 233030.2581 1887.347512 18602 
2.5712875 220555.4894 1839.842064 18079 
2.5744125 199253.9068 1754.840597 18318 
2.5775375 163890.2014 1592.202647 17958 
2.5806625 105753.3787 1275.704406 16039 
2.5837875 53473.03276 898.3576044 14134 
2.5869125 14386.24399 446.8367969 11417 
2.5900375 1990.005231 145.1025051 9417 
2.5931625 0 0 0 
2.5962875 0 0 0 
2.5994125 0 0 0 
2.6025375 0 0 0 
2.6056625 0 0 0 
2.6087875 0 0 0 
2.6119125 0 0 0 
2.6150375 0 0 0 
2.6181625 0 0 0 
2.6212875 0 0 0 
2.6244125 0 0 0 
2.6275375 0 0 0 
2.6306625 0 0 0 
2.6337875 0 0 0 
2.6369125 0 0 0 
2.6400375 0 0 0 
2.6431625 0 0 0 
2.6462875 0 0 0 
2.6494125 0 0 0 
2.6525375 0 0 0 
2.6556625 0 0 0 
2.6587875 0 0 0 
2.6619125 0 0 0 
2.6650375 0 0 0 
2.6681625 0 0 0 
2.6712875 0 0 0 
2.6744125 0 0 0 
2.6775375 0 0 0 
2.6806625 0 0 0 
2.6837875 0 0 0 
2.6869125 0 0 0 
2.6900375 0 0 0 
2.6931625 0 0 0 
2.6962875 0 0 0 
2.6994125 0 0 0 
2.7025375 0 0 0 
2.7056625 0 0 0 
2.7087875 0 0 0 
2.7119125 0 0 0 
2.7150375 0 0 0 
2.7181625 0 0 0 
2.7212875 0 0 0 
2.7244125 0 0 0 
2.7275375 0 0 0 
2.7306625 0 0 0 
2.7337875 0 0 0 
2.7369125 0 0 0 
2.7400375 0 0 0 
2.7431625 0 0 0 
2.7462875 0 0 0 
2.7494125 0 0 0 
2.7525375 0 0 0 
2.7556625 0 0 0 
2.7587875 0 0 0 
2.7619125 0 0 0 
2.7650375 0 0 0 
