# Format: McCode with text headers
# URL: http://www.mccode.org
# Creator: McStas 2.5 - Feb. 24, 2020
# Instrument: /zhome/89/0/38697/once/McStas-2.5_CPU_MPICC/templateSANS2/templateSANS2.instr
# Ncount: 1000000
# Trace: no
# Gravitation: no
# Seed: 1582694887
# Directory: 2
# Nodes: 10
# Param: lambda=6
# Param: dlambda=0.05
# Param: r=150
# Param: PHI=0.001
# Param: Delta_Rho=6e+10
# Param: frac_dir=1
# Param: frac_inc=0.01
# Date: Tue Feb 25 22:19:28 2020 (1582665568)
# type: array_1d(1000)
# Source: templateSANS2 (/zhome/89/0/38697/once/McStas-2.5_CPU_MPICC/templateSANS2/templateSANS2.instr)
# component: Ldetector
# position: 0 0 9.21
# title: Wavelength monitor
# Ncount: 10000000
# filename: Edet.dat
# statistics: X0=5.99998; dX=0.0288565;
# signal: Min=0; Max=0.680901; Mean=0.0669348;
# values: 66.9348 0.0152741 1.95028e+07
# xvar: L
# yvar: (I,I_err)
# xlabel: Wavelength [AA]
# ylabel: Intensity
# xlimits: 5.5 6.5
# variables: L I I_err N
5.5005 0 0 0 
5.5015 0 0 0 
5.5025 0 0 0 
5.5035 0 0 0 
5.5045 0 0 0 
5.5055 0 0 0 
5.5065 0 0 0 
5.5075 0 0 0 
5.5085 0 0 0 
5.5095 0 0 0 
5.5105 0 0 0 
5.5115 0 0 0 
5.5125 0 0 0 
5.5135 0 0 0 
5.5145 0 0 0 
5.5155 0 0 0 
5.5165 0 0 0 
5.5175 0 0 0 
5.5185 0 0 0 
5.5195 0 0 0 
5.5205 0 0 0 
5.5215 0 0 0 
5.5225 0 0 0 
5.5235 0 0 0 
5.5245 0 0 0 
5.5255 0 0 0 
5.5265 0 0 0 
5.5275 0 0 0 
5.5285 0 0 0 
5.5295 0 0 0 
5.5305 0 0 0 
5.5315 0 0 0 
5.5325 0 0 0 
5.5335 0 0 0 
5.5345 0 0 0 
5.5355 0 0 0 
5.5365 0 0 0 
5.5375 0 0 0 
5.5385 0 0 0 
5.5395 0 0 0 
5.5405 0 0 0 
5.5415 0 0 0 
5.5425 0 0 0 
5.5435 0 0 0 
5.5445 0 0 0 
5.5455 0 0 0 
5.5465 0 0 0 
5.5475 0 0 0 
5.5485 0 0 0 
5.5495 0 0 0 
5.5505 0 0 0 
5.5515 0 0 0 
5.5525 0 0 0 
5.5535 0 0 0 
5.5545 0 0 0 
5.5555 0 0 0 
5.5565 0 0 0 
5.5575 0 0 0 
5.5585 0 0 0 
5.5595 0 0 0 
5.5605 0 0 0 
5.5615 0 0 0 
5.5625 0 0 0 
5.5635 0 0 0 
5.5645 0 0 0 
5.5655 0 0 0 
5.5665 0 0 0 
5.5675 0 0 0 
5.5685 0 0 0 
5.5695 0 0 0 
5.5705 0 0 0 
5.5715 0 0 0 
5.5725 0 0 0 
5.5735 0 0 0 
5.5745 0 0 0 
5.5755 0 0 0 
5.5765 0 0 0 
5.5775 0 0 0 
5.5785 0 0 0 
5.5795 0 0 0 
5.5805 0 0 0 
5.5815 0 0 0 
5.5825 0 0 0 
5.5835 0 0 0 
5.5845 0 0 0 
5.5855 0 0 0 
5.5865 0 0 0 
5.5875 0 0 0 
5.5885 0 0 0 
5.5895 0 0 0 
5.5905 0 0 0 
5.5915 0 0 0 
5.5925 0 0 0 
5.5935 0 0 0 
5.5945 0 0 0 
5.5955 0 0 0 
5.5965 0 0 0 
5.5975 0 0 0 
5.5985 0 0 0 
5.5995 0 0 0 
5.6005 0 0 0 
5.6015 0 0 0 
5.6025 0 0 0 
5.6035 0 0 0 
5.6045 0 0 0 
5.6055 0 0 0 
5.6065 0 0 0 
5.6075 0 0 0 
5.6085 0 0 0 
5.6095 0 0 0 
5.6105 0 0 0 
5.6115 0 0 0 
5.6125 0 0 0 
5.6135 0 0 0 
5.6145 0 0 0 
5.6155 0 0 0 
5.6165 0 0 0 
5.6175 0 0 0 
5.6185 0 0 0 
5.6195 0 0 0 
5.6205 0 0 0 
5.6215 0 0 0 
5.6225 0 0 0 
5.6235 0 0 0 
5.6245 0 0 0 
5.6255 0 0 0 
5.6265 0 0 0 
5.6275 0 0 0 
5.6285 0 0 0 
5.6295 0 0 0 
5.6305 0 0 0 
5.6315 0 0 0 
5.6325 0 0 0 
5.6335 0 0 0 
5.6345 0 0 0 
5.6355 0 0 0 
5.6365 0 0 0 
5.6375 0 0 0 
5.6385 0 0 0 
5.6395 0 0 0 
5.6405 0 0 0 
5.6415 0 0 0 
5.6425 0 0 0 
5.6435 0 0 0 
5.6445 0 0 0 
5.6455 0 0 0 
5.6465 0 0 0 
5.6475 0 0 0 
5.6485 0 0 0 
5.6495 0 0 0 
5.6505 0 0 0 
5.6515 0 0 0 
5.6525 0 0 0 
5.6535 0 0 0 
5.6545 0 0 0 
5.6555 0 0 0 
5.6565 0 0 0 
5.6575 0 0 0 
5.6585 0 0 0 
5.6595 0 0 0 
5.6605 0 0 0 
5.6615 0 0 0 
5.6625 0 0 0 
5.6635 0 0 0 
5.6645 0 0 0 
5.6655 0 0 0 
5.6665 0 0 0 
5.6675 0 0 0 
5.6685 0 0 0 
5.6695 0 0 0 
5.6705 0 0 0 
5.6715 0 0 0 
5.6725 0 0 0 
5.6735 0 0 0 
5.6745 0 0 0 
5.6755 0 0 0 
5.6765 0 0 0 
5.6775 0 0 0 
5.6785 0 0 0 
5.6795 0 0 0 
5.6805 0 0 0 
5.6815 0 0 0 
5.6825 0 0 0 
5.6835 0 0 0 
5.6845 0 0 0 
5.6855 0 0 0 
5.6865 0 0 0 
5.6875 0 0 0 
5.6885 0 0 0 
5.6895 0 0 0 
5.6905 0 0 0 
5.6915 0 0 0 
5.6925 0 0 0 
5.6935 0 0 0 
5.6945 0 0 0 
5.6955 0 0 0 
5.6965 0 0 0 
5.6975 0 0 0 
5.6985 0 0 0 
5.6995 0 0 0 
5.7005 0 0 0 
5.7015 0 0 0 
5.7025 0 0 0 
5.7035 0 0 0 
5.7045 0 0 0 
5.7055 0 0 0 
5.7065 0 0 0 
5.7075 0 0 0 
5.7085 0 0 0 
5.7095 0 0 0 
5.7105 0 0 0 
5.7115 0 0 0 
5.7125 0 0 0 
5.7135 0 0 0 
5.7145 0 0 0 
5.7155 0 0 0 
5.7165 0 0 0 
5.7175 0 0 0 
5.7185 0 0 0 
5.7195 0 0 0 
5.7205 0 0 0 
5.7215 0 0 0 
5.7225 0 0 0 
5.7235 0 0 0 
5.7245 0 0 0 
5.7255 0 0 0 
5.7265 0 0 0 
5.7275 0 0 0 
5.7285 0 0 0 
5.7295 0 0 0 
5.7305 0 0 0 
5.7315 0 0 0 
5.7325 0 0 0 
5.7335 0 0 0 
5.7345 0 0 0 
5.7355 0 0 0 
5.7365 0 0 0 
5.7375 0 0 0 
5.7385 0 0 0 
5.7395 0 0 0 
5.7405 0 0 0 
5.7415 0 0 0 
5.7425 0 0 0 
5.7435 0 0 0 
5.7445 0 0 0 
5.7455 0 0 0 
5.7465 0 0 0 
5.7475 0 0 0 
5.7485 0 0 0 
5.7495 0 0 0 
5.7505 0 0 0 
5.7515 0 0 0 
5.7525 0 0 0 
5.7535 0 0 0 
5.7545 0 0 0 
5.7555 0 0 0 
5.7565 0 0 0 
5.7575 0 0 0 
5.7585 0 0 0 
5.7595 0 0 0 
5.7605 0 0 0 
5.7615 0 0 0 
5.7625 0 0 0 
5.7635 0 0 0 
5.7645 0 0 0 
5.7655 0 0 0 
5.7665 0 0 0 
5.7675 0 0 0 
5.7685 0 0 0 
5.7695 0 0 0 
5.7705 0 0 0 
5.7715 0 0 0 
5.7725 0 0 0 
5.7735 0 0 0 
5.7745 0 0 0 
5.7755 0 0 0 
5.7765 0 0 0 
5.7775 0 0 0 
5.7785 0 0 0 
5.7795 0 0 0 
5.7805 0 0 0 
5.7815 0 0 0 
5.7825 0 0 0 
5.7835 0 0 0 
5.7845 0 0 0 
5.7855 0 0 0 
5.7865 0 0 0 
5.7875 0 0 0 
5.7885 0 0 0 
5.7895 0 0 0 
5.7905 0 0 0 
5.7915 0 0 0 
5.7925 0 0 0 
5.7935 0 0 0 
5.7945 0 0 0 
5.7955 0 0 0 
5.7965 0 0 0 
5.7975 0 0 0 
5.7985 0 0 0 
5.7995 0 0 0 
5.8005 0 0 0 
5.8015 0 0 0 
5.8025 0 0 0 
5.8035 0 0 0 
5.8045 0 0 0 
5.8055 0 0 0 
5.8065 0 0 0 
5.8075 0 0 0 
5.8085 0 0 0 
5.8095 0 0 0 
5.8105 0 0 0 
5.8115 0 0 0 
5.8125 0 0 0 
5.8135 0 0 0 
5.8145 0 0 0 
5.8155 0 0 0 
5.8165 0 0 0 
5.8175 0 0 0 
5.8185 0 0 0 
5.8195 0 0 0 
5.8205 0 0 0 
5.8215 0 0 0 
5.8225 0 0 0 
5.8235 0 0 0 
5.8245 0 0 0 
5.8255 0 0 0 
5.8265 0 0 0 
5.8275 0 0 0 
5.8285 0 0 0 
5.8295 0 0 0 
5.8305 0 0 0 
5.8315 0 0 0 
5.8325 0 0 0 
5.8335 0 0 0 
5.8345 0 0 0 
5.8355 0 0 0 
5.8365 0 0 0 
5.8375 0 0 0 
5.8385 0 0 0 
5.8395 0 0 0 
5.8405 0 0 0 
5.8415 0 0 0 
5.8425 0 0 0 
5.8435 0 0 0 
5.8445 0 0 0 
5.8455 0 0 0 
5.8465 0 0 0 
5.8475 0 0 0 
5.8485 0 0 0 
5.8495 0 0 0 
5.8505 0 0 0 
5.8515 0 0 0 
5.8525 0 0 0 
5.8535 0 0 0 
5.8545 0 0 0 
5.8555 0 0 0 
5.8565 0 0 0 
5.8575 0 0 0 
5.8585 0 0 0 
5.8595 0 0 0 
5.8605 0 0 0 
5.8615 0 0 0 
5.8625 0 0 0 
5.8635 0 0 0 
5.8645 0 0 0 
5.8655 0 0 0 
5.8665 0 0 0 
5.8675 0 0 0 
5.8685 0 0 0 
5.8695 0 0 0 
5.8705 0 0 0 
5.8715 0 0 0 
5.8725 0 0 0 
5.8735 0 0 0 
5.8745 0 0 0 
5.8755 0 0 0 
5.8765 0 0 0 
5.8775 0 0 0 
5.8785 0 0 0 
5.8795 0 0 0 
5.8805 0 0 0 
5.8815 0 0 0 
5.8825 0 0 0 
5.8835 0 0 0 
5.8845 0 0 0 
5.8855 0 0 0 
5.8865 0 0 0 
5.8875 0 0 0 
5.8885 0 0 0 
5.8895 0 0 0 
5.8905 0 0 0 
5.8915 0 0 0 
5.8925 0 0 0 
5.8935 0 0 0 
5.8945 0 0 0 
5.8955 0 0 0 
5.8965 0 0 0 
5.8975 0 0 0 
5.8985 0 0 0 
5.8995 0 0 0 
5.9005 0 0 0 
5.9015 0 0 0 
5.9025 0 0 0 
5.9035 0 0 0 
5.9045 0 0 0 
5.9055 0 0 0 
5.9065 0 0 0 
5.9075 0 0 0 
5.9085 0 0 0 
5.9095 0 0 0 
5.9105 0 0 0 
5.9115 0 0 0 
5.9125 0 0 0 
5.9135 0 0 0 
5.9145 0 0 0 
5.9155 0 0 0 
5.9165 0 0 0 
5.9175 0 0 0 
5.9185 0 0 0 
5.9195 0 0 0 
5.9205 0 0 0 
5.9215 0 0 0 
5.9225 0 0 0 
5.9235 0 0 0 
5.9245 0 0 0 
5.9255 0 0 0 
5.9265 0 0 0 
5.9275 0 0 0 
5.9285 0 0 0 
5.9295 0 0 0 
5.9305 0 0 0 
5.9315 0 0 0 
5.9325 0 0 0 
5.9335 0 0 0 
5.9345 0 0 0 
5.9355 0 0 0 
5.9365 0 0 0 
5.9375 0 0 0 
5.9385 0 0 0 
5.9395 0 0 0 
5.9405 0 0 0 
5.9415 0 0 0 
5.9425 0 0 0 
5.9435 0 0 0 
5.9445 0 0 0 
5.9455 0 0 0 
5.9465 0 0 0 
5.9475 0 0 0 
5.9485 0 0 0 
5.9495 0 0 0 
5.9505 0.672042297 0.001530423576 196024 
5.9515 0.6715095326 0.001529859038 195670 
5.9525 0.6682031638 0.001526150718 194670 
5.9535 0.6762029652 0.001535268846 196936 
5.9545 0.6657168318 0.001523270605 193964 
5.9555 0.673533679 0.001532207015 196169 
5.9565 0.6636888784 0.001520993209 193292 
5.9575 0.6722422367 0.001530712697 195838 
5.9585 0.6683102305 0.001526197625 194742 
5.9595 0.668673021 0.001526617697 194849 
5.9605 0.6673469071 0.001525100797 194453 
5.9615 0.6595210055 0.001516173903 192144 
5.9625 0.6632915114 0.00152047755 193238 
5.9635 0.6676062915 0.001525356208 194683 
5.9645 0.6697125246 0.001527831549 195185 
5.9655 0.6633689608 0.001520561728 193275 
5.9665 0.6675266015 0.001525276469 194533 
5.9675 0.6666293323 0.001524308983 194204 
5.9685 0.6751689983 0.001533984578 196771 
5.9695 0.6711774304 0.001529503956 195520 
5.9705 0.6732954168 0.001531942267 196059 
5.9715 0.6755145165 0.001534428576 196883 
5.9725 0.6638236719 0.001521083644 193423 
5.9735 0.6740576809 0.001532764525 196398 
5.9745 0.6753622224 0.001534236143 196781 
5.9755 0.6656945897 0.00152324752 193966 
5.9765 0.6761773884 0.001535193281 196986 
5.9775 0.6720741551 0.001530503581 195836 
5.9785 0.6726990035 0.001531243689 195930 
5.9795 0.665927278 0.001523552344 193968 
5.9805 0.6706498953 0.001528910368 195480 
5.9815 0.6656187068 0.00152312701 193971 
5.9825 0.6683873306 0.001526344332 194744 
5.9835 0.6706342166 0.001528861475 195413 
5.9845 0.6653623581 0.001522855797 193842 
5.9855 0.6721376731 0.001530590028 195807 
5.9865 0.6809006376 0.001540519483 198348 
5.9875 0.6697051495 0.001527816323 195132 
5.9885 0.6749636807 0.001533782036 196660 
5.9895 0.6643662615 0.001521711809 193728 
5.9905 0.6719991988 0.00153043418 195790 
5.9915 0.6778159962 0.001537033629 197436 
5.9925 0.6651221998 0.001522579686 193833 
5.9935 0.6712272793 0.001529552334 195598 
5.9945 0.6728263849 0.001531341424 196030 
5.9955 0.6787789098 0.001538097021 197778 
5.9965 0.6679475782 0.00152576547 194591 
5.9975 0.6691789504 0.001527181863 195064 
5.9985 0.6708047958 0.001529068694 195473 
5.9995 0.6678303861 0.001525686992 194578 
6.0005 0.6629137436 0.001520088141 193123 
6.0015 0.6664817421 0.001524145115 194218 
6.0025 0.6719126702 0.001530324922 195724 
6.0035 0.6673470285 0.001525144477 194461 
6.0045 0.6677984818 0.001525640845 194567 
6.0055 0.6645515319 0.001521880845 193726 
6.0065 0.6696399982 0.001527687421 195123 
6.0075 0.673032341 0.001531603917 196155 
6.0085 0.6687012706 0.001526673278 194815 
6.0095 0.6667306683 0.00152440517 194353 
6.0105 0.6715402597 0.001529902961 195604 
6.0115 0.6692616734 0.001527264813 194969 
6.0125 0.6715446836 0.001529905444 195666 
6.0135 0.6735777945 0.001532252944 196195 
6.0145 0.6702702113 0.001528456355 195341 
6.0155 0.6616325119 0.001518622918 192718 
6.0165 0.6648701724 0.001522303481 193743 
6.0175 0.6667651952 0.001524440097 194345 
6.0185 0.6662841343 0.001523920834 194060 
6.0195 0.6742578069 0.001533016783 196437 
6.0205 0.6709914995 0.001529297097 195567 
6.0215 0.6719299289 0.001530310108 195820 
6.0225 0.6701711102 0.001528328062 195333 
6.0235 0.6672461995 0.001524985555 194528 
6.0245 0.6668390864 0.001524528377 194324 
6.0255 0.6757189705 0.001534695833 196753 
6.0265 0.6703408305 0.001528537552 195336 
6.0275 0.6653310121 0.001522814047 193828 
6.0285 0.6739765074 0.001532702527 196309 
6.0295 0.6729957432 0.001531513751 196223 
6.0305 0.6651231012 0.001522617295 193717 
6.0315 0.6717047618 0.001530101465 195714 
6.0325 0.666666451 0.001524315918 194202 
6.0335 0.6748986768 0.001533719027 196672 
6.0345 0.6688847651 0.001526863949 194916 
6.0355 0.658866536 0.00151542189 191924 
6.0365 0.6727926321 0.001531369283 195973 
6.0375 0.6650337226 0.001522484317 193696 
6.0385 0.6627647457 0.001519933614 193075 
6.0395 0.6747286626 0.001533516207 196575 
6.0405 0.6621096486 0.001519130341 192898 
6.0415 0.6631312476 0.00152029282 193116 
6.0425 0.6671881612 0.00152493402 194382 
6.0435 0.6704818511 0.001528744026 195235 
6.0445 0.6668023526 0.001524535499 194254 
6.0455 0.6731962187 0.001531782609 196214 
6.0465 0.6631874711 0.001520362865 193233 
6.0475 0.6694838608 0.00152756144 195059 
6.0485 0.6700238579 0.001528147591 195345 
6.0495 0.6707275787 0.001528982592 195517 
6.0505 3.490633908e-05 1.103835363e-05 10 
6.0515 0 0 0 
6.0525 0 0 0 
6.0535 0 0 0 
6.0545 0 0 0 
6.0555 0 0 0 
6.0565 0 0 0 
6.0575 0 0 0 
6.0585 0 0 0 
6.0595 0 0 0 
6.0605 0 0 0 
6.0615 0 0 0 
6.0625 0 0 0 
6.0635 0 0 0 
6.0645 0 0 0 
6.0655 0 0 0 
6.0665 0 0 0 
6.0675 0 0 0 
6.0685 0 0 0 
6.0695 0 0 0 
6.0705 0 0 0 
6.0715 0 0 0 
6.0725 0 0 0 
6.0735 0 0 0 
6.0745 0 0 0 
6.0755 0 0 0 
6.0765 0 0 0 
6.0775 0 0 0 
6.0785 0 0 0 
6.0795 0 0 0 
6.0805 0 0 0 
6.0815 0 0 0 
6.0825 0 0 0 
6.0835 0 0 0 
6.0845 0 0 0 
6.0855 0 0 0 
6.0865 0 0 0 
6.0875 0 0 0 
6.0885 0 0 0 
6.0895 0 0 0 
6.0905 0 0 0 
6.0915 0 0 0 
6.0925 0 0 0 
6.0935 0 0 0 
6.0945 0 0 0 
6.0955 0 0 0 
6.0965 0 0 0 
6.0975 0 0 0 
6.0985 0 0 0 
6.0995 0 0 0 
6.1005 0 0 0 
6.1015 0 0 0 
6.1025 0 0 0 
6.1035 0 0 0 
6.1045 0 0 0 
6.1055 0 0 0 
6.1065 0 0 0 
6.1075 0 0 0 
6.1085 0 0 0 
6.1095 0 0 0 
6.1105 0 0 0 
6.1115 0 0 0 
6.1125 0 0 0 
6.1135 0 0 0 
6.1145 0 0 0 
6.1155 0 0 0 
6.1165 0 0 0 
6.1175 0 0 0 
6.1185 0 0 0 
6.1195 0 0 0 
6.1205 0 0 0 
6.1215 0 0 0 
6.1225 0 0 0 
6.1235 0 0 0 
6.1245 0 0 0 
6.1255 0 0 0 
6.1265 0 0 0 
6.1275 0 0 0 
6.1285 0 0 0 
6.1295 0 0 0 
6.1305 0 0 0 
6.1315 0 0 0 
6.1325 0 0 0 
6.1335 0 0 0 
6.1345 0 0 0 
6.1355 0 0 0 
6.1365 0 0 0 
6.1375 0 0 0 
6.1385 0 0 0 
6.1395 0 0 0 
6.1405 0 0 0 
6.1415 0 0 0 
6.1425 0 0 0 
6.1435 0 0 0 
6.1445 0 0 0 
6.1455 0 0 0 
6.1465 0 0 0 
6.1475 0 0 0 
6.1485 0 0 0 
6.1495 0 0 0 
6.1505 0 0 0 
6.1515 0 0 0 
6.1525 0 0 0 
6.1535 0 0 0 
6.1545 0 0 0 
6.1555 0 0 0 
6.1565 0 0 0 
6.1575 0 0 0 
6.1585 0 0 0 
6.1595 0 0 0 
6.1605 0 0 0 
6.1615 0 0 0 
6.1625 0 0 0 
6.1635 0 0 0 
6.1645 0 0 0 
6.1655 0 0 0 
6.1665 0 0 0 
6.1675 0 0 0 
6.1685 0 0 0 
6.1695 0 0 0 
6.1705 0 0 0 
6.1715 0 0 0 
6.1725 0 0 0 
6.1735 0 0 0 
6.1745 0 0 0 
6.1755 0 0 0 
6.1765 0 0 0 
6.1775 0 0 0 
6.1785 0 0 0 
6.1795 0 0 0 
6.1805 0 0 0 
6.1815 0 0 0 
6.1825 0 0 0 
6.1835 0 0 0 
6.1845 0 0 0 
6.1855 0 0 0 
6.1865 0 0 0 
6.1875 0 0 0 
6.1885 0 0 0 
6.1895 0 0 0 
6.1905 0 0 0 
6.1915 0 0 0 
6.1925 0 0 0 
6.1935 0 0 0 
6.1945 0 0 0 
6.1955 0 0 0 
6.1965 0 0 0 
6.1975 0 0 0 
6.1985 0 0 0 
6.1995 0 0 0 
6.2005 0 0 0 
6.2015 0 0 0 
6.2025 0 0 0 
6.2035 0 0 0 
6.2045 0 0 0 
6.2055 0 0 0 
6.2065 0 0 0 
6.2075 0 0 0 
6.2085 0 0 0 
6.2095 0 0 0 
6.2105 0 0 0 
6.2115 0 0 0 
6.2125 0 0 0 
6.2135 0 0 0 
6.2145 0 0 0 
6.2155 0 0 0 
6.2165 0 0 0 
6.2175 0 0 0 
6.2185 0 0 0 
6.2195 0 0 0 
6.2205 0 0 0 
6.2215 0 0 0 
6.2225 0 0 0 
6.2235 0 0 0 
6.2245 0 0 0 
6.2255 0 0 0 
6.2265 0 0 0 
6.2275 0 0 0 
6.2285 0 0 0 
6.2295 0 0 0 
6.2305 0 0 0 
6.2315 0 0 0 
6.2325 0 0 0 
6.2335 0 0 0 
6.2345 0 0 0 
6.2355 0 0 0 
6.2365 0 0 0 
6.2375 0 0 0 
6.2385 0 0 0 
6.2395 0 0 0 
6.2405 0 0 0 
6.2415 0 0 0 
6.2425 0 0 0 
6.2435 0 0 0 
6.2445 0 0 0 
6.2455 0 0 0 
6.2465 0 0 0 
6.2475 0 0 0 
6.2485 0 0 0 
6.2495 0 0 0 
6.2505 0 0 0 
6.2515 0 0 0 
6.2525 0 0 0 
6.2535 0 0 0 
6.2545 0 0 0 
6.2555 0 0 0 
6.2565 0 0 0 
6.2575 0 0 0 
6.2585 0 0 0 
6.2595 0 0 0 
6.2605 0 0 0 
6.2615 0 0 0 
6.2625 0 0 0 
6.2635 0 0 0 
6.2645 0 0 0 
6.2655 0 0 0 
6.2665 0 0 0 
6.2675 0 0 0 
6.2685 0 0 0 
6.2695 0 0 0 
6.2705 0 0 0 
6.2715 0 0 0 
6.2725 0 0 0 
6.2735 0 0 0 
6.2745 0 0 0 
6.2755 0 0 0 
6.2765 0 0 0 
6.2775 0 0 0 
6.2785 0 0 0 
6.2795 0 0 0 
6.2805 0 0 0 
6.2815 0 0 0 
6.2825 0 0 0 
6.2835 0 0 0 
6.2845 0 0 0 
6.2855 0 0 0 
6.2865 0 0 0 
6.2875 0 0 0 
6.2885 0 0 0 
6.2895 0 0 0 
6.2905 0 0 0 
6.2915 0 0 0 
6.2925 0 0 0 
6.2935 0 0 0 
6.2945 0 0 0 
6.2955 0 0 0 
6.2965 0 0 0 
6.2975 0 0 0 
6.2985 0 0 0 
6.2995 0 0 0 
6.3005 0 0 0 
6.3015 0 0 0 
6.3025 0 0 0 
6.3035 0 0 0 
6.3045 0 0 0 
6.3055 0 0 0 
6.3065 0 0 0 
6.3075 0 0 0 
6.3085 0 0 0 
6.3095 0 0 0 
6.3105 0 0 0 
6.3115 0 0 0 
6.3125 0 0 0 
6.3135 0 0 0 
6.3145 0 0 0 
6.3155 0 0 0 
6.3165 0 0 0 
6.3175 0 0 0 
6.3185 0 0 0 
6.3195 0 0 0 
6.3205 0 0 0 
6.3215 0 0 0 
6.3225 0 0 0 
6.3235 0 0 0 
6.3245 0 0 0 
6.3255 0 0 0 
6.3265 0 0 0 
6.3275 0 0 0 
6.3285 0 0 0 
6.3295 0 0 0 
6.3305 0 0 0 
6.3315 0 0 0 
6.3325 0 0 0 
6.3335 0 0 0 
6.3345 0 0 0 
6.3355 0 0 0 
6.3365 0 0 0 
6.3375 0 0 0 
6.3385 0 0 0 
6.3395 0 0 0 
6.3405 0 0 0 
6.3415 0 0 0 
6.3425 0 0 0 
6.3435 0 0 0 
6.3445 0 0 0 
6.3455 0 0 0 
6.3465 0 0 0 
6.3475 0 0 0 
6.3485 0 0 0 
6.3495 0 0 0 
6.3505 0 0 0 
6.3515 0 0 0 
6.3525 0 0 0 
6.3535 0 0 0 
6.3545 0 0 0 
6.3555 0 0 0 
6.3565 0 0 0 
6.3575 0 0 0 
6.3585 0 0 0 
6.3595 0 0 0 
6.3605 0 0 0 
6.3615 0 0 0 
6.3625 0 0 0 
6.3635 0 0 0 
6.3645 0 0 0 
6.3655 0 0 0 
6.3665 0 0 0 
6.3675 0 0 0 
6.3685 0 0 0 
6.3695 0 0 0 
6.3705 0 0 0 
6.3715 0 0 0 
6.3725 0 0 0 
6.3735 0 0 0 
6.3745 0 0 0 
6.3755 0 0 0 
6.3765 0 0 0 
6.3775 0 0 0 
6.3785 0 0 0 
6.3795 0 0 0 
6.3805 0 0 0 
6.3815 0 0 0 
6.3825 0 0 0 
6.3835 0 0 0 
6.3845 0 0 0 
6.3855 0 0 0 
6.3865 0 0 0 
6.3875 0 0 0 
6.3885 0 0 0 
6.3895 0 0 0 
6.3905 0 0 0 
6.3915 0 0 0 
6.3925 0 0 0 
6.3935 0 0 0 
6.3945 0 0 0 
6.3955 0 0 0 
6.3965 0 0 0 
6.3975 0 0 0 
6.3985 0 0 0 
6.3995 0 0 0 
6.4005 0 0 0 
6.4015 0 0 0 
6.4025 0 0 0 
6.4035 0 0 0 
6.4045 0 0 0 
6.4055 0 0 0 
6.4065 0 0 0 
6.4075 0 0 0 
6.4085 0 0 0 
6.4095 0 0 0 
6.4105 0 0 0 
6.4115 0 0 0 
6.4125 0 0 0 
6.4135 0 0 0 
6.4145 0 0 0 
6.4155 0 0 0 
6.4165 0 0 0 
6.4175 0 0 0 
6.4185 0 0 0 
6.4195 0 0 0 
6.4205 0 0 0 
6.4215 0 0 0 
6.4225 0 0 0 
6.4235 0 0 0 
6.4245 0 0 0 
6.4255 0 0 0 
6.4265 0 0 0 
6.4275 0 0 0 
6.4285 0 0 0 
6.4295 0 0 0 
6.4305 0 0 0 
6.4315 0 0 0 
6.4325 0 0 0 
6.4335 0 0 0 
6.4345 0 0 0 
6.4355 0 0 0 
6.4365 0 0 0 
6.4375 0 0 0 
6.4385 0 0 0 
6.4395 0 0 0 
6.4405 0 0 0 
6.4415 0 0 0 
6.4425 0 0 0 
6.4435 0 0 0 
6.4445 0 0 0 
6.4455 0 0 0 
6.4465 0 0 0 
6.4475 0 0 0 
6.4485 0 0 0 
6.4495 0 0 0 
6.4505 0 0 0 
6.4515 0 0 0 
6.4525 0 0 0 
6.4535 0 0 0 
6.4545 0 0 0 
6.4555 0 0 0 
6.4565 0 0 0 
6.4575 0 0 0 
6.4585 0 0 0 
6.4595 0 0 0 
6.4605 0 0 0 
6.4615 0 0 0 
6.4625 0 0 0 
6.4635 0 0 0 
6.4645 0 0 0 
6.4655 0 0 0 
6.4665 0 0 0 
6.4675 0 0 0 
6.4685 0 0 0 
6.4695 0 0 0 
6.4705 0 0 0 
6.4715 0 0 0 
6.4725 0 0 0 
6.4735 0 0 0 
6.4745 0 0 0 
6.4755 0 0 0 
6.4765 0 0 0 
6.4775 0 0 0 
6.4785 0 0 0 
6.4795 0 0 0 
6.4805 0 0 0 
6.4815 0 0 0 
6.4825 0 0 0 
6.4835 0 0 0 
6.4845 0 0 0 
6.4855 0 0 0 
6.4865 0 0 0 
6.4875 0 0 0 
6.4885 0 0 0 
6.4895 0 0 0 
6.4905 0 0 0 
6.4915 0 0 0 
6.4925 0 0 0 
6.4935 0 0 0 
6.4945 0 0 0 
6.4955 0 0 0 
6.4965 0 0 0 
6.4975 0 0 0 
6.4985 0 0 0 
6.4995 0 0 0 
