# Format: McCode with text headers
# URL: http://www.mccode.org
# Creator: McStas 2.6rc1 - Oct. 12, 2019
# Instrument: FZJ_SANS_KWS2_AnySample.instr
# Ncount: 1000000
# Trace: no
# Gravitation: no
# Seed: 1570895205
# Directory: FZJ_SANS_KWS2_AnySample/3
# Param: lambda=7
# Param: dlambda=0.7
# Param: FLUX=1e+08
# Param: NGblen=0.05
# Param: sample=3
# Param: Clen=10
# Param: Dlen=10
# Date: Sat Oct 12 10:04:38 2019 (1570867478)
# type: array_1d(500)
# Source: SANS_KWS2_AnySample (FZJ_SANS_KWS2_AnySample.instr)
# component: detector2
# position: 0 0 60.01
# title: PSD monitor radial sum
# Ncount: 1000000
# filename: PSDr.dat
# statistics: X0=0.0755774; dX=0.0250362;
# signal: Min=0; Max=21.5209; Mean=2.3859;
# values: 1192.95 25.3488 2215
# xvar: r
# yvar: (I,I_err)
# xlabel: Radius [m]
# ylabel: Intensity
# xlimits: 0.00035 0.35035
# variables: r I I_err N
0.0007 0 0 0 
0.0014 0 0 0 
0.0021 0 0 0 
0.0028 0 0 0 
0.0035 0 0 0 
0.0042 0 0 0 
0.0049 0 0 0 
0.0056 0 0 0 
0.0063 0 0 0 
0.007 0 0 0 
0.0077 0 0 0 
0.0084 0 0 0 
0.0091 0 0 0 
0.0098 0 0 0 
0.0105 0 0 0 
0.0112 0 0 0 
0.0119 0 0 0 
0.0126 0 0 0 
0.0133 0 0 0 
0.014 0 0 0 
0.0147 0 0 0 
0.0154 0 0 0 
0.0161 0 0 0 
0.0168 0 0 0 
0.0175 0 0 0 
0.0182 0 0 0 
0.0189 0 0 0 
0.0196 0 0 0 
0.0203 0 0 0 
0.021 0 0 0 
0.0217 0 0 0 
0.0224 0 0 0 
0.0231 0 0 0 
0.0238 0 0 0 
0.0245 0 0 0 
0.0252 0 0 0 
0.0259 0 0 0 
0.0266 0 0 0 
0.0273 0 0 0 
0.028 0 0 0 
0.0287 0 0 0 
0.0294 0 0 0 
0.0301 0 0 0 
0.0308 0 0 0 
0.0315 0 0 0 
0.0322 0 0 0 
0.0329 0 0 0 
0.0336 0 0 0 
0.0343 0 0 0 
0.035 0 0 0 
0.0357 0 0 0 
0.0364 0 0 0 
0.0371 0 0 0 
0.0378 1.071952091 0.7580037254 2 
0.0385 4.314871893 1.525569266 8 
0.0392 6.448255903 1.861590965 12 
0.0399 6.997547335 1.940842982 13 
0.0406 7.54721782 2.017195742 14 
0.0413 9.163385566 2.222594728 17 
0.042 8.069827164 2.083782595 15 
0.0427 11.29624025 2.465132713 21 
0.0434 9.174279224 2.225246488 17 
0.0441 9.701956188 2.286887673 18 
0.0448 8.069705406 2.083721468 15 
0.0455 12.89082084 2.631449348 24 
0.0462 12.89636158 2.632612574 24 
0.0469 8.586506009 2.146682416 16 
0.0476 13.48909779 2.697952216 25 
0.0483 10.784629 2.411605148 20 
0.049 13.44043052 2.688233262 25 
0.0497 15.67104268 2.910188073 29 
0.0504 12.40625195 2.587005265 23 
0.0511 11.86752104 2.530276959 22 
0.0518 15.0996617 2.853688773 28 
0.0525 16.21544034 2.960719739 30 
0.0532 15.09961098 2.853668539 28 
0.0539 17.83148585 3.104263682 33 
0.0546 15.61120106 2.899041829 29 
0.0553 17.83149682 3.104265277 33 
0.056 21.52085153 3.402922915 40 
0.0567 14.57720697 2.805497078 27 
0.0574 11.87807229 2.53246143 22 
0.0581 15.0782533 2.849697108 28 
0.0588 10.7630639 2.406808849 20 
0.0595 16.19330714 2.956607537 30 
0.0602 18.33740152 3.144999282 34 
0.0609 11.87307784 2.531491059 22 
0.0616 11.28007592 2.461615846 21 
0.0623 17.72849333 3.086322144 33 
0.063 12.40646501 2.587097056 23 
0.0637 13.41863772 2.683839012 25 
0.0644 8.678939456 2.169847141 16 
0.0651 14.01142864 2.747983626 26 
0.0658 12.93424463 2.640347923 24 
0.0665 14.03832301 2.753212378 26 
0.0672 11.87319413 2.531539369 22 
0.0679 11.83529393 2.523467347 22 
0.0686 16.1826568 2.954697014 30 
0.0693 12.37374363 2.580226029 23 
0.07 10.26783603 2.355735272 19 
0.0707 11.82958025 2.522179483 22 
0.0714 10.77390471 2.409233708 20 
0.0721 13.48380517 2.696923293 25 
0.0728 12.37391749 2.580298357 23 
0.0735 12.91763769 2.636882018 24 
0.0742 16.72138081 3.003417953 31 
0.0749 17.7662257 3.092868076 33 
0.0756 13.49479347 2.699152113 25 
0.0763 11.83485951 2.523276784 22 
0.077 8.651450762 2.162904505 16 
0.0777 13.47286473 2.694714178 25 
0.0784 11.84607626 2.525755994 22 
0.0791 10.75778501 2.405658657 20 
0.0798 11.30712242 2.467522243 21 
0.0805 11.83528942 2.523466748 22 
0.0812 9.152390906 2.219884927 17 
0.0819 10.24612341 2.350753047 19 
0.0826 12.39573307 2.58488422 23 
0.0833 14.52325593 2.795161566 27 
0.084 9.174224441 2.225220037 17 
0.0847 8.091172237 2.089204529 15 
0.0854 10.76883094 2.408182359 20 
0.0861 5.392588899 1.705448404 10 
0.0868 11.25844689 2.456889294 21 
0.0875 9.163328658 2.222566485 17 
0.0882 10.23517723 2.348217008 19 
0.0889 8.107560267 2.093463164 15 
0.0896 7.520315673 2.010052085 14 
0.0903 4.842926402 1.614420139 9 
0.091 8.096941813 2.090790584 15 
0.0917 8.613889218 2.153624467 16 
0.0924 8.624451243 2.156192202 16 
0.0931 5.920372501 1.785194258 11 
0.0938 8.613718874 2.153538272 16 
0.0945 7.536374653 2.01429796 14 
0.0952 6.997432232 1.940778776 13 
0.0959 9.696666063 2.285675616 18 
0.0966 5.376090661 1.7001414 10 
0.0973 5.365197486 1.696666534 10 
0.098 3.749187344 1.417104407 7 
0.0987 5.370862346 1.698551279 10 
0.0994 4.837314577 1.612474474 9 
0.1001 8.575934888 2.144100204 16 
0.1008 8.635173851 2.158840242 16 
0.1015 4.315135564 1.52577092 8 
0.1022 5.936485058 1.790003956 11 
0.1029 4.821145248 1.607091668 9 
0.1036 5.925651506 1.786742003 11 
0.1043 8.058878948 2.080921113 15 
0.105 3.215914474 1.312938434 6 
0.1057 6.437536971 1.858519068 12 
0.1064 3.760023613 1.421219989 7 
0.1071 4.293309949 1.517978466 8 
0.1078 4.293525686 1.518143451 8 
0.1085 3.738575236 1.413154457 7 
0.1092 6.442591011 1.859872554 12 
0.1099 5.904036291 1.780228481 11 
0.1106 3.771122371 1.425543147 7 
0.1113 3.754581075 1.41914224 7 
0.112 6.43753685 1.858519038 12 
0.1127 3.210521111 1.310733751 6 
0.1134 3.237629416 1.321846883 6 
0.1141 2.677187511 1.197292862 5 
0.1148 1.071945653 0.7579992022 2 
0.1155 3.792623642 1.433570364 7 
0.1162 3.765576227 1.423384673 7 
0.1169 4.30419319 1.521859226 8 
0.1176 2.154737608 1.077405104 4 
0.1183 4.325965753 1.529589831 8 
0.119 2.165569711 1.082803111 4 
0.1197 2.682569227 1.199699607 5 
0.1204 5.904243068 1.780363601 11 
0.1211 2.154790672 1.077467945 4 
0.1218 1.605287615 0.9268752856 3 
0.1225 2.165624624 1.082867591 4 
0.1232 4.309424882 1.523633779 8 
0.1239 2.693406544 1.204558464 5 
0.1246 2.666565195 1.192615523 5 
0.1253 0 0 0 
0.126 2.149300506 1.074663774 4 
0.1267 2.693351464 1.204503392 5 
0.1274 2.704239676 1.209391125 5 
0.1281 0.5441125953 0.5441125953 1 
0.1288 1.082780241 0.7656606268 2 
0.1295 1.599899185 0.9237489129 3 
0.1302 0 0 0 
0.1309 2.149398142 1.074784518 4 
0.1316 0.5332801918 0.5332801918 1 
0.1323 1.62145473 0.9361631512 3 
0.133 2.154843772 1.077529778 4 
0.1337 2.149401587 1.074786183 4 
0.1344 1.621503835 0.9362383694 3 
0.1351 1.071954147 0.758005197 2 
0.1358 2.165620814 1.082864643 4 
0.1365 1.616005869 0.9330014237 3 
0.1372 2.133178041 1.066624995 4 
0.1379 0.5386695646 0.5386695646 1 
0.1386 0.5496125255 0.5496125255 1 
0.1393 1.605501661 0.9271900294 3 
0.14 1.088283326 0.7696102896 2 
0.1407 1.610679823 0.929989526 3 
0.1414 2.149461196 1.074854648 4 
0.1421 0 0 0 
0.1428 0 0 0 
0.1435 1.066563947 0.7541745992 2 
0.1442 1.077394294 0.7619098498 2 
0.1449 0 0 0 
0.1456 0.5332832078 0.5332832078 1 
0.1463 1.077342486 0.7617961775 2 
0.147 0.5332811034 0.5332811034 1 
0.1477 0 0 0 
0.1484 0.5332813721 0.5332813721 1 
0.1491 0 0 0 
0.1498 0.5279427235 0.5279427235 1 
0.1505 1.0827821 0.7656619206 2 
0.1512 0.5279457573 0.5279457573 1 
0.1519 2.160234607 1.080204363 4 
0.1526 0 0 0 
0.1533 0 0 0 
0.154 0.5332807714 0.5332807714 1 
0.1547 0 0 0 
0.1554 0.5332829074 0.5332829074 1 
0.1561 0 0 0 
0.1568 0.5386668557 0.5386668557 1 
0.1575 0 0 0 
0.1582 0 0 0 
0.1589 0.5441144413 0.5441144413 1 
0.1596 0 0 0 
0.1603 0 0 0 
0.161 0.5441148783 0.5441148783 1 
0.1617 1.071953722 0.7580049101 2 
0.1624 0 0 0 
0.1631 0 0 0 
0.1638 0.5386688498 0.5386688498 1 
0.1645 0 0 0 
0.1652 0 0 0 
0.1659 0.5386709228 0.5386709228 1 
0.1666 0 0 0 
0.1673 0 0 0 
0.168 0.5332813762 0.5332813762 1 
0.1687 0 0 0 
0.1694 0 0 0 
0.1701 0 0 0 
0.1708 0 0 0 
0.1715 0 0 0 
0.1722 0 0 0 
0.1729 0 0 0 
0.1736 0 0 0 
0.1743 0.5332817353 0.5332817353 1 
0.175 0 0 0 
0.1757 0 0 0 
0.1764 0 0 0 
0.1771 0.5332808847 0.5332808847 1 
0.1778 0 0 0 
0.1785 0 0 0 
0.1792 0 0 0 
0.1799 0 0 0 
0.1806 0 0 0 
0.1813 0.5441146821 0.5441146821 1 
0.182 0 0 0 
0.1827 0 0 0 
0.1834 0 0 0 
0.1841 0 0 0 
0.1848 0 0 0 
0.1855 0 0 0 
0.1862 0 0 0 
0.1869 0 0 0 
0.1876 0.5386731308 0.5386731308 1 
0.1883 0 0 0 
0.189 0 0 0 
0.1897 0 0 0 
0.1904 0 0 0 
0.1911 0 0 0 
0.1918 0 0 0 
0.1925 0 0 0 
0.1932 0 0 0 
0.1939 0 0 0 
0.1946 0 0 0 
0.1953 0 0 0 
0.196 0 0 0 
0.1967 0 0 0 
0.1974 0 0 0 
0.1981 0 0 0 
0.1988 0 0 0 
0.1995 0 0 0 
0.2002 0 0 0 
0.2009 0 0 0 
0.2016 0 0 0 
0.2023 0 0 0 
0.203 0 0 0 
0.2037 0 0 0 
0.2044 0 0 0 
0.2051 0 0 0 
0.2058 0 0 0 
0.2065 0 0 0 
0.2072 0 0 0 
0.2079 0 0 0 
0.2086 0 0 0 
0.2093 0 0 0 
0.21 0 0 0 
0.2107 0 0 0 
0.2114 0 0 0 
0.2121 0 0 0 
0.2128 0 0 0 
0.2135 0 0 0 
0.2142 0 0 0 
0.2149 0 0 0 
0.2156 0 0 0 
0.2163 0 0 0 
0.217 0 0 0 
0.2177 0 0 0 
0.2184 0 0 0 
0.2191 0 0 0 
0.2198 0 0 0 
0.2205 0 0 0 
0.2212 0 0 0 
0.2219 0 0 0 
0.2226 0 0 0 
0.2233 0 0 0 
0.224 0 0 0 
0.2247 0 0 0 
0.2254 0 0 0 
0.2261 0 0 0 
0.2268 0 0 0 
0.2275 0 0 0 
0.2282 0 0 0 
0.2289 0 0 0 
0.2296 0 0 0 
0.2303 0 0 0 
0.231 0 0 0 
0.2317 0 0 0 
0.2324 0 0 0 
0.2331 0 0 0 
0.2338 0 0 0 
0.2345 0 0 0 
0.2352 0 0 0 
0.2359 0 0 0 
0.2366 0 0 0 
0.2373 0 0 0 
0.238 0 0 0 
0.2387 0 0 0 
0.2394 0 0 0 
0.2401 0 0 0 
0.2408 0 0 0 
0.2415 0 0 0 
0.2422 0 0 0 
0.2429 0 0 0 
0.2436 0 0 0 
0.2443 0 0 0 
0.245 0 0 0 
0.2457 0 0 0 
0.2464 0 0 0 
0.2471 0 0 0 
0.2478 0 0 0 
0.2485 0 0 0 
0.2492 0 0 0 
0.2499 0 0 0 
0.2506 0 0 0 
0.2513 0 0 0 
0.252 0 0 0 
0.2527 0 0 0 
0.2534 0 0 0 
0.2541 0 0 0 
0.2548 0 0 0 
0.2555 0 0 0 
0.2562 0 0 0 
0.2569 0 0 0 
0.2576 0 0 0 
0.2583 0 0 0 
0.259 0 0 0 
0.2597 0 0 0 
0.2604 0 0 0 
0.2611 0 0 0 
0.2618 0 0 0 
0.2625 0 0 0 
0.2632 0 0 0 
0.2639 0 0 0 
0.2646 0 0 0 
0.2653 0 0 0 
0.266 0 0 0 
0.2667 0 0 0 
0.2674 0 0 0 
0.2681 0 0 0 
0.2688 0 0 0 
0.2695 0 0 0 
0.2702 0 0 0 
0.2709 0 0 0 
0.2716 0 0 0 
0.2723 0 0 0 
0.273 0 0 0 
0.2737 0 0 0 
0.2744 0 0 0 
0.2751 0 0 0 
0.2758 0 0 0 
0.2765 0 0 0 
0.2772 0 0 0 
0.2779 0 0 0 
0.2786 0 0 0 
0.2793 0 0 0 
0.28 0 0 0 
0.2807 0 0 0 
0.2814 0 0 0 
0.2821 0 0 0 
0.2828 0 0 0 
0.2835 0 0 0 
0.2842 0 0 0 
0.2849 0 0 0 
0.2856 0 0 0 
0.2863 0 0 0 
0.287 0 0 0 
0.2877 0 0 0 
0.2884 0 0 0 
0.2891 0 0 0 
0.2898 0 0 0 
0.2905 0 0 0 
0.2912 0 0 0 
0.2919 0 0 0 
0.2926 0 0 0 
0.2933 0 0 0 
0.294 0 0 0 
0.2947 0 0 0 
0.2954 0 0 0 
0.2961 0 0 0 
0.2968 0 0 0 
0.2975 0 0 0 
0.2982 0 0 0 
0.2989 0 0 0 
0.2996 0 0 0 
0.3003 0 0 0 
0.301 0 0 0 
0.3017 0 0 0 
0.3024 0 0 0 
0.3031 0 0 0 
0.3038 0 0 0 
0.3045 0 0 0 
0.3052 0 0 0 
0.3059 0 0 0 
0.3066 0 0 0 
0.3073 0 0 0 
0.308 0 0 0 
0.3087 0 0 0 
0.3094 0 0 0 
0.3101 0 0 0 
0.3108 0 0 0 
0.3115 0 0 0 
0.3122 0 0 0 
0.3129 0 0 0 
0.3136 0 0 0 
0.3143 0 0 0 
0.315 0 0 0 
0.3157 0 0 0 
0.3164 0 0 0 
0.3171 0 0 0 
0.3178 0 0 0 
0.3185 0 0 0 
0.3192 0 0 0 
0.3199 0 0 0 
0.3206 0 0 0 
0.3213 0 0 0 
0.322 0 0 0 
0.3227 0 0 0 
0.3234 0 0 0 
0.3241 0 0 0 
0.3248 0 0 0 
0.3255 0 0 0 
0.3262 0 0 0 
0.3269 0 0 0 
0.3276 0 0 0 
0.3283 0 0 0 
0.329 0 0 0 
0.3297 0 0 0 
0.3304 0 0 0 
0.3311 0 0 0 
0.3318 0 0 0 
0.3325 0 0 0 
0.3332 0 0 0 
0.3339 0 0 0 
0.3346 0 0 0 
0.3353 0 0 0 
0.336 0 0 0 
0.3367 0 0 0 
0.3374 0 0 0 
0.3381 0 0 0 
0.3388 0 0 0 
0.3395 0 0 0 
0.3402 0 0 0 
0.3409 0 0 0 
0.3416 0 0 0 
0.3423 0 0 0 
0.343 0 0 0 
0.3437 0 0 0 
0.3444 0 0 0 
0.3451 0 0 0 
0.3458 0 0 0 
0.3465 0 0 0 
0.3472 0 0 0 
0.3479 0 0 0 
0.3486 0 0 0 
0.3493 0 0 0 
0.35 0 0 0 
