# Format: McCode with text headers
# URL: http://www.mccode.org
# Creator: McStas 2.5 - Feb. 24, 2020
# Instrument: /zhome/89/0/38697/once/McStas-2.5_CPU_MPICC/PSI_DMC_simple/PSI_DMC_simple.instr
# Ncount: 1000000
# Trace: no
# Gravitation: no
# Seed: 1582679529
# Directory: 1
# Nodes: 10
# Param: lambda=2.5666
# Param: R=0.87
# Param: R_curve=0.87
# Param: filename=Na2Ca3Al2F14.laz
# Param: D_PHI=6
# Param: SHIFT=0
# Param: PACK=0.7
# Param: Dw=0.8
# Param: BARNS=1
# Date: Tue Feb 25 21:30:40 2020 (1582662640)
# type: array_1d(400)
# Source: PSI_DMC (/zhome/89/0/38697/once/McStas-2.5_CPU_MPICC/PSI_DMC_simple/PSI_DMC_simple.instr)
# component: Detector
# position: 1.99381 0 51.0721
# title: Longitude [deg] monitor
# Ncount: 10000000
# filename: detector.dat
# statistics: X0=72.9199; dX=17.2171;
# signal: Min=0; Max=33.448; Mean=1.99491;
# values: 797.964 30.2425 3461
# xvar: th
# yvar: (I,I_err)
# xlabel: Longitude [deg]
# ylabel: Intensity [n/s/bin]
# xlimits: 19.9 99.9
# variables: th I I_err N
20 0.2392344669 0.1150733516 13 
20.2 1.650213744 0.3512251235 39 
20.4 1.942847841 0.3893151211 39 
20.6 0.5975820078 0.1892725084 22 
20.8 0.002390294203 0.002616722693 3 
21 0 0 0 
21.2 0 0 0 
21.4 0 0 0 
21.6 0 0 0 
21.8 0 0 0 
22 0 0 0 
22.2 0 0 0 
22.4 0 0 0 
22.6 0 0 0 
22.8 0 0 0 
23 0 0 0 
23.2 0 0 0 
23.4 0 0 0 
23.6 0 0 0 
23.8 0 0 0 
24 0 0 0 
24.2 0 0 0 
24.4 0 0 0 
24.6 0 0 0 
24.8 0 0 0 
25 0 0 0 
25.2 0 0 0 
25.4 0 0 0 
25.6 0 0 0 
25.8 0 0 0 
26 0 0 0 
26.2 0 0 0 
26.4 0 0 0 
26.6 0 0 0 
26.8 0 0 0 
27 0 0 0 
27.2 0 0 0 
27.4 0 0 0 
27.6 0 0 0 
27.8 0 0 0 
28 0 0 0 
28.2 0 0 0 
28.4 1.291162994e-07 9.894812918e-08 6 
28.6 0.8268856479 0.4413209578 16 
28.8 5.224450086 1.184650192 34 
29 8.03267113 1.631635601 32 
29.2 3.861425422 1.068934073 27 
29.4 0.002216413961 0.001916730627 7 
29.6 0 0 0 
29.8 0 0 0 
30 0 0 0 
30.2 0 0 0 
30.4 0 0 0 
30.6 0 0 0 
30.8 0 0 0 
31 0 0 0 
31.2 0 0 0 
31.4 0 0 0 
31.6 0 0 0 
31.8 0 0 0 
32 0 0 0 
32.2 0 0 0 
32.4 0 0 0 
32.6 0 0 0 
32.8 0 0 0 
33 0 0 0 
33.2 0 0 0 
33.4 0 0 0 
33.6 0 0 0 
33.8 0 0 0 
34 0 0 0 
34.2 0 0 0 
34.4 0 0 0 
34.6 0 0 0 
34.8 0 0 0 
35 5.7478617e-69 5.7478617e-69 1 
35.2 2.786444125e-15 2.922447253e-15 10 
35.4 2.759855758 0.9989187393 23 
35.6 11.24717382 2.286143714 35 
35.8 11.54565457 2.207861767 45 
36 1.497048261 0.7815437625 18 
36.2 1.944754095e-24 2.174301178e-24 4 
36.4 0 0 0 
36.6 0 0 0 
36.8 0 0 0 
37 0 0 0 
37.2 0 0 0 
37.4 0 0 0 
37.6 0 0 0 
37.8 0 0 0 
38 0 0 0 
38.2 0 0 0 
38.4 0 0 0 
38.6 0 0 0 
38.8 0 0 0 
39 0 0 0 
39.2 0 0 0 
39.4 0 0 0 
39.6 0 0 0 
39.8 0 0 0 
40 0 0 0 
40.2 0 0 0 
40.4 0 0 0 
40.6 0 0 0 
40.8 1.039261737e-76 1.039261737e-76 1 
41 0.03024400102 0.03129739827 14 
41.2 7.162965486 2.41175689 23 
41.4 22.75898712 4.428406564 31 
41.6 13.81018561 3.397511298 21 
41.8 2.539339721 1.244736721 18 
42 5.201257699e-22 5.48258987e-22 9 
42.2 5.147358412e-68 5.147358412e-68 1 
42.4 0 0 0 
42.6 0 0 0 
42.8 0 0 0 
43 0 0 0 
43.2 0 0 0 
43.4 0 0 0 
43.6 0 0 0 
43.8 0 0 0 
44 0 0 0 
44.2 0 0 0 
44.4 0 0 0 
44.6 0 0 0 
44.8 0 0 0 
45 0 0 0 
45.2 0 0 0 
45.4 0 0 0 
45.6 0 0 0 
45.8 6.976140778e-151 6.976140778e-151 1 
46 6.534469361e-08 6.408622738e-08 14 
46.2 0.3323811348 0.1651176365 35 
46.4 2.145888473 0.443318524 46 
46.6 3.005009748 0.5812521029 48 
46.8 2.59376929 0.5065266739 52 
47 0.3806521429 0.2041484909 31 
47.2 1.489214644e-10 1.435497016e-10 17 
47.4 1.843527912e-105 1.843527912e-105 1 
47.6 0 0 0 
47.8 0 0 0 
48 0 0 0 
48.2 0 0 0 
48.4 0 0 0 
48.6 0 0 0 
48.8 0 0 0 
49 0 0 0 
49.2 0 0 0 
49.4 0 0 0 
49.6 0 0 0 
49.8 0 0 0 
50 0 0 0 
50.2 0 0 0 
50.4 0 0 0 
50.6 1.170923823e-69 1.309132633e-69 4 
50.8 0.0004588386209 0.0004955054592 6 
51 0.6937915712 0.3318799354 11 
51.2 4.204393511 0.9385445964 26 
51.4 4.559127012 1.030372325 23 
51.6 1.517227459 0.5528613741 16 
51.8 0.3094797247 0.2415975685 16 
52 3.659505903e-20 4.008787865e-20 5 
52.2 0 0 0 
52.4 0 0 0 
52.6 0 0 0 
52.8 0 0 0 
53 0 0 0 
53.2 0 0 0 
53.4 0 0 0 
53.6 0 0 0 
53.8 0 0 0 
54 0 0 0 
54.2 0 0 0 
54.4 0 0 0 
54.6 0 0 0 
54.8 0 0 0 
55 3.096848362e-40 3.344978536e-40 6 
55.2 5.720415612e-06 4.147943832e-06 20 
55.4 0.2853900193 0.1529353483 20 
55.6 3.934595999 0.7936150805 40 
55.8 6.168722433 1.131835909 46 
56 6.263719628 1.055756028 50 
56.2 1.239301804 0.4552525159 26 
56.4 0.001829910935 0.001126275046 18 
56.6 7.189275722e-26 7.685659032e-26 7 
56.8 4.567571913e-92 4.567571913e-92 1 
57 0 0 0 
57.2 0 0 0 
57.4 0 0 0 
57.6 0 0 0 
57.8 0 0 0 
58 0 0 0 
58.2 0 0 0 
58.4 0 0 0 
58.6 0 0 0 
58.8 0 0 0 
59 0 0 0 
59.2 1.950593634e-66 1.950593634e-66 1 
59.4 0.302008201 0.3228603475 7 
59.6 1.375408547 0.5543884632 19 
59.8 3.447376781 0.986506159 16 
60 7.086439784 1.540666308 26 
60.2 3.940833528 1.176077071 16 
60.4 2.348714619 0.8259606661 18 
60.6 0.05103310464 0.04748838044 10 
60.8 3.607502324e-12 3.951566682e-12 5 
61 4.71333412e-128 4.71333412e-128 1 
61.2 0 0 0 
61.4 0 0 0 
61.6 0 0 0 
61.8 0 0 0 
62 0 0 0 
62.2 0 0 0 
62.4 0 0 0 
62.6 0 0 0 
62.8 0 0 0 
63 0 0 0 
63.2 1.027846969e-64 1.125949939e-64 5 
63.4 6.903762842e-22 7.240932901e-22 9 
63.6 1.012054925 0.5884319503 29 
63.8 4.800432564 1.754560629 29 
64 15.62869939 3.301762366 51 
64.2 10.51933136 2.619167795 42 
64.4 11.01411511 2.777507188 44 
64.6 1.32386647 0.8751215736 24 
64.8 2.383196658e-10 1.832922879e-10 21 
65 4.644043161e-72 5.087294394e-72 5 
65.2 0 0 0 
65.4 0 0 0 
65.6 0 0 0 
65.8 0 0 0 
66 0 0 0 
66.2 0 0 0 
66.4 0 0 0 
66.6 0 0 0 
66.8 0 0 0 
67 2.795811849e-148 3.424142752e-148 2 
67.2 7.916449194e-18 8.463040173e-18 7 
67.4 0.3895738504 0.3978630789 23 
67.6 5.34422386 1.473599238 30 
67.8 12.51006957 2.514813025 29 
68 11.73415041 2.397301519 32 
68.2 14.28139693 2.541766976 42 
68.4 10.20354106 2.157237003 34 
68.6 0.2397115061 0.1763430866 22 
68.8 0.08411377069 0.08670248987 16 
69 0 0 0 
69.2 0 0 0 
69.4 0 0 0 
69.6 0 0 0 
69.8 0 0 0 
70 0 0 0 
70.2 0 0 0 
70.4 0 0 0 
70.6 0 0 0 
70.8 2.324318603e-131 2.324318603e-131 1 
71 4.571718734e-47 5.278966083e-47 3 
71.2 0.01308953143 0.01433846773 5 
71.4 14.07267083 5.816667745 10 
71.6 33.44795587 9.198388276 16 
71.8 28.59249977 8.451111605 16 
72 30.04030808 8.540631343 15 
72.2 26.57691467 7.858984962 17 
72.4 7.85670718 4.701230582 9 
72.6 5.092017617e-10 5.693048767e-10 4 
72.8 7.600625314e-31 8.125410156e-31 7 
73 0 0 0 
73.2 0 0 0 
73.4 0 0 0 
73.6 0 0 0 
73.8 0 0 0 
74 0 0 0 
74.2 0 0 0 
74.4 2.608263305e-143 2.608263305e-143 1 
74.6 3.842495933e-19 3.842495933e-19 1 
74.8 4.498950011e-15 5.19494e-15 3 
75 0.1373688779 0.08228140813 13 
75.2 0.4512697287 0.1454769492 12 
75.4 0.5781347556 0.159576068 17 
75.6 0.5887218691 0.1644163518 16 
75.8 0.3734428534 0.1290674915 13 
76 0.286802976 0.1158748296 8 
76.2 4.574887872e-09 3.705373485e-09 5 
76.4 1.462526904e-16 1.688780603e-16 3 
76.6 2.812985345e-85 2.812985345e-85 1 
76.8 0 0 0 
77 0 0 0 
77.2 0 0 0 
77.4 0 0 0 
77.6 0 0 0 
77.8 0 0 0 
78 3.418914274e-132 3.418914274e-132 1 
78.2 5.758010342e-30 6.302052494e-30 5 
78.4 1.436786085e-05 1.464155898e-05 26 
78.6 3.760824288 2.245619039 51 
78.8 12.1221097 3.403549765 50 
79 24.59586678 5.519634329 69 
79.2 23.02453521 4.893731044 57 
79.4 27.33038983 5.336755521 71 
79.6 32.33309356 6.211319628 71 
79.8 12.22907809 3.626738245 52 
80 1.01492097 0.7497605051 53 
80.2 2.980918349e-10 1.95639526e-10 35 
80.4 9.233153353e-47 1.032297927e-46 4 
80.6 0 0 0 
80.8 0 0 0 
81 0 0 0 
81.2 0 0 0 
81.4 0 0 0 
81.6 0 0 0 
81.8 0 0 0 
82 0 0 0 
82.2 0 0 0 
82.4 0 0 0 
82.6 0 0 0 
82.8 0 0 0 
83 0 0 0 
83.2 0 0 0 
83.4 0 0 0 
83.6 0 0 0 
83.8 0 0 0 
84 0 0 0 
84.2 0 0 0 
84.4 0 0 0 
84.6 0 0 0 
84.8 0 0 0 
85 0 0 0 
85.2 2.054071455e-82 2.054071455e-82 1 
85.4 1.32815274e-40 1.484908314e-40 4 
85.6 3.188001934e-05 2.329115439e-05 15 
85.8 0.8766096363 0.6532077983 12 
86 15.86538043 4.316409027 20 
86.2 18.23121938 4.473356564 25 
86.4 15.90200314 4.064286132 26 
86.6 22.08318545 5.231561286 24 
86.8 24.07134847 5.382585149 29 
87 19.98704552 4.666120235 26 
87.2 6.419350051 2.586106054 26 
87.4 0.08543684909 0.08021222329 13 
87.6 3.553957648e-39 4.10375681e-39 3 
87.8 2.052717612e-75 2.052717612e-75 1 
88 0 0 0 
88.2 0 0 0 
88.4 0 0 0 
88.6 0 0 0 
88.8 0 0 0 
89 1.894149462e-59 2.117723477e-59 4 
89.2 0.007123476331 0.007595336287 7 
89.4 8.495732803 3.802190872 17 
89.6 7.182354789 3.188464638 12 
89.8 10.66021591 3.950134271 8 
90 20.13099697 5.646668934 18 
90.2 12.29289259 4.327288898 9 
90.4 22.86177823 5.78985696 19 
90.6 9.973992811 3.963766472 11 
90.8 9.945282087 4.171397521 13 
91 0.2500923071 0.1976930501 10 
91.2 4.157694161e-09 4.490822961e-09 6 
91.4 0 0 0 
91.6 0 0 0 
91.8 0 0 0 
92 0 0 0 
92.2 0 0 0 
92.4 2.136467105e-30 2.046228304e-30 9 
92.6 3.863292329e-06 3.861656509e-06 17 
92.8 0.1319462145 0.07608055789 31 
93 0.7046997641 0.2557366916 35 
93.2 1.474154523 0.3952923257 28 
93.4 1.646530443 0.4150398978 36 
93.6 2.127878184 0.4900238866 36 
93.8 2.112006401 0.5093082793 37 
94 1.732505263 0.454460446 33 
94.2 1.900242589 0.4755850849 33 
94.4 0.5993570666 0.2437330704 27 
94.6 0.1704343875 0.1686317542 27 
94.8 0.002159015344 0.002207233546 16 
95 7.344498007e-44 7.932964524e-44 6 
95.2 0 0 0 
95.4 0 0 0 
95.6 0 0 0 
95.8 1.776181408e-156 1.776181408e-156 1 
96 3.795116266e-28 4.157341574e-28 5 
96.2 8.537230256e-10 7.181981158e-10 13 
96.4 0.6000150454 0.4211974442 18 
96.6 1.877558582 0.7350593505 18 
96.8 3.905051659 1.082115589 24 
97 2.854835949 0.9463213926 16 
97.2 4.508952613 1.169365443 26 
97.4 5.603270255 1.37697237 29 
97.6 4.403956151 1.177669898 22 
97.8 3.619995801 1.054585574 22 
98 1.55441798 0.6099011371 20 
98.2 0.6813335679 0.5231885308 18 
98.4 2.493014492e-08 1.821928727e-08 18 
98.6 3.481942013e-36 3.690851482e-36 8 
98.8 3.01722926e-96 3.475151761e-96 3 
99 0 0 0 
99.2 0 0 0 
99.4 6.664299011e-85 7.695269656e-85 3 
99.6 5.416576366e-22 5.606689182e-22 14 
99.8 0.0001119799422 5.422516907e-05 19 
