# Format: McCode with text headers
# URL: http://www.mccode.org
# Creator: McStas 2.5 - Feb. 24, 2020
# Instrument: /zhome/89/0/38697/once/McStas-2.5_CPU_MPICC/PSI_DMC_simple/PSI_DMC_simple.instr
# Ncount: 1000000
# Trace: no
# Gravitation: no
# Seed: 1582679529
# Directory: 1
# Nodes: 10
# Param: lambda=2.5666
# Param: R=0.87
# Param: R_curve=0.87
# Param: filename=Na2Ca3Al2F14.laz
# Param: D_PHI=6
# Param: SHIFT=0
# Param: PACK=0.7
# Param: Dw=0.8
# Param: BARNS=1
# Date: Tue Feb 25 21:30:40 2020 (1582662640)
# type: array_1d(128)
# Source: PSI_DMC (/zhome/89/0/38697/once/McStas-2.5_CPU_MPICC/PSI_DMC_simple/PSI_DMC_simple.instr)
# component: lambda_sample
# position: 1.98674 0 51.065
# title: Wavelength monitor
# Ncount: 10000000
# filename: L_sample.dat
# statistics: X0=2.56667; dX=0.00901038;
# signal: Min=0; Max=238098; Mean=15774.2;
# values: 2.0191e+06 17577.1 24682
# xvar: L
# yvar: (I,I_err)
# xlabel: Wavelength [AA]
# ylabel: Intensity
# xlimits: 2.3666 2.7666
# variables: L I I_err N
2.3681625 0 0 0 
2.3712875 0 0 0 
2.3744125 0 0 0 
2.3775375 0 0 0 
2.3806625 0 0 0 
2.3837875 0 0 0 
2.3869125 0 0 0 
2.3900375 0 0 0 
2.3931625 0 0 0 
2.3962875 0 0 0 
2.3994125 0 0 0 
2.4025375 0 0 0 
2.4056625 0 0 0 
2.4087875 0 0 0 
2.4119125 0 0 0 
2.4150375 0 0 0 
2.4181625 0 0 0 
2.4212875 0 0 0 
2.4244125 0 0 0 
2.4275375 0 0 0 
2.4306625 0 0 0 
2.4337875 0 0 0 
2.4369125 0 0 0 
2.4400375 0 0 0 
2.4431625 0 0 0 
2.4462875 0 0 0 
2.4494125 0 0 0 
2.4525375 0 0 0 
2.4556625 0 0 0 
2.4587875 0 0 0 
2.4619125 0 0 0 
2.4650375 0 0 0 
2.4681625 0 0 0 
2.4712875 0 0 0 
2.4744125 0 0 0 
2.4775375 0 0 0 
2.4806625 0 0 0 
2.4837875 0 0 0 
2.4869125 0 0 0 
2.4900375 0 0 0 
2.4931625 0 0 0 
2.4962875 0 0 0 
2.4994125 0 0 0 
2.5025375 0 0 0 
2.5056625 0 0 0 
2.5087875 0 0 0 
2.5119125 0 0 0 
2.5150375 0 0 0 
2.5181625 0 0 0 
2.5212875 0 0 0 
2.5244125 0 0 0 
2.5275375 0 0 0 
2.5306625 0 0 0 
2.5337875 0 0 0 
2.5369125 0 0 0 
2.5400375 0 0 0 
2.5431625 1291.936864 432.9313123 897 
2.5462875 14985.70814 1462.543237 1127 
2.5494125 56652.61485 2917.561897 1405 
2.5525375 109277.5598 4076.528811 1555 
2.5556625 152638.4736 4828.512434 1673 
2.5587875 203387.7869 5567.046625 1776 
2.5619125 226904.8189 5876.075279 1870 
2.5650375 232141.7994 5981.279811 1815 
2.5681625 238097.8075 6032.627437 1864 
2.5712875 231377.9858 5974.531633 1889 
2.5744125 211156.7546 5715.557344 1866 
2.5775375 161690.9237 5002.155322 1739 
2.5806625 110253.2635 4125.269776 1648 
2.5837875 51297.559 2776.542036 1376 
2.5869125 16392.31202 1508.395941 1217 
2.5900375 1554.712309 402.2529473 965 
2.5931625 0 0 0 
2.5962875 0 0 0 
2.5994125 0 0 0 
2.6025375 0 0 0 
2.6056625 0 0 0 
2.6087875 0 0 0 
2.6119125 0 0 0 
2.6150375 0 0 0 
2.6181625 0 0 0 
2.6212875 0 0 0 
2.6244125 0 0 0 
2.6275375 0 0 0 
2.6306625 0 0 0 
2.6337875 0 0 0 
2.6369125 0 0 0 
2.6400375 0 0 0 
2.6431625 0 0 0 
2.6462875 0 0 0 
2.6494125 0 0 0 
2.6525375 0 0 0 
2.6556625 0 0 0 
2.6587875 0 0 0 
2.6619125 0 0 0 
2.6650375 0 0 0 
2.6681625 0 0 0 
2.6712875 0 0 0 
2.6744125 0 0 0 
2.6775375 0 0 0 
2.6806625 0 0 0 
2.6837875 0 0 0 
2.6869125 0 0 0 
2.6900375 0 0 0 
2.6931625 0 0 0 
2.6962875 0 0 0 
2.6994125 0 0 0 
2.7025375 0 0 0 
2.7056625 0 0 0 
2.7087875 0 0 0 
2.7119125 0 0 0 
2.7150375 0 0 0 
2.7181625 0 0 0 
2.7212875 0 0 0 
2.7244125 0 0 0 
2.7275375 0 0 0 
2.7306625 0 0 0 
2.7337875 0 0 0 
2.7369125 0 0 0 
2.7400375 0 0 0 
2.7431625 0 0 0 
2.7462875 0 0 0 
2.7494125 0 0 0 
2.7525375 0 0 0 
2.7556625 0 0 0 
2.7587875 0 0 0 
2.7619125 0 0 0 
2.7650375 0 0 0 
